,job895_scenario4_2257,
in27,0.430228196384766,
B14,0.15157564808124718,
B11,0.09332000153313924,
cn12,0.0,
B54,0.1902099555812872,
B51,0.04980828522219155,
os4,0.12000912040173944,
