,job670_scenario1_1396,job672_scenario2_1399,
in27,0.37743472405891976,0.4228595710274343,
B14,0.8713295249548842,0.9913386453566235,
B11,0.3842252635273943,0.4228595710274343,
cn12,0.0,0.06283220982221605,
B54,0.8215212397326925,0.902896052634392,
