,job452_scenario0_884,job459_scenario0_899,job461_scenario0_905,job462_scenario0_907,job463_scenario0_908,job464_scenario3_909,job466_scenario3_914,job467_scenario1_915,job469_scenario2_917,job470_scenario2_920,job471_scenario0_922,
in27,0.043511716310947635,0.013324770136823871,0.027761175314687803,0.027761175314687803,0.00653423066834935,0.26041079076083495,0.21060250553864335,0.14040167035909557,0.10176736285905552,0.15546652110123393,0.0,
B14,0.4275015799885307,0.39774801717677566,0.4386755577106823,0.4386755577106823,0.4170052413422405,0.7173281060142012,0.5973189856124618,0.5973189856124618,0.7173281060142012,0.5706298667438616,0.4071090300311746,
B11,0.3646693701663145,0.38041991116257445,0.38041991116257445,0.3502329649884507,0.3888672724884906,0.7173281060142012,0.6675198207920096,0.4386755577106823,0.5475107003902702,0.5271181504329139,0.3888672724884906,
