,job831_scenario3_1855,job833_scenario0_1859,job834_scenario1_1860,job835_scenario1_1862,
in27,0.8169446764585844,0.4017813308159567,0.5067256004755578,0.4928672811865508,
B14,0.6583012485568049,0.4464209766070759,0.6583012485568049,0.5769264356551056,
B11,0.29827388735158666,0.0,0.19650652449253114,0.1617630900124779,
