,job17_scenario2_42,job18_scenario2_43,job23_scenario1_51,job25_scenario1_55,job26_scenario1_56,job29_scenario1_60,job31_scenario1_63,job32_scenario0_64,job34_scenario1_68,job37_scenario1_77,job38_scenario0_78,job39_scenario3_79,
in27,0.09523313219070617,0.16543396737025395,0.10717832082214607,0.12000912040173939,0.09523313219070617,0.16543396737025395,0.16543396737025395,0.0,0.12000912040173939,0.09523313219070617,0.006790539468474521,0.3738856804942251,
B14,0.5640956360755123,0.5640956360755123,0.537406517206912,0.5640956360755123,0.4938948008959644,0.5142873508533206,0.47565304335328057,0.36452466763982616,0.5640956360755123,0.4938948008959644,0.383781891805291,0.5640956360755123,
B11,0.2538765600924857,0.28544308777199334,0.268941410834624,0.28544308777199334,0.268941410834624,0.34719656162562496,0.268941410834624,0.1338674396907461,0.3240773952720335,0.3240773952720335,0.14893229043288458,0.4938948008959644,
