tickNumber,in27,B14,B11,cn12,B54,B51,os4,in4,B33,
0,,,,,,,,,,
1,,,,,|1_1_4_0_,,,,,
2,,,,,|2_2_4_1_,,,,,
3,,,,,,,,,,
4,,,,,,,,,,
5,,,,,,,,,,
6,,,,,|5_6_4_2_,,,,,
7,,,,,,,,,,
8,,,,,,,,,,
9,,,,,,,,,,
10,,,,,,,,,,
11,,,,,|8_11_4_3_,|11_11_5_5_,,,,
12,,,|10_12_2_4_,,,,,,,
13,,,,,,,,,,
14,,,,,,,,,,
15,,,,,,,,,,
16,,,,,,,,,,
17,,,,,,,,,,
18,,,,,|13_18_4_6_,,,,,
19,,,,,,,|17_19_6_7_,,,
20,,,,,,,|18_20_6_8_,,,
21,,,,,,,,,,
22,,,,,,,,,|21_22_8_10_,
23,,,,,,,,,|23_23_8_11_,
24,,,,,,|24_24_5_12_,,,,
25,,,,,|19_25_4_9_,,,,,
26,,,,,,,,,,
27,,,,,,,,,,
28,,,,,,,,,,
29,,,,,,,,,,
30,,,,,,,,,,
31,,,,,,,,,,
32,,,,,,,,,,
33,,,,,,,,,,
34,,,,,,,,,,
35,,,,,|34_35_4_13_,,,,|35_35_8_14_,
36,,,,,,,,,,
37,,,,,,,,,,
38,,,,,|37_38_4_15_,,,,,
39,,,,,,,,,,
40,,,,,,,,,,
41,,,,,,,,,,
42,,,,,,,,,|42_42_8_17_,
43,,,,,,,,,|43_43_8_18_,
44,,,,,,,,,,
45,,,,,,,,,,
46,,,,,,,,,,
47,,,,,|45_47_4_19_,,,,,
48,,,,,,,,,,
49,,,|47_49_2_20_,,,,,,,
50,,,|48_50_2_21_,,,,,,,
51,,,,,,,,,,
52,,,,,,,,,|52_52_8_24_,
53,,,,,,,,,,
54,,,,,,,,,,
55,,,,,,,,,,
56,,,,,,,,,,
57,,,,,|49_57_4_22_,,,,,
58,,,,,,,,,,
59,,,,,,,,,,
60,,,|57_60_2_27_,,|51_60_4_23_,,,,,
61,,,|58_61_2_28_,,,,,,,
62,,,,,,,,,,
63,,|63_63_1_31_,,,,,,,,
64,,,,,,,,,,
65,,,,,|55_65_4_25_,,,,,
66,,,,,|56_66_4_26_,,,,,
67,,,,,,,,,,
68,,,,,,,,,,
69,,,,,|68_69_4_34_,,|65_69_6_33_,,,
70,,,,,,,,,,
71,,,,,|60_71_4_29_,,,,,
72,,,,,,,,,,
73,,,,,|62_73_4_30_,,,,,
74,,,,,,,,,,
75,,,,,,,|71_75_6_36_,,,
76,,,,,,,,,,
77,,,,,|38_77_4_16_,,,,,
78,,,,,,,,,,
79,,,,,,,,,,
80,,,,,,,,,,
81,,,,,,,,,,
82,,,|79_82_2_39_,,|70_82_4_35_,,,,,
83,,,,,,,,,|81_83_8_40_,
84,,,,,,,,,,
85,,,|83_85_2_42_,,,|64_85_5_32_,|82_85_6_41_,,,
86,,,,,,,,,,
87,,,,,,,,,,
88,,,,,,,|85_88_6_43_,,,
89,,,,,,,,,,
90,,,,,|77_90_4_37_,,,,,
91,,,,,,,,,,
92,,,,,,,,,,
93,,,|91_93_2_46_,,,,,,,
94,,,|92_94_2_47_,,,,,,,
95,,|95_95_1_49_,,,,,,,,
96,,,,,,,,,|94_96_8_48_,
97,,,,,,,,,,
98,,,,,,,,,|96_98_8_50_,
99,,,,,,,,,,
100,,,,,,|78_100_5_38_,,,,
101,,,,,,,,,,
102,,,|100_102_2_51_,,,,,,,
103,,,,,,,,,,
104,,,,,,,,,,
105,,,,,,,,,,
106,,,,,,,,,,
107,,,,,,,,,,
108,,,,,,,,,,
109,,,,,,,,,,
110,,,,,,,,,,
111,,,,,,,,,,
112,,,,,,,,,,
113,,,,,,,,,,
114,,,,,,,,,,
115,,,,,,,,,,
116,,,,,,,,,,
117,,,,,,,,,|90_117_8_45_,
118,,,,,,,,,,
119,,,,,|103_119_4_52_,,,,|117_119_8_56_,
120,,,,,|89_120_4_44_,,,,,
121,,,,,,,,,,
122,,,,,,,,,|104_122_8_53_,
123,,,,,,,,,,
124,,,,,,,,,,
125,,,,,,,,,,
126,,,,,,,,,,
127,,,,,,,,,,
128,,,,,,,,,,
129,,,,,,,,,,
130,,,,,,,,,,
131,,,,,,,,,,
132,,,,,|115_132_4_55_,,,,,
133,,,,,,,,,,
134,,,,,,,,,,
135,,,,,,,,,,
136,,,,,,,,,,
137,,,,,,,,,,
138,,,,,,,|133_138_6_62_,,,
139,,,,,|121_139_4_57_,,,,,
140,,,,,,,,,|114_140_8_54_,
141,,,,,,,|136_141_6_64_,,,
142,,,,,,,,,,
143,,,,,,,,,,
144,,,,,,,,,,
145,,,,,|127_145_4_59_,,,,|145_145_8_67_,
146,,,,,,,,,,
147,,,,,|128_147_4_60_,,,,,
148,,,,,,,,,,
149,,,,,|130_149_4_61_,|148_149_5_68_,,,,
150,,,,,,,,,,
151,,,,,,,,,,
152,,,,,,,,,,
153,,,,,,,,,,
154,,,,,,,,,,
155,,,,,|135_155_4_63_,,,,,
156,,,,,,,,,,
157,,,|152_157_2_71_,,,,,,|157_157_8_74_,
158,,,,,|138_158_4_65_,,,,,
159,,,,,|126_159_4_58_,,,,,
160,,,|155_160_2_73_,,,|150_160_5_70_,,,,
161,,,,,,,,,,
162,,|143_162_1_66_,,,,,,,,
163,,,,,,,,,,
164,,,,,,,,,,
165,,,,,|165_165_4_79_,,,,,
166,,,|161_166_2_77_,,,,,,|166_166_8_80_,
167,,,,,|160_167_4_76_,,,,,
168,,,,,,,,,,
169,,,,,,,|164_169_6_78_,,|169_169_8_83_,
170,,|158_170_1_75_,,,,,,,,
171,,,,,,,,,,
172,,,,,,,,,,
173,,,|167_173_2_81_,,,,,,,
174,,,,,|149_174_4_69_,,,,,
175,,,,,,,,,,
176,,,,,|154_176_4_72_,,,,,
177,,,,,,,,,,
178,,,,,,,,,,
179,,,,,,,,,,
180,,,,,,,,,|180_180_8_91_,
181,,,,,|181_181_4_92_,|171_181_5_85_,|176_181_6_88_,,,
182,,,,,,,,,,
183,,,,,,,,,,
184,,,|179_184_2_90_,,,,,,,
185,,,,,,,,,,
186,,,,,,,,,,
187,,,,,,,,,,
188,,,,,,,,,,
189,,|182_189_1_93_,,,,,,,|175_189_8_87_,
190,,|190_190_1_96_,,,,,,,,
191,,,,,,,,,,
192,,,,,,,,,,
193,,,,,,,,,,
194,,,|189_194_2_95_,,,,,,,
195,,,,,,,,,|195_195_8_99_,
196,,,,,,,,,,
197,,,|192_197_2_97_,,,,,,,
198,,,,,|174_198_4_86_,,,,|198_198_8_101_,
199,,,,,,,,,|199_199_8_102_,
200,,,,,,,,,,
201,,,|196_201_2_100_,,,,,,,
202,,,,,|177_202_4_89_,,,,,
203,,,,,,,,,,
204,,,,,,,,,,
205,,,,,,,,,,
206,,,|201_206_2_103_,,,,,,,
207,,,,,,,,,,
208,,,,,,|168_208_5_82_,,,,
209,,,,,,,,,,
210,,,,,,|170_210_5_84_,,,,
211,,,,,,,,,,
212,,,,,,,,,,
213,,,,,,|188_213_5_94_,,,,
214,,,,,,,,,,
215,,,,,,,,,,
216,,,,,,,,,,
217,,,,,,,,,,
218,,,,,,,,,,
219,,,,,,,,,,
220,,,,,,,,,,
221,,,,,,,,,,
222,,,,,,,,,,
223,,,,,,,,,,
224,,,,,,,,,,
225,,,,,,|193_225_5_98_,,,,
226,,,,,,,,,,
227,,,,,,,,,,
228,,,,,,,,,|228_228_8_109_,
229,,,,,,,,,,
230,,,,,,,,,,
231,,,,,,,,,,
232,,,,,,,,,,
233,,,,,,,,,,
234,,,,,,,,,,
235,,,,,,,,,,
236,,,,,,,,,,
237,,,|232_237_2_112_,,,,,,,
238,,,|233_238_2_113_,,,|202_238_5_104_,,,,
239,,,,,,,,,,
240,,,,,,,,,,
241,,,,,,,,,,
242,,,,,,,,,,
243,,,,,,,,,,
244,,,,,,,|239_244_6_115_,,,
245,,,,,|225_245_4_107_,,,,,
246,,,,,,,,,,
247,,,,,,,,,,
248,,,|242_248_2_116_,,,|211_248_5_105_,,,,
249,,,,,|220_249_4_106_,,,,,
250,,|227_250_1_108_,,,,,,,|246_250_8_117_,
251,,,,,,,,,,
252,,,,,|229_252_4_110_,,,,,
253,,,,,,,,,,
254,,,,,,,,,,
255,,,,,,,,,,
256,,,,,,,,,,
257,,,|251_257_2_118_,,,,,,,
258,,,,,,,,,,
259,,,,,,,,,,
260,,,,,,,,,,
261,,,,,,,,,,
262,,,,,|230_262_4_111_,,,,,
263,,,,,,,,,,
264,,,,,,,,,|260_264_8_121_,
265,,,,,,,,,,
266,,,,,,,,,,
267,,,,,,,|262_267_6_123_,,,
268,,,,,|236_268_4_114_,,,,,
269,,,,,,,,,,
270,,,,,,,,,,
271,,,,,,,,,,
272,,,,,,,,,,
273,,,,,,,,,,
274,,,,,,,,,,
275,,,,,,,,,,
276,,,|270_276_2_127_,,,,,,,
277,,,,,,,,,|273_277_8_129_,
278,,,,,,,,,,
279,,,,,,,,,,
280,,|256_280_1_120_,,,,,,,,
281,,,,,,,,,,
282,,,,,,,,,,
283,,,,,,,,,|279_283_8_134_,
284,,,,,,,,,,
285,,|284_285_1_137_,,,,,,,,
286,,|286_286_1_139_,,,,,,,,
287,,,,,,|276_287_5_132_,,,,
288,,,,,,,,,,
289,,,,,,,,,,
290,,,,,|275_290_4_131_,,,,,
291,,,,,,,,,,
292,,,,,,,,,,
293,,,,,,|253_293_5_119_,,,,
294,,,,,,,,,,
295,,,,,,,,,,
296,,,,,|261_296_4_122_,,,,,
297,,|266_297_1_125_,,,,,,,,
298,,,,,,,,,,
299,,,,,|295_299_4_142_,,,,,
300,,|272_300_1_128_,,,,,,,,
301,,,,,,,,,,
302,,,,,,|263_302_5_124_,,,,
303,,,,,,,,,,
304,,,|299_304_2_144_,,,,,,,
305,,,,,,,,,,
306,,,,,|285_306_4_138_,,,,,
307,,,,,,,,,,
308,,|281_308_1_135_,,,,|268_308_5_126_,,,,
309,,,,,,|274_309_5_130_,,,,
310,,,,,,,,,,
311,,,,,,,,,,
312,,,,,,,,,,
313,,,,,,,,,,
314,,,,,,,,,,
315,,,,,|311_315_4_148_,,,,,
316,,|290_316_1_141_,,,|283_316_4_136_,,,,,
317,,,,,,,,,,
318,,,,,,,,,|278_318_8_133_|289_318_8_140_,
319,,,,,,,,,,
320,,,,,,,,,,
321,,,,,,,,,,
322,,,,,,,,,,
323,,|302_323_1_145_,,,,,,,,
324,,,,,,,,,,
325,,,,,,,,,,
326,,,,,,,,,,
327,,|312_327_1_149_,,,,,,,,
328,,,,,,,,,,
329,,|310_329_1_147_,|305_329_2_146_,,,,,,,
330,,,,,,,,,,
331,,,,,,,,,|331_331_8_157_,
332,,,,,,,,,,
333,,,,,,|329_333_5_156_,,,,
334,,,,,,,,,,
335,,,,,,,,,,
336,,,,,|297_336_4_143_,,,,,
337,,,,,,,,,,
338,,,,,,,,,,
339,,,,,,,,,,
340,,,,,,,,,,
341,,,,,|339_341_4_164_,|334_341_5_160_,,,,
342,,,|315_342_2_151_,,,,,,,
343,,,|320_343_2_153_,,,,,,,
344,,,,,|314_344_4_150_,,,,,
345,,,|318_345_2_152_|322_345_2_154_,,,,,,,
346,,,,,,,,,,
347,,,,,,,,,,
348,,,,,,,,,,
349,,,,,,,,,,
350,,,,,,,,,,
351,,,,,,,,,,
352,,,,,,,,,,
353,,,,,,,,,,
354,,,,,,,|332_354_6_158_,,,
355,,,,,,,,,,
356,,,,,,,|335_356_6_161_,,,
357,,,,,,,,,,
358,,,,,,,,,,
359,,,,,,,,,,
360,,,|342_360_2_165_,,,|354_360_5_172_,,,,
361,,,,,,,,,,
362,,,,,,,,,,
363,,,,,,,,,,
364,,,,,,,,,,
365,,,,,|328_365_4_155_,,,,,
366,,,,,,,,,|365_366_8_178_,
367,,,,,,,|346_367_6_167_,,|367_367_8_180_,
368,,,|350_368_2_169_,,,,,,,
369,,,,,,,,,,
370,,,|352_370_2_171_,,,,,,,
371,,,,,,|333_371_5_159_,,,,
372,,,,,|336_372_4_162_,,,,|370_372_8_182_,
373,,,|355_373_2_173_,,,,,,,
374,,,,,|338_374_4_163_,,,,|372_374_8_184_,
375,,,,,,,,,,
376,,,,,,,,,,
377,,,,,,,,,,
378,,,,,,,,,,
379,,,,,,,,,,
380,,,,,,,,,,
381,,,,,,,,,,
382,,,,,,|376_382_5_186_,,,,
383,,,,,,,,,,
384,,,,,,,,,,
385,,,,,|351_385_4_170_,|345_385_5_166_,,,,
386,,,,,,|359_386_5_174_,,,,
387,,,,,,,,,,
388,,|349_388_1_168_,,,,,,,,
389,,,,,,,,,,
390,,,,,,,,,,
391,,,,,,,,,,
392,,,,,|391_392_4_192_,,,,,
393,,,,,,,,,,
394,,,,,,,,,,
395,,,,,,,,,,
396,,,,,,,,,,
397,,,,,|362_397_4_175_,,,,,
398,,,,,|363_398_4_176_,,,,,
399,,,,,,,,,,
400,,,,,,,,,,
401,,,,,,,,,,
402,,,,,,,,,,
403,,|366_403_1_179_,,,,,|382_403_6_188_,,,
404,,,,,,|364_404_5_177_,,,,
405,,,,,,,,,,
406,,|368_406_1_181_,,,,,,,,
407,,,,,|371_407_4_183_,,,,,
408,,,,,,,,,,
409,,,,,,,,,,
410,,|388_410_1_191_,,,,,,,,
411,,,,,,,,,|411_411_8_205_,
412,,,,,,,,,,
413,,,,,,|374_413_5_185_,,,,
414,,,,,,,,,|412_414_8_206_,
415,,,,,,,,,,
416,,,|398_416_2_198_,,|409_416_4_203_,,,,,
417,,,,,|394_417_4_195_,,,,|417_417_8_210_,
418,,,|385_418_2_190_,,,,,,,
419,,,,,|379_419_4_187_,,,,,
420,,,,,,,,,,
421,,,,,|404_421_4_200_,,,,,
422,,,,,,|384_422_5_189_,,,|420_422_8_211_,
423,,,,,,,,,,
424,,,,,,,,,,
425,,,,,,|392_425_5_193_,,,,
426,,,,,,,,,,
427,,,,,,,,,,
428,,,,,,,,,,
429,,,,,|393_429_4_194_,,,,,
430,,,,,,,,,,
431,,,,,,,,,,
432,,,|410_432_2_204_,,,,,,,
433,,,,,|397_433_4_197_,,,,,
434,,,,,,,,,,
435,,,,,,|395_435_5_196_,,,,
436,,,,,,,,,,
437,,,,,,,,,,
438,,,,,,,,,,
439,,,,,|402_439_4_199_,,,,,
440,,,,,,,,,,
441,,,,,,,,,|441_441_8_223_,
442,,,|414_442_2_208_,,,,|408_442_6_202_,,,
443,,,,,,,,,,
444,,,,,,|407_444_5_201_,,,,
445,,,,,,,,,,
446,,,,,,,,,,
447,,,,,,,,,,
448,,,,,,,|445_448_6_225_,,,
449,,,,,|438_449_4_220_,,,,,
450,,,,,,,,,,
451,,,,,|451_451_4_229_,,|430_451_6_215_,,,
452,,,,,,|415_452_5_209_,,,|452_452_8_230_,
453,,|413_453_1_207_,,,,,,,,
454,,,,,,,,,,
455,,,,,,,,,,
456,,,,,|434_456_4_218_,,,,,
457,,,,,,,|454_457_6_231_,,,
458,,|428_458_1_213_,|423_458_2_212_,,,,,,,
459,,,,,,,,,,
460,,,,,|460_460_4_235_,,,,,
461,,,,,,,,,,
462,,,,,,,,,,
463,,,,,,,,,,
464,,,,,,,,,,
465,,,|461_465_2_236_,,|433_465_4_217_,,,,,
466,,,,,,|429_466_5_214_,,,,
467,,,,,,,,,,
468,,,|465_468_2_238_,,,,,,,
469,,,,,,,,,,
470,,,,,|435_470_4_219_,,,,,
471,,,,,,,,,|457_471_8_233_,
472,,|432_472_1_216_,,,|448_472_4_227_,,,,,
473,,,,,,,,,,
474,,,,,|439_474_4_221_,,,,,
475,,,,,,,,,,
476,,,,,,|472_476_5_243_,,,,
477,,,,,,,,,,
478,,,,,,,,,|443_478_8_224_,
479,,,,,,,,,|464_479_8_237_|473_479_8_244_,
480,,,,,,|440_480_5_222_,,,,
481,,,,,,,,,,
482,,,,,,,,,,
483,,,,,,,,,,
484,,,,,,,,,,
485,,,,,,,|482_485_6_248_,,,
486,,,,,|447_486_4_226_,,,,,
487,,|484_487_1_250_,,,,,,,,
488,,,,,|449_488_4_228_,,,,,
489,,,,,,,,,,
490,,,,,|455_490_4_232_,,,,,
491,,,|487_491_2_253_,,,,,,,
492,,,,,|469_492_4_241_,,,,,
493,,|493_493_1_256_,,,|470_493_4_242_,,,,,
494,,,,,,,,,,
495,,,,,,|468_495_5_240_,,,,
496,,|459_496_1_234_,,,|496_496_4_259_,,,,,
497,,,,,,,,,,
498,,,,,,,|494_498_6_257_,,,
499,,,,,|491_499_4_255_,,,,,
500,,,,,,,,,,
501,,,,,,,,,,
502,,,|499_502_2_261_,,,,,,,
503,,,,,|467_503_4_239_,,,,,
504,,,,,|481_504_4_247_,,,,,
505,,,,,,,,,,
506,,|500_506_1_262_,,,,,,,,
507,,,,,,,,,,
508,,,,,,,|504_508_6_265_,,,
509,,,,,,,,,,
510,,,|507_510_2_266_,,,,,,,
511,,,,,,,,,,
512,,,,,|480_512_4_246_,,,,,
513,,,,,|479_513_4_245_,,,,,
514,,,,,,,,,,
515,,,|512_515_2_269_,,,,,,,
516,,,,,,,,,,
517,,,,,,,,,,
518,,|514_518_1_270_,,,,|485_518_5_251_,,,,
519,,,,,,,,,,
520,,,,,,,,,,
521,,,,,|483_521_4_249_,|495_521_5_258_,,,,
522,,,,,,,,,,
523,,,,,|511_523_4_268_,|509_523_5_267_,|519_523_6_274_,,,
524,,,,,,,,,,
525,,,,,|486_525_4_252_,,,,,
526,,,,,,,,,,
527,,,,,,,,,,
528,,,,,|489_528_4_254_,,,,,
529,,|525_529_1_277_,,,,,,,,
530,,,,,,,|526_530_6_278_,,,
531,,|518_531_1_273_,,,,,,,,
532,,,,,,|520_532_5_275_,,,,
533,,,,,,,,,,
534,,,,,|497_534_4_260_,,,,,
535,,,,,,,|531_535_6_280_,,,
536,,,,,|533_536_4_282_,,,,,
537,,,,,,,,,,
538,,,,,,,,,|501_538_8_263_,
539,,,,,,,,,,
540,,,,,,,,,,
541,,,,,,,,,,
542,,,,,,,,,,
543,,,,,,,,,|503_543_8_264_,
544,,,,,,,,,,
545,,,|541_545_2_284_,,|515_545_4_271_,,,,,
546,,|516_546_1_272_,,,,,,,,
547,,,,,|522_547_4_276_,,,,,
548,,,,,,,,,,
549,,,|545_549_2_286_,,,,,,,
550,,,,,,,,,,
551,,,|546_551_2_287_,,,,,,,
552,,,,,,|530_552_5_279_,,,,
553,,,,,,,,,,
554,,,,,,,,,,
555,,,,,,,,,,
556,,,,,,,,,,
557,,,,,,,,,,
558,,,,,,,,,,
559,,,,,|547_559_4_288_,,,,,
560,,,,,|558_560_4_292_,,,,,
561,,,,,,,,,,
562,,,,,,,,,,
563,,,,,,,,,,
564,,,,,,,,,,
565,,,,,,,,,,
566,,,,,,,,,,
567,,,,,,,,,,
568,,,,,,,|562_568_6_294_,,,
569,,,,,,,,,|569_569_8_296_,
570,,,,,,,,,,
571,,,,,,,,,,
572,,,,,|532_572_4_281_,,,,,
573,,,,,,,,,,
574,,,,,,,,,,
575,,,,,|542_575_4_285_,,,,,
576,,,,,,,,,,
577,,,,,|538_577_4_283_,,,,,
578,,,,,,,,,,
579,,,,,,,,,,
580,,,,,,,,,,
581,,,,,,,,,,
582,,,,,,,,,,
583,,,|579_583_2_302_,,,,,,,
584,,,,,|573_584_4_300_,,,,|549_584_8_289_,
585,,,|581_585_2_304_,,,,,,|585_585_8_307_,
586,,,,,,,,,,
587,,,,,,,,,,
588,,|570_588_1_297_,,,,,,,,
589,,,,,,|556_589_5_291_,,,,
590,,,,,,,,,|590_590_8_309_,
591,,,,,,,,,|587_591_8_308_,
592,,,,,|552_592_4_290_,,,,,
593,,,,,,,,,,
594,,,,,,,,,|594_594_8_313_,
595,,,,,,,,,|591_595_8_310_|593_595_8_312_,
596,,,,,,,,,,
597,,|596_597_1_315_,,,,|592_597_5_311_,,,|560_597_8_293_|580_597_8_303_,
598,,,,,,,,,|568_598_8_295_,
599,,,,,,,,,,
600,,,,,,,,,,
601,,,,,,,,,,
602,,,,,,,,,,
603,,,,,|599_603_4_317_,,,,,
604,,,,,,,,,,
605,,,,,,,,,,
606,,,,,,,,,,
607,,,,,,,,,,
608,,,,,|575_608_4_301_,,|603_608_6_318_,,|608_608_8_319_,
609,,,,,,,,,,
610,,,,,,|572_610_5_299_,,,,
611,,,,,,|571_611_5_298_,,,,
612,,,,,,,,,,
613,,,,,,,,,,
614,,,,,|595_614_4_314_,,,,,
615,,|615_615_1_322_,,,,,,,,
616,,,,,,,,,,
617,,,|613_617_2_321_,,,,,,,
618,,,,,|616_618_4_323_,,,,|618_618_8_324_,
619,,,,,,,,,,
620,,,,,,,,,,
621,,,,,,,,,,
622,,,,,|583_622_4_305_,,,,,
623,,,,,,,,,,
624,,,,,,|584_624_5_306_,,,,
625,,,,,,,,,,
626,,,,,,,,,,
627,,,,,,,|622_627_6_327_,,,
628,,,,,,,|623_628_6_328_,,,
629,,,,,,,,,,
630,,,,,,,,,,
631,,,,,,,,,,
632,,,,,,,,,,
633,,,,,,,,,,
634,,,,,|609_634_4_320_,,,,,
635,,,,,,,,,,
636,,|597_636_1_316_,,,,,,,,
637,,,,,,,,,,
638,,,,,,,,,,
639,,|639_639_1_335_,,,,,,,,
640,,,,,,,,,,
641,,,,,,,,,,
642,,,,,,,,,,
643,,,,,,,,,,
644,,,,,,|619_644_5_325_,,,|644_644_8_337_,
645,,,,,,,,,,
646,,,,,,,,,,
647,,,,,,,,,,
648,,,,,,,,,,
649,,,,,,,,,,
650,,,|646_650_2_339_,,,,,,,
651,,,,,,,,,,
652,,,,,,,,,,
653,,,,,,,,,,
654,,,|650_654_2_341_,,,,,,,
655,,,,,,,,,,
656,,,,,,,,,,
657,,,|653_657_2_343_,,|620_657_4_326_,,,,,
658,,,,,,,,,|625_658_8_329_,
659,,,,,,,,,,
660,,,,,,|628_660_5_330_,,,,
661,,,,,,,|656_661_6_344_,,,
662,,,,,,,,,,
663,,,,,,,,,,
664,,,|660_664_2_346_,,,,,,|629_664_8_331_,
665,,,,,,,,,,
666,,,,,,|645_666_5_338_,,,|635_666_8_334_|666_666_8_349_,
667,,,,,,,,,,
668,,,,,,,,,,
669,,,,,,,,,,
670,,,,,|630_670_4_332_|670_670_4_353_,,,,,
671,,,,,,|631_671_5_333_,,,,
672,,,|668_672_2_351_,,,,,,,
673,,,,,,,,,|669_673_8_352_,
674,,,,,,,,,,
675,,,,,,,,,,
676,,,,,|664_676_4_348_,,,,,
677,,,,,,,,,,
678,,,,,,,,,,
679,,,,,|667_679_4_350_,,,,|641_679_8_336_,
680,,,,,,,,,,
681,,,,,,,,,,
682,,,,,,,,,,
683,,,,,,,,,,
684,,,,,,,,,,
685,,,,,,,,,,
686,,,,,,,,,,
687,,,,,|648_687_4_340_,,,,,
688,,,,,,,,,|658_688_8_345_,
689,,,,,,,,,,
690,,,,,,,,,,
691,,,,,|652_691_4_342_,,,,,
692,,,,,,,,,,
693,,,,,,,,,,
694,,,,,,,,,,
695,,,,,|662_695_4_347_,,|690_695_6_359_,,,
696,,,,,,,,,,
697,,,,,|695_697_4_362_,,,,|697_697_8_364_,
698,,,,,|675_698_4_354_,,,,|689_698_8_358_,
699,,,,,,,,,,
700,,,|696_700_2_363_,,,,,,,
701,,,,,,,,,,
702,,,|698_702_2_365_,,,,,,,
703,,,,,,,,,,
704,,,,,,,,,|704_704_8_369_,
705,,,|701_705_2_367_,,,,,,,
706,,|678_706_1_355_,,,|683_706_4_356_,,,,,
707,,,,,,,,,,
708,,,,,,,,,,
709,,,,,,,,,,
710,,,,,,,,,,
711,,|710_711_1_373_,,,,,,,,
712,,,,,,,,,|712_712_8_375_,
713,,,|708_713_2_371_,,,,,,,
714,,,,,,,,,,
715,,,,,,,,,|713_715_8_376_|715_715_8_377_,
716,,,,,,,,,,
717,,,,,,,,,,
718,,,,,,,,,,
719,,,,,,,,,,
720,,,,,,,,,,
721,,,,,,,,,,
722,,,,,,,,,,
723,,,,,,,|720_723_6_380_,,,
724,,,,,|716_724_4_378_,,,,,
725,,,,,,,,,,
726,,,,,|723_726_4_382_,|702_726_5_368_,,,,
727,,,,,|687_727_4_357_,,,,,
728,,,,,|691_728_4_360_,,,,,
729,,,,,,,,,,
730,,,,,,,,,,
731,,,,,,,,,,
732,,,,,|692_732_4_361_,,,,,
733,,,,,,,,,,
734,,,,,,,,,,
735,,,,,,,,,,
736,,,,,|717_736_4_379_,|699_736_5_366_,|731_736_6_385_,,,
737,,,,,,,,,,
738,,,,,,,|733_738_6_386_,,,
739,,,,,,,,,,
740,,,,,,,,,,
741,,,,,,,,,,
742,,,,,|707_742_4_370_,,,,,
743,,,,,,,,,,
744,,,,,,,,,,
745,,,,,,,,,,
746,,,,,,,,,,
747,,,,,,,,,,
748,,,,,|711_748_4_374_,,,,,
749,,,,,|709_749_4_372_,,,,,
750,,,,,,,|745_750_6_390_,,,
751,,,,,,,,,,
752,,,,,,,,,,
753,,,,,,,,,,
754,,,|749_754_2_392_,,,,,,,
755,,,|750_755_2_393_,,,,,,,
756,,,,,,,,,,
757,,,,,,,,,,
758,,,,,,,,,,
759,,,,,,,,,,
760,,,,,,,,,,
761,,,,,,,,,,
762,,,,,|722_762_4_381_,,,,,
763,,,,,,,,,,
764,,,,,|726_764_4_384_,,,,,
765,,,,,,|725_765_5_383_,|760_765_6_397_,,,
766,,,,,,,,,,
767,,,,,,,|762_767_6_398_,,,
768,,,,,,,,,,
769,,,,,,,,,,
770,,,,,,,,,,
771,,,,,,,,,,
772,,,,,,,|767_772_6_400_,,,
773,,,,,,,,,,
774,,,,,,,,,,
775,,,,,,,,,,
776,,,,,,,,,,
777,,,,,|764_777_4_399_,,,,,
778,,,,,|757_778_4_396_,,,,,
779,,,,,|739_779_4_387_,,,,,
780,,,,,,,,,,
781,,,,,,,,,|744_781_8_389_,
782,,,,,,,,,,
783,,,,,,,,,|743_783_8_388_,
784,,,,,,,,,,
785,,,,,,,,,,
786,,,,,,,,,,
787,,,,,,,,,,
788,,,,,,,,,|748_788_8_391_,
789,,,,,,,,,,
790,,,|785_790_2_404_,,|755_790_4_395_,,,,|754_790_8_394_,
791,,,,,,,,,,
792,,,,,,,,,,
793,,,,,,,,,,
794,,,,,,,,,,
795,,,,,,,,,,
796,,,,,,,,,,
797,,,|792_797_2_406_,,,,,,|777_797_8_403_,
798,,,,,,,,,,
799,,,,,,,,,,
800,,,,,,,,,,
801,,,,,,,,,,
802,,,,,,,,,,
803,,,,,,,,,,
804,,,,,,,,,,
805,,,|800_805_2_408_,,,,,,,
806,,,,,|774_806_4_402_,,,,,
807,,,,,,,,,,
808,,,|803_808_2_410_,,,,,,,
809,,,,,,,,,,
810,,,,,,,,,,
811,,,,,,,,,|811_811_8_413_,
812,,,,,|773_812_4_401_,,,,,
813,,,,,,,,,|813_813_8_414_,
814,,,,,,,,,,
815,,,,,,,,,,
816,,,,,,,,,,
817,,,,,,,,,,
818,,,,,|787_818_4_405_,,,,,
819,,,,,,,,,,
820,,,|815_820_2_415_,,,,,,,
821,,,,,,,,,,
822,,,,,|805_822_4_411_,,,,,
823,,,,,,,,,,
824,,,,,,,,,,
825,,,,,,,,,|825_825_8_419_,
826,,,,,,,,,,
827,,,,,,,|824_827_6_418_,,,
828,,,,,,,,,|828_828_8_421_,
829,,,,,,,,,,
830,,,,,,,,,,
831,,,,,,,,,,
832,,,,,,,,,,
833,,,,,|793_833_4_407_,,|831_833_6_422_,,,
834,,,,,,,,,,
835,,,,,,,,,,
836,,,,,,,,,|836_836_8_424_,
837,,,,,,,,,,
838,,,,,,,,,,
839,,,,,,,,,,
840,,,,,|810_840_4_412_,,,,,
841,,,|839_841_2_426_,,|801_841_4_409_,,,,,
842,,,,,,,|840_842_6_427_,,,
843,,,,,,,,,,
844,,,,,,,,,,
845,,,,,|819_845_4_416_,,,,,
846,,,,,,,,,,
847,,,,,,,,,|847_847_8_430_,
848,,,,,,,,,,
849,,,,,,,,,,
850,,,,,,,|848_850_6_431_,,|850_850_8_433_,
851,,,|849_851_2_432_,,,,,,,
852,,,,,,,,,,
853,,,,,,,,,,
854,,,,,,,,,,
855,,,,,,,,,,
856,,,,,,,,,,
857,,,,,,,,,,
858,,,|856_858_2_437_,,,|822_858_5_417_,,,,
859,,,,,,,,,,
860,,,,,,,,,,
861,,,,,,,,,,
862,,,,,|826_862_4_420_,,,,,
863,,,,,,,,,,
864,,,,,,,|862_864_6_439_,,,
865,,,,,,,,,,
866,,,,,,,,,,
867,,,,,,,,,,
868,,,,,,,,,,
869,,,,,,,,,,
870,,,,,,,,,,
871,,,|869_871_2_443_,,,,,,,
872,,,|870_872_2_444_,,,,,,,
873,,,,,,,,,,
874,,,,,,|834_874_5_423_,,,,
875,,,,,,,,,|875_875_8_445_,
876,,,,,,,,,,
877,,,,,,|838_877_5_425_,,,|877_877_8_447_,
878,,,,,|841_878_4_428_,,,,,
879,,,|876_879_2_446_,,,,,,,
880,,,,,,,,,,
881,,,,,|879_881_4_449_,,,,,
882,,,,,,,,,,
883,,,,,|843_883_4_429_,,,,|883_883_8_451_,
884,,,,,,,,,,
885,,,,,,,,,,
886,,,,,,,,,,
887,,,,,,,,,,
888,,,,,,,,,,
889,,,,,,,,,,
890,,,,,,,|887_890_6_454_,,,
891,,,|888_891_2_455_,,,,,,,
892,,,,,|867_892_4_441_,,,,,
893,,,,,|853_893_4_434_,,,,,
894,,,|891_894_2_456_,,,|854_894_5_435_,,,,
895,,,,,,|855_895_5_436_,,,,
896,,,,,,,,,|896_896_8_458_,
897,,,,,,,|894_897_6_457_,,,
898,,,,,,,,,,
899,,,,,|859_899_4_438_,,,,,
900,,,,,,,,,,
901,,,,,,,,,,
902,,,,,,,,,,
903,,,,,,|864_903_5_440_|868_903_5_442_,,,,
904,,,,,,,,,,
905,,,,,,,,,,
906,,,,,,,,,,
907,,,,,,,,,,
908,,,,,|908_908_4_463_,,,,,
909,,,,,,,,,,
910,,,,,,,,,|910_910_8_465_,
911,,,,,,|878_911_5_448_,,,,
912,,,|909_912_2_464_,,,,,,,
913,,,,,,,,,,
914,,,,,,,,,,
915,,,,,,,,,,
916,,,,,,,,,|916_916_8_468_,
917,,,|914_917_2_466_,,,,,,|917_917_8_469_,
918,,,,,,,,,,
919,,,,,,|881_919_5_450_,,,,
920,,,,,,,,,|920_920_8_470_,
921,,,,,,,,,,
922,,,,,,,,,,
923,,,,,,,,,,
924,,,,,,|884_924_5_452_,,,,
925,,,,,,,,,,
926,,,,,|886_926_4_453_,,,,,
927,,,,,,,,,,
928,,,,,,,,,,
929,,,,,,,,,,
930,,,,,,,,,|930_930_8_474_,
931,,,,,,,,,,
932,,,,,,,,,,
933,,,,,,,,,,
934,,,,,,,,,,
935,,,,,|903_935_4_460_,,,,,
936,,,,,,,,,,
937,,,,,,,,,,
938,,,|935_938_2_477_,,,,,,,
939,,,|936_939_2_478_,,|899_939_4_459_,,,,,
940,,,,,,,,,|940_940_8_480_,
941,,,,,,|905_941_5_461_,,,,
942,,,|939_942_2_479_,,,,,,,
943,,,,,,,,,|943_943_8_482_,
944,,,,,,,,,,
945,,,,,,,,,,
946,,,,,,|907_946_5_462_,,,|946_946_8_484_,
947,,,,,,,,,,
948,,,,,,|922_948_5_471_,,,,
949,,,,,,,,,,
950,,,,,,,,,,
951,,,,,,,,,,
952,,,,,,,,,,
953,,,,,,,,,|953_953_8_487_,
954,,,,,|915_954_4_467_,,,,,
955,,,,,,,,,,
956,,,,,|929_956_4_473_,,,,,
957,,,,,,,,,,
958,,,,,,,,,,
959,,,,,,,,,,
960,,,,,,,,,,
961,,,,,,,,,,
962,,,,,,,,,,
963,,,,,,,,,,
964,,,,,,,,,,
965,,,,,,,,,,
966,,,,,,,,,,
967,,,,,,,,,,
968,,,,,|928_968_4_472_,,,,|968_968_8_493_,
969,,,,,|933_969_4_475_,,,,,
970,,,,,,,,,,
971,,,,,,,,,,
972,,,,,,,,,,
973,,,,,,,,,,
974,,,|971_974_2_495_,,|934_974_4_476_,,,,,
975,,,|972_975_2_496_,,|973_975_4_497_,,,,,
976,,,,,,,,,,
977,,,,,,,,,,
978,,,,,,,,,,
979,,,,,,,,,,
980,,,,,,,,,|980_980_8_500_,
981,,,,,,|942_981_5_481_,,,,
982,,,,,,,,,,
983,,,,,,,,,,
984,,,,,|952_984_4_486_,|945_984_5_483_,|981_984_6_501_,,|984_984_8_503_,
985,,,,,,,,,,
986,,,,,,|948_986_5_485_,,,,
987,,,,,,,,,,
988,,,,,,,|985_988_6_504_,,,
989,,,,,,,,,,
990,,,,,,,,,,
991,,,,,,,,,,
992,,,|989_992_2_505_,,|957_992_4_490_,,,,,
993,,,,,|954_993_4_488_,,,,,
994,,,,,,,,,,
995,,,,,,,,,,
996,,,,,|958_996_4_491_,|956_996_5_489_,,,,
997,,,|994_997_2_506_,,,,,,,
998,,,,,,,,,,
999,,,|996_999_2_508_,,,,,,,
1000,,,,,,,,,,
1001,,,,,,,|998_1001_6_509_,,|1001_1001_8_510_,
1002,,,,,,,,,,
1003,,,,,,,,,,
1004,,,,,,,,,,
1005,,,,,|966_1005_4_492_,,,,,
1006,,,,,,,,,,
1007,,,,,|974_1007_4_498_,,,,,
1008,,,,,|1006_1008_4_513_,,|1005_1008_6_512_,,,
1009,,,,,,|969_1009_5_494_,,,,
1010,,,,,,,,,,
1011,,,,,,,,,,
1012,,,,,,,,,,
1013,,,,,|976_1013_4_499_,,,,,
1014,,,|1011_1014_2_515_,,,,,,,
1015,,,,,,,,,,
1016,,,,,,,,,,
1017,,,,,,,,,,
1018,,,,,,,,,,
1019,,,,,,,,,,
1020,,,,,|983_1020_4_502_,,,,,
1021,,,,,,,,,,
1022,,,,,,,,,,
1023,,,,,,,,,,
1024,,,,,,,,,,
1025,,,,,,,|1022_1025_6_518_,,,
1026,,,|1023_1026_2_519_,,,,,,,
1027,,,,,,,,,,
1028,,,,,,,,,|1028_1028_8_521_,
1029,,,,,,,,,|1029_1029_8_522_,
1030,,,,,,,|1027_1030_6_520_,,,
1031,,,,,,,,,,
1032,,,,,|995_1032_4_507_,,,,,
1033,,,,,,,,,,
1034,,,,,,,,,,
1035,,,,,,,,,,
1036,,,,,,,,,,
1037,,,,,,,,,,
1038,,,,,,,,,,
1039,,,,,,,,,,
1040,,,,,,,,,,
1041,,,,,,,,,,
1042,,,,,,,,,,
1043,,,,,,|1003_1043_5_511_,|1040_1043_6_526_,,,
1044,,,,,,,,,,
1045,,,,,,,,,,
1046,,,|1043_1046_2_527_,,,,,,,
1047,,,,,,|1008_1047_5_514_,,,,
1048,,,,,,,,,,
1049,,,,,,,,,,
1050,,,,,,,,,,
1051,,,,,,,,,,
1052,,,,,,,,,,
1053,,,,,,,,,,
1054,,,,,,|1014_1054_5_516_,,,,
1055,,,,,,,,,,
1056,,,,,,,,,,
1057,,,,,,,,,,
1058,,,,,,,,,,
1059,,,,,,,,,,
1060,,,,,,|1021_1060_5_517_,,,|1060_1060_8_534_,
1061,,,,,,,,,,
1062,,,,,,,,,,
1063,,,,,,,,,,
1064,,,,,,,,,,
1065,,,,,,,,,,
1066,,,|1063_1066_2_535_,,,,,,,
1067,,,,,,,,,|1067_1067_8_538_,
1068,,,,,,,,,,
1069,,,|1066_1069_2_537_,,,,,,,
1070,,,,,,,,,|1070_1070_8_539_,
1071,,,,,,,,,,
1072,,,,,,,,,,
1073,,,,,|1036_1073_4_524_,,,,,
1074,,,,,,,,,,
1075,,,,,,|1035_1075_5_523_,,,,
1076,,,,,,,,,,
1077,,,,,,,,,,
1078,,,,,,,,,,
1079,,,,,,|1039_1079_5_525_,,,,
1080,,,,,,,,,,
1081,,,,,,,,,,
1082,,,,,,,,,,
1083,,,,,,,,,,
1084,,,,,,|1046_1084_5_529_,,,,
1085,,,,,,|1045_1085_5_528_,,,|1085_1085_8_544_,
1086,,,,,|1047_1086_4_530_,,,,,
1087,,,,,,,,,,
1088,,,,,,,,,,
1089,,,|1086_1089_2_545_,,,|1054_1089_5_532_,,,,
1090,,,,,,,,,|1090_1090_8_546_,
1091,,,,,,,,,|1091_1091_8_547_,
1092,,,,,|1053_1092_4_531_,,,,,
1093,,,,,,,,,,
1094,,,,,|1059_1094_4_533_,,,,,
1095,,,,,,,,,,
1096,,,,,,,,,,
1097,,,,,,,,,|1097_1097_8_552_,
1098,,,,,,,,,,
1099,,,,,,,|1096_1099_6_551_,,,
1100,,,,,,,,,,
1101,,,,,,,,,,
1102,,,,,,,,,,
1103,,,,,,|1065_1103_5_536_,,,,
1104,,,|1101_1104_2_554_,,,,,,,
1105,,,,,,,,,,
1106,,,,,,,,,,
1107,,,,,,,,,|1107_1107_8_557_,
1108,,,,,,,,,,
1109,,,,,,,,,,
1110,,,,,,|1071_1110_5_540_,,,,
1111,,,,,,,,,,
1112,,,|1109_1112_2_558_,,|1077_1112_4_541_,,,,,
1113,,,,,,,,,,
1114,,,,,,,,,,
1115,,,,,,,,,,
1116,,,,,,,,,,
1117,,,,,,,,,,
1118,,,,,,|1078_1118_5_542_,,,,
1119,,,,,,,,,,
1120,,,,,,,,,,
1121,,,,,,,,,,
1122,,,,,,|1082_1122_5_543_,,,,
1123,,,,,,,,,|1123_1123_8_563_,
1124,,,,,,,,,,
1125,,,,,,,,,,
1126,,,,,,,,,,
1127,,,,,,,,,,
1128,,,,,,,,,,
1129,,,,,,,,,,
1130,,,,,,,|1127_1130_6_565_,,,
1131,,,,,,|1092_1131_5_548_,,,,
1132,,,,,,,,,,
1133,,,,,|1093_1133_4_549_,,,,,
1134,,,,,,,,,,
1135,,,,,,|1095_1135_5_550_,,,,
1136,,,,,,,,,,
1137,,,,,|1098_1137_4_553_,,|1134_1137_6_568_,,,
1138,,,,,,,,,,
1139,,,,,,,,,,
1140,,,,,|1102_1140_4_555_|1103_1140_4_556_,,,,,
1141,,,,,,,,,|1141_1141_8_570_,
1142,,,,,,,,,,
1143,,,,,,,,,,
1144,,,,,,,,,,
1145,,,|1142_1145_2_571_,,,,,,,
1146,,,,,,,,,,
1147,,,,,,,,,,
1148,,,,,,,,,|1148_1148_8_572_,
1149,,,,,,,,,,
1150,,,,,,,,,,
1151,,,,,,,,,,
1152,,,,,|1112_1152_4_559_,,,,,
1153,,,,,,,,,,
1154,,,|1151_1154_2_573_,,,|1114_1154_5_560_,,,,
1155,,,,,|1119_1155_4_562_,,,,,
1156,,,,,,,,,,
1157,,,,,,|1117_1157_5_561_,,,,
1158,,,,,,,,,,
1159,,,,,,,,,,
1160,,,,,,,,,,
1161,,,,,,,,,,
1162,,,,,,,,,,
1163,,,,,,,,,,
1164,,,,,,,|1161_1164_6_576_,,,
1165,,,,,|1126_1165_4_564_|1133_1165_4_567_,,,,,
1166,,,|1163_1166_2_578_,,,,,,,
1167,,,,,,,,,,
1168,,,,,,,,,,
1169,,,,,,,,,,
1170,,,,,|1132_1170_4_566_,,,,,
1171,,,,,,,,,,
1172,,,,,,,,,,
1173,,,,,|1136_1173_4_569_,,,,,
1174,,,|1171_1174_2_579_,,,,,,,
1175,,,,,,,,,|1175_1175_8_581_,
1176,,,,,,,|1173_1176_6_580_,,,
1177,,,,,,,,,,
1178,,,,,,,,,,
1179,,,,,,,,,,
1180,,,,,,,,,,
1181,,,,,,,,,,
1182,,,,,,,,,|1182_1182_8_583_,
1183,,,|1180_1183_2_582_,,,,,,|1183_1183_8_584_,
1184,,,,,,,,,,
1185,,,,,,,,,,
1186,,,,,,,,,,
1187,,,,,,,,,,
1188,,,,,,,,,,
1189,,,|1186_1189_2_586_,,,,,,,
1190,,,,,,,|1187_1190_6_587_,,,
1191,,,,,,,,,,
1192,,,,,,,,,,
1193,,,,,|1154_1193_4_574_,,,,,
1194,,,,,,,,,,
1195,,,,,,,,,,
1196,,,,,|1162_1196_4_577_,,,,,
1197,,,,,,,,,,
1198,,,,,,,,,,
1199,,,,,,,,,,
1200,,,,,|1160_1200_4_575_,,|1197_1200_6_589_,,,
1201,,,,,,,,,,
1202,,,,,,,,,,
1203,,,,,,,,,,
1204,,,,,,,,,,
1205,,,,,,,,,,
1206,,,,,,,,,,
1207,,,,,,,,,,
1208,,,,,,,,,,
1209,,,,,,,,,,
1210,,,,,,,,,,
1211,,,,,,,,,,
1212,,,,,|1211_1212_4_594_,,,,,
1213,,,,,,,,,,
1214,,,,,,,,,,
1215,,,,,,,,,,
1216,,,,,,,,,|1216_1216_8_596_,
1217,,,,,,,,,|1217_1217_8_597_,
1218,,,,,,,,,,
1219,,,,,,,,,,
1220,,,,,,,,,,
1221,,,,,,,,,,
1222,,,,,|1184_1222_4_585_,,,,,
1223,,,,,,,,,|1223_1223_8_600_,
1224,,,|1222_1224_2_599_,,,,,,,
1225,,,,,,,,,,
1226,,,,,,,,,,
1227,,,,,,,,,,
1228,,,|1226_1228_2_601_,,,,,,,
1229,,,,,,,,,,
1230,,,,,,,,,,
1231,,,,,,|1191_1231_5_588_,,,,
1232,,,,,,,,,,
1233,,,,,,,,,,
1234,,,|1232_1234_2_603_,,,,,,,
1235,,,,,,,,,,
1236,,,,,,,,,|1236_1236_8_606_,
1237,,,|1235_1237_2_605_,,,|1200_1237_5_590_,,,,
1238,,,,,,,,,,
1239,,,,,,,,,,
1240,,,,,,,,,,
1241,,,,,,,,,,
1242,,,,,,,,,,
1243,,,,,|1203_1243_4_591_,,|1240_1243_6_608_,,,
1244,,,,,,|1204_1244_5_592_,,,,
1245,,,,,,,,,,
1246,,,,,,,,,|1246_1246_8_609_,
1247,,,,,|1207_1247_4_593_,,,,,
1248,,,,,,,,,,
1249,,,,,,,,,,
1250,,,,,,,,,,
1251,,,,,|1215_1251_4_595_,,,,,
1252,,,,,,,,,,
1253,,,,,,,,,,
1254,,,,,,,,,,
1255,,,,,,,,,,
1256,,,,,|1218_1256_4_598_,,,,,
1257,,,,,,,,,,
1258,,,,,,,,,,
1259,,,,,,,,,,
1260,,,,,|1229_1260_4_602_,,,,,
1261,,,,,,,,,,
1262,,,,,,,,,|1262_1262_8_614_,
1263,,,,,,,,,,
1264,,,,,,,,,,
1265,,,,,,,,,|1265_1265_8_615_,
1266,,,,,,,,,,
1267,,,,,,,,,,
1268,,,,,,,,,,
1269,,,,,,,,,,
1270,,,,,,,,,,
1271,,,,,,,,,,
1272,,,,,,,,,,
1273,,,,,,|1234_1273_5_604_,,,,
1274,,,,,,,,,,
1275,,,,,,,,,,
1276,,,|1274_1276_2_619_,,,,,,,
1277,,,,,,,,,,
1278,,,,,,,,,,
1279,,,,,,|1239_1279_5_607_,,,,
1280,,,,,,,,,,
1281,,,,,,,,,,
1282,,,,,,,,,,
1283,,,,,,,,,,
1284,,,,,,|1250_1284_5_610_,,,,
1285,,,,,,,,,,
1286,,,,,,,,,,
1287,,,,,,,,,|1287_1287_8_622_,
1288,,,,,,,,,,
1289,,,,,,,,,,
1290,,,,,,,,,,
1291,,,,,,|1251_1291_5_611_,,,|1291_1291_8_625_,
1292,,,,,,,,,,
1293,,,,,,,,,,
1294,,,,,,,,,,
1295,,,,,,|1260_1295_5_612_,,,,
1296,,,,,,,,,,
1297,,,,,,,,,,
1298,,,,,,,,,,
1299,,,,,,,,,,
1300,,,,,,,,,,
1301,,,,,,|1261_1301_5_613_,,,,
1302,,,,,,,,,,
1303,,,,,,,,,,
1304,,,,,,,,,,
1305,,,,,,,,,,
1306,,,,,,,,,,
1307,,,,,,,,,,
1308,,,,,,,,,,
1309,,,,,|1269_1309_4_616_,|1270_1309_5_617_,,,,
1310,,,,,,,,,,
1311,,,,,,,,,,
1312,,,,,,,,,,
1313,,,,,,|1273_1313_5_618_,,,,
1314,,,,,,,,,,
1315,,,,,,,,,,
1316,,,,,,,,,|1316_1316_8_635_,
1317,,,,,,,,,,
1318,,,,,,,,,,
1319,,,,,,,,,,
1320,,,,,,|1280_1320_5_620_,,,|1320_1320_8_637_,
1321,,,,,,,,,,
1322,,,,,,,,,,
1323,,,,,,|1283_1323_5_621_,,,,
1324,,,,,,,,,,
1325,,,,,,,,,,
1326,,,,,,,,,,
1327,,,,,,,|1324_1327_6_639_,,,
1328,,,,,,|1288_1328_5_623_,,,,
1329,,,,,|1290_1329_4_624_,,,,,
1330,,,,,,,,,,
1331,,,,,,,,,,
1332,,,,,,,,,,
1333,,,,,,,,,,
1334,,,,,,,,,,
1335,,,,,|1296_1335_4_626_,,|1332_1335_6_640_,,,
1336,,,,,,,,,,
1337,,,,,,,,,,
1338,,,,,,,,,,
1339,,,,,,,,,,
1340,,,|1338_1340_2_644_,,,,,,,
1341,,,,,|1303_1341_4_628_,|1301_1341_5_627_,,,,
1342,,,,,,,,,,
1343,,,,,,,,,,
1344,,,,,|1306_1344_4_629_,,,,,
1345,,,,,,,,,,
1346,,,,,|1307_1346_4_630_,,,,,
1347,,,,,,,,,,
1348,,,,,|1308_1348_4_631_,,,,,
1349,,,,,,,,,,
1350,,,,,,,,,,
1351,,,|1349_1351_2_649_,,|1314_1351_4_634_,|1311_1351_5_632_,,,,
1352,,,,,,|1312_1352_5_633_,,,,
1353,,,,,,,,,,
1354,,,,,,,,,,
1355,,,,,,,,,,
1356,,,,,,,,,,
1357,,,,,,,,,,
1358,,,|1356_1358_2_650_,,|1319_1358_4_636_,,,,,
1359,,,,,,,,,,
1360,,,,,,,,,,
1361,,,,,|1321_1361_4_638_,,,,,
1362,,,,,,,,,,
1363,,,,,,,,,,
1364,,,,,,,,,,
1365,,,,,,,,,,
1366,,,,,,,,,,
1367,,,,,,,,,,
1368,,,,,,,,,,
1369,,,,,,,|1366_1369_6_654_,,,
1370,,,,,,,,,,
1371,,,,,,,,,,
1372,,,,,,,,,,
1373,,,,,,|1333_1373_5_641_,,,,
1374,,,,,,|1334_1374_5_642_,,,,
1375,,,,,,,,,,
1376,,,,,,,,,,
1377,,,,,|1337_1377_4_643_|1340_1377_4_645_,,,,,
1378,,,,,,,,,,
1379,,,,,,,|1376_1379_6_655_,,,
1380,,,,,,,,,,
1381,,,,,,,,,,
1382,,,,,|1342_1382_4_646_,,,,,
1383,,,,,,,,,,
1384,,,,,|1344_1384_4_647_,,,,,
1385,,,,,,|1345_1385_5_648_,,,,
1386,,,,,,,,,,
1387,,,|1385_1387_2_658_,,,,,,,
1388,,,,,,,,,,
1389,,,,,,,,,,
1390,,,,,,,,,,
1391,,,,,,,,,,
1392,,,,,,,,,,
1393,,,,,,,|1390_1393_6_661_,,,
1394,,,,,,,,,,
1395,,,,,,,,,,
1396,,,,,|1358_1396_4_651_,,,,|1396_1396_8_666_,
1397,,,,,,,,,,
1398,,,,,,,,,|1398_1398_8_668_,
1399,,,|1397_1399_2_667_,,,,,,,
1400,,,,,,,,,,
1401,,,,,|1361_1401_4_652_,,,,,
1402,,,,,,,,,,
1403,,,,,|1363_1403_4_653_,,,,,
1404,,,,,,,,,,
1405,,,,,,,,,,
1406,,,,,,,,,,
1407,,,,,,,,,|1407_1407_8_672_,
1408,,,,,,,,,,
1409,,,,,,,,,|1409_1409_8_674_,
1410,,,,,,,,,,
1411,,,,,,,|1408_1411_6_673_,,,
1412,,,|1410_1412_2_675_,,,,,,,
1413,,,,,,,,,,
1414,,,,,,,|1411_1414_6_676_,,,
1415,,,,,,,,,,
1416,,,,,,,,,|1416_1416_8_677_,
1417,,,,,,,,,,
1418,,,,,,|1378_1418_5_656_,,,,
1419,,,,,,,,,,
1420,,,,,,,,,,
1421,,,,,|1383_1421_4_657_,,,,,
1422,,,,,,,,,,
1423,,,|1421_1423_2_679_,,,,,,|1423_1423_8_681_,
1424,,,,,,,,,,
1425,,,,,|1386_1425_4_659_,,,,,
1426,,,,,,,,,,
1427,,,,,,,,,,
1428,,,,,,,,,,
1429,,,,,|1389_1429_4_660_,,,,,
1430,,,,,,,,,,
1431,,,,,|1391_1431_4_662_,,,,,
1432,,,,,|1392_1432_4_663_,,,,,
1433,,,,,|1393_1433_4_664_|1395_1433_4_665_,,,,,
1434,,,,,,,,,,
1435,,,,,,,,,,
1436,,,,,,,,,,
1437,,,,,|1399_1437_4_669_,,,,,
1438,,,,,,,,,,
1439,,,,,,,,,,
1440,,,,,,|1400_1440_5_670_,,,,
1441,,,|1439_1441_2_685_,,,|1401_1441_5_671_,,,,
1442,,,,,,,,,,
1443,,,,,,,,,,
1444,,,,,,,,,,
1445,,,,,,,,,|1445_1445_8_687_,
1446,,,,,,,,,,
1447,,,,,,,,,,
1448,,,,,,,,,,
1449,,,,,,,,,,
1450,,,,,,,,,|1450_1450_8_688_,
1451,,,,,,,,,,
1452,,,,,,,,,,
1453,,,,,,,,,,
1454,,,,,,,,,,
1455,,,,,,,,,,
1456,,,,,,,,,,
1457,,,,,,|1417_1457_5_678_,,,,
1458,,,,,,,,,,
1459,,,,,,,,,|1459_1459_8_690_,
1460,,,,,,,,,,
1461,,,,,,,,,,
1462,,,,,,|1422_1462_5_680_,,,,
1463,,,,,,,,,,
1464,,,,,,|1424_1464_5_682_,,,,
1465,,,,,|1425_1465_4_683_,,,,,
1466,,,,,,,,,,
1467,,,,,,,|1465_1467_6_693_,,,
1468,,,,,|1428_1468_4_684_,,,,,
1469,,,,,,,,,,
1470,,,,,,,|1468_1470_6_695_,,,
1471,,,,,,,,,|1471_1471_8_698_,
1472,,,,,,,,,,
1473,,,,,,,,,,
1474,,,,,,,,,,
1475,,,,,,,,,,
1476,,,,,,,,,,
1477,,,,,,,,,,
1478,,,,,,,,,,
1479,,,,,,,,,,
1480,,,,,,,,,,
1481,,,,,,,,,,
1482,,,,,,|1442_1482_5_686_,,,,
1483,,,,,,,,,,
1484,,,,,,,,,,
1485,,,,,,,,,,
1486,,,|1484_1486_2_702_,,,,,,,
1487,,,,,,,,,,
1488,,,,,,,,,,
1489,,,,,,,,,,
1490,,,,,,,,,,
1491,,,,,|1469_1491_4_696_,,,,,
1492,,,,,,|1452_1492_5_689_,,,,
1493,,,,,,,,,,
1494,,,,,,,,,,
1495,,,,,,,,,,
1496,,,,,,,,,,
1497,,,,,,|1462_1497_5_692_,,,,
1498,,,,,,,,,,
1499,,,,,,,,,,
1500,,,,,|1499_1500_4_704_,,,,,
1501,,,,,|1461_1501_4_691_,,,,,
1502,,,,,|1466_1502_4_694_,,,,,
1503,,,,,,,,,,
1504,,,|1502_1504_2_706_,,,,,,,
1505,,,,,,|1472_1505_5_699_,,,,
1506,,,,,|1470_1506_4_697_,,,,,
1507,,,,,,,,,,
1508,,,,,|1500_1508_4_705_,,,,,
1509,,,|1507_1509_2_710_,,,,,,,
1510,,,,,,,,,,
1511,,,,,,,|1509_1511_6_712_,,,
1512,,,,,,,,,,
1513,,,,,,,,,,
1514,,,|1512_1514_2_713_,,,,,,,
1515,,,,,,,,,,
1516,,,,,,,,,,
1517,,,,,|1483_1517_4_701_,,,,,
1518,,,,,,|1478_1518_5_700_,,,,
1519,,,,,,,,,,
1520,,,,,,,,,,
1521,,,,,|1487_1521_4_703_,,,,,
1522,,,,,,,,,,
1523,,,,,,,,,,
1524,,,,,,,,,,
1525,,,,,,,,,,
1526,,,,,,,,,,
1527,,,,,|1527_1527_4_718_,,|1525_1527_6_717_,,,
1528,,,,,,,,,,
1529,,,,,,,,,,
1530,,,,,,,,,,
1531,,,,,,,,,,
1532,,,,,|1531_1532_4_719_,,,,,
1533,,,,,,,,,,
1534,,,,,,,,,,
1535,,,,,,,,,,
1536,,,,,|1503_1536_4_707_,,,,,
1537,,,,,,,,,,
1538,,,,,,,,,|1538_1538_8_723_,
1539,,,,,|1504_1539_4_708_,,,,,
1540,,,,,|1519_1540_4_715_,,,,|1540_1540_8_724_,
1541,,,,,,|1535_1541_5_721_,,,,
1542,,,,,|1534_1542_4_720_,,,,,
1543,,,,,,,,,,
1544,,,,,,,,,,
1545,,,,,,,,,,
1546,,,,,|1506_1546_4_709_|1508_1546_4_711_,,,,,
1547,,,,,,|1517_1547_5_714_,,,,
1548,,,,,,,,,,
1549,,,,,,,,,,
1550,,,,,,,,,,
1551,,,,,,,,,,
1552,,,,,,,,,,
1553,,,,,,,,,,
1554,,,,,,,,,,
1555,,,,,,|1555_1555_5_729_,,,,
1556,,,,,,,,,,
1557,,,,,,,,,,
1558,,,,,,,,,,
1559,,,,,,,,,|1559_1559_8_730_,
1560,,,,,,,,,,
1561,,,,,,,,,,
1562,,,,,|1561_1562_4_731_,,,,,
1563,,,,,|1562_1563_4_732_,,,,,
1564,,,,,,|1524_1564_5_716_,,,,
1565,,,,,|1553_1565_4_728_,,,,,
1566,,,,,,,,,,
1567,,,,,,,,,,
1568,,,,,,,,,,
1569,,,,,,,,,,
1570,,,,,|1546_1570_4_727_,,,,|1570_1570_8_734_,
1571,,,,,,,,,,
1572,,,,,|1571_1572_4_735_,,,,,
1573,,,,,|1537_1573_4_722_,,,,,
1574,,,,,,,,,,
1575,,,,,,,,,,
1576,,,,,,,,,,
1577,,,,,,,,,,
1578,,,,,,,,,,
1579,,,,,,,,,,
1580,,,,,,,,,,
1581,,,,,,|1545_1581_5_726_,,,|1581_1581_8_738_,
1582,,,,,,|1542_1582_5_725_,,,,
1583,,,,,,,,,,
1584,,,,,,,,,,
1585,,,,,,,,,,
1586,,,,,,,,,,
1587,,,,,,,,,,
1588,,,,,,,,,,
1589,,,,,,,,,|1589_1589_8_740_,
1590,,,,,,,,,,
1591,,,,,,,,,,
1592,,,,,,,,,,
1593,,,,,,|1593_1593_5_741_,,,,
1594,,,,,,,,,,
1595,,,,,,,,,,
1596,,,,,,,,,,
1597,,,,,,,,,,
1598,,,,,,,,,,
1599,,,,,|1598_1599_4_744_,,,,,
1600,,,,,,,,,,
1601,,,,,,|1564_1601_5_733_,,,,
1602,,,,,,,,,,
1603,,,,,,|1573_1603_5_736_,,,,
1604,,,,,,,,,,
1605,,,|1603_1605_2_745_,,,,,,|1605_1605_8_746_,
1606,,,,,,,,,,
1607,,,,,,,,,,
1608,,,,,,,,,,
1609,,,,,,,,,|1609_1609_8_748_,
1610,,,,,,,,,,
1611,,,,,,|1611_1611_5_749_,,,,
1612,,,,,,,,,,
1613,,,,,,,,,,
1614,,,,,|1576_1614_4_737_,,,,,
1615,,,|1613_1615_2_750_,,,|1587_1615_5_739_,,,,
1616,,,,,,,,,,
1617,,,,,,,,,,
1618,,,,,|1596_1618_4_742_,,,,,
1619,,,,,|1616_1619_4_751_,,,,,
1620,,,,,,,,,,
1621,,,,,,,,,,
1622,,,,,,,,,,
1623,,,,,,,,,,
1624,,,,,,|1597_1624_5_743_,,,,
1625,,,,,,,,,,
1626,,,,,,,,,,
1627,,,,,,,,,,
1628,,,,,,|1628_1628_5_754_,,,,
1629,,,,,,,,,,
1630,,,,,,,,,,
1631,,,,,,,,,,
1632,,,,,|1631_1632_4_755_,,,,,
1633,,,,,,,,,,
1634,,,|1632_1634_2_756_,,,,,,,
1635,,,,,,,,,,
1636,,,,,,,,,,
1637,,,,,,,,,,
1638,,,,,,|1638_1638_5_757_,,,,
1639,,,,,,,,,,
1640,,,,,,,,,,
1641,,,,,,,,,,
1642,,,,,,,,,,
1643,,,,,,,,,,
1644,,,,,|1606_1644_4_747_,,,,,
1645,,,,,,,,,,
1646,,,,,,,,,,
1647,,,,,|1643_1647_4_758_,,|1645_1647_6_759_,,,
1648,,,,,,,,,,
1649,,,,,|1618_1649_4_752_,,,,,
1650,,,|1648_1650_2_760_,,,|1650_1650_5_761_,,,,
1651,,,,,,,,,,
1652,,,,,,,,,,
1653,,,,,,,,,,
1654,,,|1652_1654_2_762_,,,,,,,
1655,,,,,,,,,,
1656,,,,,,,,,,
1657,,,,,,,,,,
1658,,,,,,,,,,
1659,,,,,,,,,,
1660,,,,,,|1660_1660_5_764_,,,,
1661,,,,,|1623_1661_4_753_,,,,,
1662,,,,,,,,,,
1663,,,,,,|1663_1663_5_765_,,,,
1664,,,,,,,,,,
1665,,,,,,|1665_1665_5_766_,,,,
1666,,,,,,,,,,
1667,,,,,,,,,,
1668,,,,,,,,,|1668_1668_8_768_,
1669,,,,,,,,,,
1670,,,,,,,,,|1670_1670_8_770_,
1671,,,,,,,|1669_1671_6_769_,,,
1672,,,,,,,,,,
1673,,,,,,,,,,
1674,,,,,,,,,,
1675,,,,,,,,,,
1676,,,,,,,,,,
1677,,,,,,,,,,
1678,,,,,,,,,,
1679,,,,,|1678_1679_4_771_,,,,|1679_1679_8_772_,
1680,,,,,,,,,,
1681,,,,,|1680_1681_4_773_,,,,,
1682,,,,,,,,,,
1683,,,,,,,,,,
1684,,,,,,|1684_1684_5_774_,,,,
1685,,,,,,,,,,
1686,,,,,|1658_1686_4_763_,,,,,
1687,,,,,,,,,,
1688,,,,,,,,,,
1689,,,,,,,,,,
1690,,,,,|1667_1690_4_767_,,,,,
1691,,,,,,,,,,
1692,,,,,,,,,,
1693,,,,,,,|1691_1693_6_777_,,,
1694,,,,,,,,,,
1695,,,,,,,,,,
1696,,,,,,,,,,
1697,,,,,,,,,,
1698,,,,,,,|1696_1698_6_779_,,,
1699,,,,,,,,,,
1700,,,,,,,,,,
1701,,,,,,,,,,
1702,,,,,,,,,|1702_1702_8_782_,
1703,,,,,,,|1701_1703_6_781_,,|1703_1703_8_783_,
1704,,,,,,,,,,
1705,,,,,,,,,,
1706,,,,,|1705_1706_4_784_,,,,,
1707,,,,,,,,,,
1708,,,,,,,,,,
1709,,,|1707_1709_2_785_,,,,,,,
1710,,,,,,,,,,
1711,,,,,|1710_1711_4_787_,,|1709_1711_6_786_,,,
1712,,,,,,,,,,
1713,,,,,,,,,,
1714,,,,,,,,,|1714_1714_8_788_,
1715,,,,,,,,,,
1716,,,,,,,,,,
1717,,,,,,,,,,
1718,,,,,,,,,,
1719,,,,,,,,,,
1720,,,,,,,,,,
1721,,,,,,,,,,
1722,,,,,,,,,,
1723,,,,,|1722_1723_4_789_,,,,,
1724,,,,,,,,,,
1725,,,,,|1687_1725_4_775_,|1725_1725_5_790_,,,,
1726,,,,,,,,,,
1727,,,,,|1689_1727_4_776_,,,,,
1728,,,,,,,|1726_1728_6_791_,,,
1729,,,,,|1728_1729_4_792_,|1729_1729_5_793_,,,,
1730,,,,,,,,,,
1731,,,,,|1693_1731_4_778_,,,,,
1732,,,,,,|1732_1732_5_794_,,,,
1733,,,,,,,,,,
1734,,,,,,,,,,
1735,,,,,|1697_1735_4_780_,,,,,
1736,,,,,,,,,,
1737,,,,,,,,,,
1738,,,,,|1737_1738_4_795_,,,,,
1739,,,,,,,,,,
1740,,,,,|1739_1740_4_796_,,,,,
1741,,,,,,,,,,
1742,,,,,,,,,,
1743,,,,,|1742_1743_4_797_,,,,,
1744,,,,,,,,,,
1745,,,,,,,,,,
1746,,,,,|1745_1746_4_798_,,,,,
1747,,,,,,,,,,
1748,,,,,,,,,,
1749,,,,,,,,,,
1750,,,,,,,,,,
1751,,,,,,,,,,
1752,,,,,,,|1750_1752_6_799_,,,
1753,,,,,,,,,,
1754,,,,,,,,,,
1755,,,,,,,,,,
1756,,,,,,,,,,
1757,,,,,,,,,,
1758,,,,,,,,,,
1759,,,,,,,,,,
1760,,,,,,,|1758_1760_6_801_,,,
1761,,,,,|1756_1761_4_800_,,,,,
1762,,,,,,,,,,
1763,,,|1761_1763_2_802_,,,,,,,
1764,,,,,,,,,,
1765,,,,,|1764_1765_4_803_,,,,,
1766,,,,,|1765_1766_4_804_,,,,,
1767,,,,,,,,,,
1768,,,,,,,,,,
1769,,,|1767_1769_2_805_,,,,,,,
1770,,,,,,,,,,
1771,,,,,|1770_1771_4_806_,,,,|1771_1771_8_807_,
1772,,,,,,,,,,
1773,,,,,|1772_1773_4_808_,,,,,
1774,,,,,,,,,,
1775,,,,,,,,,,
1776,,,,,|1775_1776_4_809_,,,,,
1777,,,,,,,,,,
1778,,,|1776_1778_2_810_,,,,,,,
1779,,,,,|1778_1779_4_811_,,,,,
1780,,,,,,,,,,
1781,,,,,,,,,,
1782,,,,,,,,,,
1783,,,,,,,,,,
1784,,,,,|1783_1784_4_812_,,,,,
1785,,,,,,,,,,
1786,,,,,,,,,,
1787,,,,,,,,,,
1788,,,,,,,,,,
1789,,,,,,,,,,
1790,,,,,,,,,|1790_1790_8_813_,
1791,,,,,,,,,,
1792,,,,,,,,,,
1793,,,,,,,,,,
1794,,,,,,|1794_1794_5_814_,,,,
1795,,,,,,,,,,
1796,,,,,,,,,,
1797,,,,,,,,,,
1798,,,,,,,|1795_1798_6_815_,,,
1799,,,,,,,,,,
1800,,,,,,,,,|1800_1800_8_816_,
1801,,,,,,,,,,
1802,,,,,,,,,,
1803,,,,,,|1803_1803_5_817_,,,,
1804,,,,,,,,,,
1805,,,,,,,,,,
1806,,,,,,,,,,
1807,,,,,,,,,,
1808,,,,,,|1808_1808_5_818_,,,,
1809,,,,,,,,,,
1810,,,,,|1809_1810_4_819_,,,,,
1811,,,,,,,,,,
1812,,,|1810_1812_2_820_,,,,,,,
1813,,,|1811_1813_2_821_,,,,,,,
1814,,,,,,,,,,
1815,,,,,,,,,,
1816,,,,,,,,,,
1817,,,,,|1816_1817_4_823_,,,,,
1818,,,,,,,|1815_1818_6_822_,,,
1819,,,,,,,,,,
1820,,,,,,,,,,
1821,,,,,|1820_1821_4_824_,,,,,
1822,,,,,,,,,,
1823,,,,,,,,,,
1824,,,,,,,,,,
1825,,,,,,,,,,
1826,,,,,,,,,,
1827,,,,,,,|1824_1827_6_825_,,,
1828,,,,,,,,,,
1829,,,|1827_1829_2_826_,,,,,,,
1830,,,,,,,,,,
1831,,,,,,,,,,
1832,,,,,,,,,,
1833,,,,,,,,,,
1834,,,,,,,,,,
1835,,,,,,,,,,
1836,,,,,,,|1833_1836_6_827_,,,
1837,,,,,,,,,,
1838,,,,,,,,,,
1839,,,,,,,,,,
1840,,,,,,,,,,
1841,,,,,,,,,,
1842,,,,,,,,,,
1843,,,,,,,,,,
1844,,,,,,,,,,
1845,,,,,,,,,,
1846,,,,,,,,,,
1847,,,,,|1846_1847_4_828_,,,,,
1848,,,,,,,,,,
1849,,,,,,,,,,
1850,,,,,,,,,,
1851,,,,,|1850_1851_4_829_,,,,|1851_1851_8_830_,
1852,,,,,,,,,,
1853,,,,,,,,,,
1854,,,,,,,,,,
1855,,,,,,,,,,
1856,,,,,,,,,,
1857,,,|1855_1857_2_831_,,,,,,|1857_1857_8_832_,
1858,,,,,,,,,,
1859,,,,,,|1859_1859_5_833_,,,,
1860,,,,,,,,,,
1861,,,,,|1860_1861_4_834_,,,,,
1862,,,,,,,,,,
1863,,,,,|1862_1863_4_835_,,,,,
1864,,,,,,,,,,
1865,,,,,,,,,,
1866,,,,,,,,,,
1867,,,,,,,,,,
1868,,,,,,,,,,
1869,,,,,|1868_1869_4_836_,,,,,
1870,,,,,,,,,,
1871,,,,,,,,,,
1872,,,,,,,,,,
1873,,,,,,,,,,
1874,,,,,|1873_1874_4_837_,,,,,
1875,,,,,,,,,,
1876,,,,,,,,,,
1877,,,,,,,,,,
1878,,,,,,,,,,
1879,,,,,|1878_1879_4_838_,,,,,
1880,,,,,,|1880_1880_5_839_,,,,
1881,,,,,,,,,,
1882,,,,,,,,,,
1883,,,,,,,,,,
1884,,,,,,|1884_1884_5_840_,,,,
1885,,,,,,,,,,
1886,,,,,,,,,|1886_1886_8_842_,
1887,,,,,,,,,,
1888,,,,,,,,,,
1889,,,,,,,,,,
1890,,,,,,,,,,
1891,,,,,,,,,,
1892,,,,,,,,,,
1893,,,,,,,,,,
1894,,,,,,,,,,
1895,,,,,,,,,,
1896,,,,,,,|1893_1896_6_843_,,,
1897,,,,,,,,,,
1898,,,|1896_1898_2_844_,,,,,,,
1899,,,,,,,,,,
1900,,,|1898_1900_2_845_,,,,,,,
1901,,,,,,,,,,
1902,,,,,,,,,,
1903,,,|1901_1903_2_846_,,|1902_1903_4_847_,,,,,
1904,,,,,,,,,,
1905,,,,,,,,,,
1906,,,,,,,,,,
1907,,,,,,,,,,
1908,,,,,,|1908_1908_5_849_,,,,
1909,,,,,,,,,,
1910,,,,,,,,,,
1911,,,,,,,,,,
1912,,,,,,,,,,
1913,,,,,,,,,,
1914,,,,,,,,,,
1915,,,,,|1914_1915_4_850_,,,,,
1916,,,,,|1915_1916_4_851_,,,,,
1917,,,,,,,,,|1917_1917_8_852_,
1918,,,,,,,,,|1918_1918_8_853_,
1919,,,,,,,,,,
1920,,,,,,,,,,
1921,,,,,,,,,,
1922,,,|1920_1922_2_854_,,,,,,,
1923,,,|1921_1923_2_855_,,,,,,,
1924,,,,,|1885_1924_4_841_,,,,,
1925,,,,,,,,,,
1926,,,,,,|1926_1926_5_856_,,,,
1927,,,,,,,,,,
1928,,,,,,,,,,
1929,,,,,,,,,,
1930,,,,,,,,,,
1931,,,,,,,,,,
1932,,,,,,,,,,
1933,,,,,,,,,,
1934,,,,,|1934_1934_4_859_,,,,,
1935,,,,,,,,,,
1936,,,,,,,,,,
1937,,,,,,,,,,
1938,,,,,,,,,,
1939,,,,,|1938_1939_4_860_,,,,,
1940,,,,,,|1940_1940_5_861_,,,,
1941,,,,,,,,,,
1942,,,,,,,,,,
1943,,,,,,,,,,
1944,,,,,,,,,,
1945,,,,,|1905_1945_4_848_,,,,,
1946,,,,,,,,,,
1947,,,,,,,,,,
1948,,,,,,,|1945_1948_6_863_,,,
1949,,,|1947_1949_2_864_,,,,,,,
1950,,,,,,,,,,
1951,,,,,,,,,,
1952,,,,,,,,,,
1953,,,,,,,,,,
1954,,,,,,,,,,
1955,,,,,,,,,,
1956,,,|1954_1956_2_866_,,,,,,,
1957,,,,,|1950_1957_4_865_,,,,,
1958,,,,,,,,,,
1959,,,,,|1958_1959_4_867_,,,,,
1960,,,,,,,,,,
1961,,,|1959_1961_2_868_,,,,,,,
1962,,,,,,,,,,
1963,,,,,|1931_1963_4_858_,,,,,
1964,,,,,|1963_1964_4_869_,,,,,
1965,,,,,,,,,,
1966,,,,,,,,,,
1967,,,,,,,,,,
1968,,,,,|1928_1968_4_857_,,,,,
1969,,,,,,,,,|1969_1969_8_870_,
1970,,,,,,,,,,
1971,,,,,|1970_1971_4_871_,|1971_1971_5_872_,,,,
1972,,,,,,,,,,
1973,,,,,,,,,,
1974,,,,,,,,,,
1975,,,,,|1974_1975_4_873_,,,,,
1976,,,,,,,,,,
1977,,,,,,,,,,
1978,,,,,,,,,,
1979,,,,,,,,,,
1980,,,,,|1979_1980_4_874_,,,,,
1981,,,,,,,,,,
1982,,,,,|1942_1982_4_862_,,,,,
1983,,,,,,,,,,
1984,,,,,,,,,,
1985,,,,,,,,,,
1986,,,,,,,,,,
1987,,,,,,,,,,
1988,,,,,,,,,,
1989,,,,,,,,,,
1990,,,,,,,,,,
1991,,,,,,,,,,
1992,,,,,,,,,,
1993,,,,,,,,,,
1994,,,,,,,,,,
1995,,,,,,,,,,
1996,,,,,,,,,|1996_1996_8_876_,
1997,,,,,,,,,,
1998,,,,,,,,,,
1999,,,,,,,,,,
2000,,,,,|1999_2000_4_877_,,,,,
2001,,,,,,,,,,
2002,,,,,,,,,,
2003,,,,,,,,,,
2004,,,,,,,,,,
2005,,,,,,,,,,
2006,,,,,,,|2003_2006_6_878_,,,
2007,,,,,,,,,,
2008,,,,,,,,,,
2009,,,,,,,,,,
2010,,,,,|1994_2010_4_875_|2008_2010_4_879_,,,,,
2011,,,,,,,,,,
2012,,,,,,,,,,
2013,,,,,,,,,,
2014,,,,,|2012_2014_4_880_,,,,,
2015,,,,,,,,,,
2016,,,|2013_2016_2_881_,,,,,,,
2017,,,,,,,,,,
2018,,,,,,,,,,
2019,,,,,,,,,|2016_2019_8_882_,
2020,,,,,,,,,,
2021,,,,,,,,,,
2022,,,,,,,,,,
2023,,,,,,,,,,
2024,,,,,,,,,,
2025,,,,,,,,,,
2026,,,,,,,|2022_2026_6_883_,,,
2027,,,,,,,,,,
2028,,,,,,,,,|2025_2028_8_884_,
2029,,,,,,,,,,
2030,,,,,,,,,,
2031,,,,,,,,,,
2032,,,,,|2030_2032_4_885_,,,,,
2033,,,,,,,,,,
2034,,,,,,,,,,
2035,,,,,,,,,|2032_2035_8_886_,
2036,,,,,,,,,,
2037,,,,,,,,,,
2038,,,,,|2036_2038_4_888_,,,,,
2039,,,,,,,,,,
2040,,,,,,,,,,
2041,,,,,|2039_2041_4_889_,,,,,
2042,,,,,,,,,,
2043,,,,,,,,,,
2044,,,,,,,,,,
2045,,,,,,,,,,
2046,,,,,,,,,,
2047,,,,,,,,,,
2048,,,,,,,,,,
2049,,,,,,,,,,
2050,,,,,,,,,,
2051,,,,,,,,,,
2052,,,,,,,,,,
2053,,,,,,,,,,
2054,,,,,,,,,,
2055,,,|2052_2055_2_890_,,|2053_2055_4_891_,,,,,
2056,,,,,|2054_2056_4_892_,,,,,
2057,,,,,,,,,,
2058,,,,,,,,,,
2059,,,,,,,,,,
2060,,,,,|2058_2060_4_893_,,,,,
2061,,,,,,|2061_2061_5_894_,,,,
2062,,,,,,,,,,
2063,,,,,,,,,,
2064,,,,,|2062_2064_4_895_,,,,,
2065,,,,,,,,,,
2066,,,,,|2064_2066_4_896_,,,,,
2067,,,,,,,,,,
2068,,,|2065_2068_2_897_,,,,,,,
2069,,,,,,,,,,
2070,,,,,,,|2066_2070_6_898_,,,
2071,,,,,,,,,,
2072,,,,,,,,,,
2073,,,,,|2035_2073_4_887_,,,,,
2074,,,,,,,,,,
2075,,,,,,,,,,
2076,,,,,,,,,,
2077,,,,,,,,,,
2078,,,,,,,,,,
2079,,,,,,,,,,
2080,,,,,,,,,,
2081,,,,,,,,,,
2082,,,,,,,,,|2079_2082_8_899_,
2083,,,,,,,,,,
2084,,,,,,,,,,
2085,,,,,,,,,,
2086,,,,,,,,,|2083_2086_8_900_,
2087,,,,,,|2087_2087_5_903_,,,,
2088,,,,,,,,,|2085_2088_8_902_,
2089,,,,,,,,,,
2090,,,,,,,,,,
2091,,,,,,,,,,
2092,,,,,|2090_2092_4_904_,,,,,
2093,,,,,,,,,,
2094,,,,,,,,,,
2095,,,,,,,,,,
2096,,,,,,,,,,
2097,,,,,,,,,,
2098,,,,,|2096_2098_4_905_,,,,,
2099,,,,,,,,,,
2100,,,,,|2098_2100_4_906_,,,,,
2101,,,,,,|2101_2101_5_907_,,,,
2102,,,,,,,,,,
2103,,,,,,|2103_2103_5_908_,,,,
2104,,,,,,,,,,
2105,,,,,,,,,,
2106,,,,,,,,,,
2107,,,,,,,,,,
2108,,,,,|2106_2108_4_909_,,,,,
2109,,,,,,,,,,
2110,,,,,,|2110_2110_5_910_,,,,
2111,,,,,,,,,,
2112,,,,,,,,,,
2113,,,,,,,,,,
2114,,,,,,,,,,
2115,,,,,,,,,,
2116,,,,,,,,,,
2117,,,|2114_2117_2_911_,,,,,,,
2118,,,,,,,,,,
2119,,,,,,,,,,
2120,,,,,,,,,,
2121,,,,,|2119_2121_4_913_,,|2117_2121_6_912_,,,
2122,,,,,,,,,,
2123,,,,,|2084_2123_4_901_,,,,,
2124,,,,,,,,,,
2125,,,,,|2123_2125_4_915_,,,,,
2126,,,,,,,,,,
2127,,,,,,,,,,
2128,,,,,,,,,,
2129,,,,,,,,,,
2130,,,,,,,,,,
2131,,,,,,,,,,
2132,,,,,,,,,,
2133,,,,,,,,,,
2134,,,,,,,,,,
2135,,,,,,,,,,
2136,,,,,,,,,,
2137,,,,,,,,,,
2138,,,,,,,,,,
2139,,,,,,,,,,
2140,,,,,,,,,,
2141,,,,,,,,,,
2142,,,,,|2142_2142_4_919_,,,,,
2143,,,,,,,,,,
2144,,,,,,,,,,
2145,,,,,,,|2141_2145_6_918_,,,
2146,,,,,,,,,,
2147,,,,,,,,,,
2148,,,,,,,,,,
2149,,,,,,,,,,
2150,,,,,,,,,,
2151,,,,,,,|2147_2151_6_920_,,,
2152,,,,,,,,,,
2153,,,,,,,,,,
2154,,,,,,,,,,
2155,,,,,,,,,,
2156,,,,,,,,,,
2157,,,,,,,,,,
2158,,,,,,,,,,
2159,,,,,|2121_2159_4_914_,,,,,
2160,,,,,,,,,,
2161,,,,,,,,,,
2162,,,,,,,,,,
2163,,,,,,,,,,
2164,,,,,|2162_2164_4_921_,,,,,
2165,,,,,,,,,,
2166,,,,,,,,,,
2167,,,,,,,,,,
2168,,,,,,,,,,
2169,,,,,,,,,,
2170,,,,,,,,,,
2171,,,,,,,,,,
2172,,,,,|2170_2172_4_922_,,,,,
2173,,,,,,,,,,
2174,,,,,|2137_2174_4_916_,,,,,
2175,,,,,,,,,,
2176,,,,,,,,,,
2177,,,,,|2139_2177_4_917_,,,,,
2178,,,,,,,,,,
2179,,,,,,,,,,
2180,,,,,,,,,,
2181,,,,,,,,,,
2182,,,,,,,,,|2179_2182_8_924_,
2183,,,,,,,,,,
2184,,,,,,,,,,
2185,,,,,,,,,|2182_2185_8_926_,
2186,,,,,,,,,,
2187,,,,,|2174_2187_4_923_,,,,,
2188,,,,,,,,,|2185_2188_8_927_,
2189,,,,,,,,,,
2190,,,,,,,,,,
2191,,,,,,,,,,
2192,,,,,,,,,,
2193,,,,,,,,,,
2194,,,,,,,,,,
2195,,,,,,,|2191_2195_6_928_,,,
2196,,,,,,,|2192_2196_6_929_,,,
2197,,,,,,,,,,
2198,,,,,,,,,,
2199,,,,,,,,,,
2200,,,,,,,,,,
2201,,,,,|2199_2201_4_930_,|2201_2201_5_932_,,,,
2202,,,,,,,,,,
2203,,,|2200_2203_2_931_,,,,,,,
2204,,,,,,,,,,
2205,,,|2202_2205_2_933_,,,,,,,
2206,,,,,,,,,,
2207,,,,,,,,,,
2208,,,,,,,,,,
2209,,,,,,,,,,
2210,,,,,,,,,,
2211,,,,,,,,,,
2212,,,,,,,,,,
2213,,,,,,,,,,
2214,,,,,,,,,,
2215,,,,,,,,,,
2216,,,,,,|2216_2216_5_936_,,,,
2217,,,,,,,,,,
2218,,,,,,,,,,
2219,,,,,,,,,,
2220,,,,,|2180_2220_4_925_,,,,,
2221,,,,,,,,,,
2222,,,,,,,,,,
2223,,,,,,,,,,
2224,,,,,,,,,,
2225,,,,,,,,,,
2226,,,,,,,,,,
2227,,,,,,,,,,
2228,,,,,,,,,,
2229,,,,,,,,,|2226_2229_8_937_,
2230,,,,,,,,,,
2231,,,,,,,,,,
2232,,,,,,,,,,
2233,,,,,,,,,,
2234,,,,,,,,,,
2235,,,,,,,,,,
2236,,,,,,,,,,
2237,,,,,,,,,,
2238,,,,,,,,,,
2239,,,,,,,,,,
2240,,,,,,,,,,
2241,,,,,,,,,,
2242,,,,,,,,,,
2243,,,,,,,,,,
2244,,,,,|2206_2244_4_934_,,,,,
2245,,,,,,,,,,
2246,,,,,,,|2242_2246_6_940_,,,
2247,,,,,,,,,,
2248,,,,,,,,,,
2249,,,,,,,,,,
2250,,,,,,,,,,
2251,,,,,,,,,,
2252,,,,,|2212_2252_4_935_,,,,|2249_2252_8_943_,
2253,,,|2250_2253_2_944_,,,,,,,
2254,,,,,,,,,,
2255,,,,,,,,,,
2256,,,,,,,,,,
2257,,,|2254_2257_2_945_,,,,,,,
2258,,,,,,,,,,
2259,,,,,,,,,,
2260,,,,,,,,,,
2261,,,,,,,|2257_2261_6_947_,,,
2262,,,,,,,,,,
2263,,,,,,,,,,
2264,,,,,,,,,,
2265,,,,,,,,,,
2266,,,,,,,,,,
2267,,,,,|2263_2267_4_949_,,,,,
2268,,,,,,,,,,
2269,,,,,,,,,,
2270,,,,,,,,,,
2271,,,,,,,,,,
2272,,,,,,,,,,
2273,,,,,|2240_2273_4_938_,,,,,
2274,,,,,,,,,,
2275,,,,,,,,,,
2276,,,,,,,,,,
2277,,,,,,,,,,
2278,,,,,,,,,,
2279,,,,,|2241_2279_4_939_,,,,,
2280,,,,,,,,,,
2281,,,,,|2243_2281_4_941_,,,,,
2282,,,,,,,,,,
2283,,,,,,,,,,
2284,,,,,,,,,,
2285,,,,,|2247_2285_4_942_|2265_2285_4_950_,,,,,
2286,,,,,,,,,,
2287,,,,,,,,,,
2288,,,,,,,,,,
2289,,,,,,,,,,
2290,,,,,|2255_2290_4_946_,,,,,
2291,,,,,,,,,,
2292,,,,,,,,,,
2293,,,|2291_2293_2_952_,,,,,,,
2294,,,,,,,,,,
2295,,,,,,,,,,
2296,,,,,,,,,,
2297,,,,,,,,,,
2298,,,,,|2261_2298_4_948_,,,,,
2299,,,,,,,,,,
2300,,,,,,,,,,
2301,,,,,,,,,,
2302,,,,,,,,,,
2303,,,,,,,,,,
2304,,,,,,,,,,
2305,,,,,,,,,|2305_2305_8_953_,
2306,,,,,,,,,|2306_2306_8_954_,
2307,,,,,,,,,,
2308,,,,,,,,,,
2309,,,,,,,,,,
2310,,,|2308_2310_2_955_,,,,,,,
2311,,,,,,,,,,
2312,,,,,,,,,,
2313,,,,,,,,,,
2314,,,,,|2275_2314_4_951_,,|2311_2314_6_956_,,,
2315,,,,,|2314_2315_4_957_,,,,,
2316,,,,,,,,,,
2317,,,,,,,,,,
2318,,,,,,,,,,
2319,,,,,,,,,,
2320,,,,,,,,,,
2321,,,,,,,,,,
2322,,,,,,,,,,
2323,,,,,,,|2320_2323_6_958_,,,
2324,,,,,,,,,,
2325,,,,,,,,,,
2326,,,,,,,,,,
2327,,,,,,,,,,
2328,,,,,,,,,,
2329,,,,,,,,,,
2330,,,,,,,,,,
2331,,,,,,,,,,
2332,,,,,,,,,,
2333,,,,,,,,,,
2334,,,,,,,,,,
2335,,,,,,,,,,
2336,,,,,,,,,,
2337,,,,,,,,,,
2338,,,|2336_2338_2_959_,,,,,,,
2339,,,,,,,,,,
2340,,,,,,,,,,
2341,,,,,,,,,,
2342,,,,,,,,,,
2343,,,|2341_2343_2_960_,,,,,,,
2344,,,,,,,,,,
2345,,,,,,,,,,
2346,,,,,,,,,|2346_2346_8_962_,
2347,,,,,,,,,,
2348,,,,,,,,,,
2349,,,,,,,,,,
2350,,,|2348_2350_2_963_,,,,,,,
2351,,,,,,,,,,
2352,,,,,,,,,,
2353,,,,,,,,,,
2354,,,,,,,,,,
2355,,,,,,,,,,
2356,,,,,,,,,,
2357,,,,,,,,,,
2358,,,,,,,,,,
2359,,,,,,,,,,
2360,,,,,,,,,,
2361,,,,,,,,,,
2362,,,,,|2352_2362_4_964_,,|2359_2362_6_966_,,,
2363,,,,,,,,,|2363_2363_8_967_,
2364,,,,,,,,,,
2365,,,,,,,,,,
2366,,,,,,,,,,
2367,,,,,,,,,,
2368,,,,,,,,,,
2369,,,,,,,,,,
2370,,,,,,,,,,
2371,,,,,,,,,,
2372,,,,,,,,,,
2373,,,,,,,,,,
2374,,,|2372_2374_2_969_,,,|2374_2374_5_970_,,,,
2375,,,,,,,,,,
2376,,,,,,,,,,
2377,,,,,,,,,,
2378,,,,,,,,,,
2379,,,,,,,,,,
2380,,,,,,,,,,
2381,,,,,,,,,,
2382,,,,,,,,,,
2383,,,,,|2345_2383_4_961_,,,,,
2384,,,,,,,,,,
2385,,,,,,,,,,
2386,,,,,|2354_2386_4_965_,,,,,
2387,,,,,,,,,,
2388,,,,,,,,,,
2389,,,,,,,,,,
2390,,,,,,,,,,
2391,,,,,,,,,,
2392,,,,,,,,,,
2393,,,,,,,,,,
2394,,,,,,,,,,
2395,,,,,,,,,,
2396,,,,,,,,,|2396_2396_8_972_,
2397,,,,,,,,,,
2398,,,,,,,,,,
2399,,,,,|2398_2399_4_973_,,,,,
2400,,,,,,,,,,
2401,,,,,,,,,,
2402,,,,,,,,,,
2403,,,,,,,,,,
2404,,,,,,,,,,
2405,,,,,|2404_2405_4_974_,,,,,
2406,,,,,|2366_2406_4_968_,,,,,
2407,,,,,,,,,,
2408,,,,,,,,,,
2409,,,,,,,,,,
2410,,,,,,,,,,
2411,,,,,,,,,,
2412,,,,,,,,,,
2413,,,,,,,,,,
2414,,,,,|2413_2414_4_977_,,,,,
2415,,,,,,,,,,
2416,,,,,,,,,,
2417,,,,,,,,,,
2418,,,,,,,,,,
2419,,,,,,,,,,
2420,,,,,|2407_2420_4_975_,,,,,
2421,,,,,,,,,,
2422,,,,,,,,,,
2423,,,,,|2384_2423_4_971_,,,,,
2424,,,,,,,,,,
2425,,,,,,,,,,
2426,,,,,,|2426_2426_5_979_,,,,
2427,,,|2425_2427_2_978_,,,,,,,
2428,,,,,,,,,,
2429,,,,,,,,,,
2430,,,,,,,,,,
2431,,,,,,,,,,
2432,,,,,,,,,,
2433,,,,,,,,,,
2434,,,,,,,,,|2434_2434_8_980_,
2435,,,,,,,,,,
2436,,,,,,,,,,
2437,,,,,,,,,,
2438,,,,,,,,,,
2439,,,,,,,,,,
2440,,,,,,,,,,
2441,,,,,,,,,,
2442,,,,,,,,,,
2443,,,,,,,,,,
2444,,,,,,,,,,
2445,,,,,,,,,,
2446,,,,,,,,,,
2447,,,,,,,,,,
2448,,,,,|2408_2448_4_976_,,,,,
2449,,,,,,,,,,
2450,,,,,,,,,,
2451,,,,,,,,,,
2452,,,,,,,,,,
2453,,,,,,,,,,
2454,,,,,,,,,,
2455,,,,,,,,,,
2456,,,,,,,,,,
2457,,,,,,,,,,
2458,,,,,,,,,,
2459,,,,,,,,,,
2460,,,,,,,,,,
2461,,,,,,,,,|2461_2461_8_982_,
2462,,,,,,,,,,
2463,,,,,,,,,,
2464,,,,,,,,,,
2465,,,,,,,,,,
2466,,,,,,,,,,
2467,,,,,,,,,,
2468,,,,,,,,,,
2469,,,,,,,,,,
2470,,,,,,,,,,
2471,,,,,,,,,,
2472,,,,,,,|2469_2472_6_985_,,,
2473,,,,,,,,,,
2474,,,,,,,,,,
2475,,,,,|2474_2475_4_986_,,,,,
2476,,,,,,,,,,
2477,,,,,,,,,,
2478,,,,,,,,,,
2479,,,,,,,,,,
2480,,,,,,,,,,
2481,,,,,,,,,,
2482,,,,,,,,,,
2483,,,,,,,,,,
2484,,,,,,,,,,
2485,,,,,,,,,,
2486,,,,,|2465_2486_4_983_,,,,,
2487,,,,,,,,,|2487_2487_8_992_,
2488,,,|2486_2488_2_991_,,,,,,,
2489,,,,,|2453_2489_4_981_,,,,,
2490,,,,,|2489_2490_4_993_,,,,,
2491,,,,,,,,,,
2492,,,,,,,,,,
2493,,,,,,,|2490_2493_6_994_,,,
2494,,,,,,|2494_2494_5_995_,,,,
2495,,,,,,,,,,
2496,,,,,,,,,,
2497,,,,,,,,,,
2498,,,,,,,,,,
2499,,,,,,,,,,
2500,,,,,,,,,,
2501,,,,,,,,,,
2502,,,,,,,,,,
2503,,,,,,,,,,
2504,,,,,,,,,,
2505,,,,,|2466_2505_4_984_,,,,,
2506,,,,,,,,,,
2507,,,,,,,,,,
2508,,,,,,,|2505_2508_6_997_,,,
2509,,,,,,,,,,
2510,,,,,,,,,,
2511,,,,,,,,,,
2512,,,,,,,,,,
2513,,,|2511_2513_2_998_,,,,,,,
2514,,,,,,,,,,
2515,,,,,,,,,,
2516,,,,,|2477_2516_4_987_,|2516_2516_5_999_,,,,
2517,,,,,|2478_2517_4_988_,,,,,
2518,,,,,|2479_2518_4_989_,,,,,
2519,,,,,|2480_2519_4_990_,,,,,
2520,,,,,,,,,,
2521,,,,,,,,,,
2522,,,,,,,,,|2522_2522_8_1000_,
2523,,,,,,,,,,
2524,,,,,,,,,,
2525,,,,,,,,,,
2526,,,,,,,,,,
2527,,,,,,,,,,
2528,,,,,,,,,,
2529,,,,,,,,,,
2530,,,,,,,,,,
2531,,,,,,,,,,
2532,,,,,,,|2529_2532_6_1001_,,,
2533,,,,,,,,,,
2534,,,,,,,,,,
2535,,,,,|2496_2535_4_996_,,,,|2535_2535_8_1002_,
2536,,,,,,,,,,
2537,,,,,,,,,,
2538,,,,,,,,,,
2539,,,,,,,,,,
2540,,,,,,,,,,
2541,,,,,,,,,,
2542,,,,,,,,,,
2543,,,,,,,,,,
2544,,,,,,,,,,
2545,,,,,,,,,,
2546,,,,,,,,,,
2547,,,,,,,,,,
2548,,,,,,,,,,
2549,,,,,,,,,,
2550,,,,,,,,,,
2551,,,,,|2550_2551_4_1004_,,,,,
2552,,,,,,,,,,
2553,,,|2551_2553_2_1005_,,,,,,,
2554,,,,,,,,,,
2555,,,,,,,,,,
2556,,,,,|2555_2556_4_1007_,,,,,
2557,,,,,,,,,,
2558,,,,,,,,,,
2559,,,,,,,,,,
2560,,,,,,,,,,
2561,,,,,|2553_2561_4_1006_,,,,,
2562,,,,,,,,,|2562_2562_8_1009_,
2563,,,,,,,,,,
2564,,,,,,,,,,
2565,,,,,,,,,,
2566,,,,,,,,,,
2567,,,,,,,,,,
2568,,,,,,,,,,
2569,,,,,,,,,,
2570,,,,,,,,,,
2571,,,,,,,,,,
2572,,,,,,,,,,
2573,,,,,|2558_2573_4_1008_,,,,,
2574,,,,,,,,,,
2575,,,,,,,,,,
2576,,,,,,,,,,
2577,,,,,,,,,,
2578,,,,,,,,,,
2579,,,,,,,,,,
2580,,,,,,,,,,
2581,,,,,,,,,,
2582,,,,,,,,,,
2583,,,,,,,|2581_2583_6_1012_,,,
2584,,,,,,,,,,
2585,,,,,,,,,,
2586,,,,,|2547_2586_4_1003_,,,,,
2587,,,,,,,,,,
2588,,,,,|2587_2588_4_1013_,,,,,
2589,,,,,,,,,,
2590,,,,,|2566_2590_4_1010_,,,,,
2591,,,,,,,,,,
2592,,,,,,,,,|2592_2592_8_1014_,
2593,,,,,,,,,,
2594,,,,,,,,,,
2595,,,,,,,,,,
2596,,,,,,,,,,
2597,,,,,,,,,,
2598,,,,,,,,,,
2599,,,,,|2598_2599_4_1015_,,,,,
2600,,,,,,,,,,
2601,,,,,,,,,,
2602,,,,,,,,,,
2603,,,,,,,,,,
2604,,,,,,,,,,
2605,,,,,,,,,,
2606,,,,,|2575_2606_4_1011_,,,,,
2607,,,|2605_2607_2_1018_,,,,,,,
2608,,,,,,,,,,
2609,,,,,,,,,,
2610,,,,,,,,,,
2611,,,,,,,,,,
2612,,,,,,,,,,
2613,,,,,,,,,,
2614,,,,,,,,,,
2615,,,,,,,,,,
2616,,,,,,,,,,
2617,,,,,,,,,,
2618,,,,,,,,,,
2619,,,,,,,,,,
2620,,,,,|2619_2620_4_1020_,,|2618_2620_6_1019_,,,
2621,,,,,,,,,,
2622,,,,,,,,,,
2623,,,,,,,,,,
2624,,,,,,,,,,
2625,,,,,,,,,,
2626,,,,,,,,,,
2627,,,,,,,,,,
2628,,,,,,,,,,
2629,,,,,,,,,,
2630,,,,,,,,,,
2631,,,,,,,,,,
2632,,,,,,,,,,
2633,,,,,,,,,,
2634,,,,,,,,,,
2635,,,,,,,|2633_2635_6_1022_,,,
2636,,,,,,,,,,
2637,,,,,,,,,,
2638,,,,,,,,,,
2639,,,,,|2638_2639_4_1024_,,,,,
2640,,,,,,,,,,
2641,,,,,,,,,,
2642,,,,,,,,,,
2643,,,,,|2603_2643_4_1016_,,,,,
2644,,,,,|2604_2644_4_1017_,,,,,
2645,,,,,,,,,,
2646,,,,,,,,,,
2647,,,,,,,,,,
2648,,,,,,,,,,
2649,,,,,,,,,,
2650,,,,,,,,,,
2651,,,,,|2650_2651_4_1026_,,,,,
2652,,,,,,,,,,
2653,,,,,,,,,,
2654,,,,,,,,,,
2655,,,,,,,,,,
2656,,,,,,,,,,
2657,,,,,,,,,,
2658,,,,,,,,,,
2659,,,,,,,,,,
2660,,,,,|2621_2660_4_1021_,,,,,
2661,,,,,,,,,,
2662,,,,,,,,,,
2663,,,,,,,,,,
2664,,,,,,,,,,
2665,,,,,,,,,,
2666,,,,,,,,,,
2667,,,,,,,,,,
2668,,,,,,,,,,
2669,,,,,,,,,,
2670,,,,,,,,,,
2671,,,,,,,,,,
2672,,,,,|2634_2672_4_1023_,,,,,
2673,,,,,,,,,|2673_2673_8_1029_,
2674,,,,,,,,,,
2675,,,,,,,,,,
2676,,,|2674_2676_2_1030_,,,,,,,
2677,,,,,,,,,,
2678,,,,,,,,,|2678_2678_8_1031_,
2679,,,,,,,,,,
2680,,,,,,,,,,
2681,,,,,,,,,|2681_2681_8_1032_,
2682,,,,,|2643_2682_4_1025_,,,,,
2683,,,,,,,,,,
2684,,,,,,,,,,
2685,,,,,,,,,,
2686,,,,,,,,,,
2687,,,,,,,,,,
2688,,,,,,,,,,
2689,,,,,,,,,,
2690,,,,,,,,,,
2691,,,,,|2654_2691_4_1027_,,,,,
2692,,,,,,,,,,
2693,,,,,,,,,,
2694,,,,,,,,,,
2695,,,,,,,,,,
2696,,,,,,,,,,
2697,,,,,,,,,,
2698,,,,,,,,,,
2699,,,|2697_2699_2_1034_,,,,,,|2699_2699_8_1035_,
2700,,,,,,,,,,
2701,,,,,,,,,,
2702,,,,,,,,,,
2703,,,,,,,,,,
2704,,,,,,,,,,
2705,,,,,,,,,,
2706,,,,,,,,,,
2707,,,,,,,,,,
2708,,,,,|2668_2708_4_1028_,,,,,
2709,,,,,,,|2707_2709_6_1036_,,,
2710,,,,,,,,,,
2711,,,,,,,,,,
2712,,,|2710_2712_2_1037_,,,,,,,
2713,,,,,,,,,,
2714,,,,,,,,,,
2715,,,,,,,,,,
2716,,,,,,,,,,
2717,,,,,,,,,|2717_2717_8_1038_,
2718,,,,,|2718_2718_4_1039_,,,,,
2719,,,,,,,,,,
2720,,,,,,,,,,
2721,,,,,,,,,,
2722,,,,,,,,,,
2723,,,,,,,,,,
2724,,,,,,,,,,
2725,,,,,,,,,,
2726,,,|2724_2726_2_1040_,,|2688_2726_4_1033_|2725_2726_4_1041_,,,,|2726_2726_8_1042_,
2727,,,,,,,,,,
2728,,,,,,,,,,
2729,,,,,,,,,,
2730,,,,,,,,,,
2731,,,,,,,,,,
2732,,,,,|2731_2732_4_1044_,,,,,
2733,,,,,,,,,,
2734,,,|2732_2734_2_1045_,,,,,,,
2735,,,,,,,,,,
2736,,,,,,,,,,
2737,,,,,,,,,,
2738,,,,,,,,,,
2739,,,,,,,,,,
2740,,,,,,,,,,
2741,,,,,,,,,,
2742,,,,,,,,,,
2743,,,,,,,,,,
2744,,,,,,,,,,
2745,,,,,,,,,,
2746,,,,,,,,,,
2747,,,,,,,,,,
2748,,,,,,,,,,
2749,,,,,,,,,,
2750,,,,,|2750_2750_4_1047_,,,,,
2751,,,,,,,,,,
2752,,,,,,,,,,
2753,,,|2751_2753_2_1048_,,,,,,,
2754,,,,,|2730_2754_4_1043_,,,,,
2755,,,,,,,,,,
2756,,,,,,,,,,
2757,,,,,,,,,,
2758,,,,,,,,,|2758_2758_8_1049_,
2759,,,,,,,,,,
2760,,,,,,,,,,
2761,,,,,,,,,,
2762,,,,,,,,,,
2763,,,,,,,,,,
2764,,,,,,,,,,
2765,,,,,,,,,,
2766,,,,,,,,,,
2767,,,,,|2766_2767_4_1050_,,,,,
2768,,,,,,,,,,
2769,,,,,,,,,,
2770,,,,,,,,,|2770_2770_8_1051_,
2771,,,,,,,,,,
2772,,,,,,,,,,
2773,,,,,,,,,,
2774,,,,,,,,,,
2775,,,,,,,,,,
2776,,,,,|2775_2776_4_1052_,,,,,
2777,,,,,,,,,,
2778,,,,,|2738_2778_4_1046_,,,,,
2779,,,,,,,,,|2779_2779_8_1054_,
2780,,,,,,,,,,
2781,,,,,,,,,,
2782,,,,,,,,,,
2783,,,,,,,,,,
2784,,,,,,,,,,
2785,,,,,,,,,,
2786,,,|2784_2786_2_1055_,,,,,,,
2787,,,,,,,,,,
2788,,,,,,,,,,
2789,,,,,,,,,,
2790,,,,,|2789_2790_4_1056_,,,,,
2791,,,,,,,,,,
2792,,,,,,,,,,
2793,,,,,|2778_2793_4_1053_,,,,,
2794,,,,,,,,,,
2795,,,,,,,,,,
2796,,,,,,,,,,
2797,,,,,,,,,|2797_2797_8_1058_,
2798,,,,,,,,,,
2799,,,,,,,,,,
2800,,,,,,,,,,
2801,,,,,,,,,,
2802,,,,,,,,,,
2803,,,,,,,,,,
2804,,,,,,,,,,
2805,,,,,,,,,|2805_2805_8_1060_,
2806,,,,,,,,,,
2807,,,,,,,,,,
2808,,,,,,,,,,
2809,,,,,,,,,,
2810,,,,,,,,,,
2811,,,|2809_2811_2_1061_,,,,,,,
2812,,,,,,,,,,
2813,,,,,,,,,,
2814,,,,,,,,,,
2815,,,,,,,,,,
2816,,,,,,,,,|2816_2816_8_1062_,
2817,,,,,,,,,,
2818,,,,,,,,,,
2819,,,,,,,,,,
2820,,,,,,,,,,
2821,,,,,,,,,,
2822,,,,,,,,,,
2823,,,,,,,,,,
2824,,,,,,,,,,
2825,,,,,,|2800_2825_5_1059_,,,,
2826,,,,,,,,,,
2827,,,,,,,,,,
2828,,,,,,,,,,
2829,,,,,|2793_2829_4_1057_,,,,,
2830,,,,,,,,,,
2831,,,,,,,,,,
2832,,,|2830_2832_2_1064_,,,,,,,
2833,,,,,,,|2831_2833_6_1065_,,,
2834,,,,,,,,,,
2835,,,,,,,,,,
2836,,,,,,,,,,
2837,,,,,,,,,,
2838,,,,,,,,,,
2839,,,,,,,,,,
2840,,,,,,,,,,
2841,,,,,,,,,,
2842,,,,,,,,,,
2843,,,,,,,,,,
2844,,,,,,,|2842_2844_6_1066_,,,
2845,,,,,,,,,,
2846,,,,,,,,,,
2847,,,,,,,,,,
2848,,,|2846_2848_2_1067_,,,,,,,
2849,,,,,,,,,,
2850,,,,,,,,,,
2851,,,,,,,,,,
2852,,,,,,,,,,
2853,,,,,,,,,,
2854,,,,,,,,,,
2855,,,,,,,,,,
2856,,,,,,,,,,
2857,,,,,,,,,,
2858,,,,,,,,,,
2859,,,,,,,,,,
2860,,,,,,,,,,
2861,,,,,,,,,,
2862,,,,,|2823_2862_4_1063_,,,,,
2863,,,|2861_2863_2_1070_,,,,,,,
2864,,,,,,,,,,
2865,,,,,,,,,,
2866,,,,,,,,,,
2867,,,,,,,,,,
2868,,,,,,,,,,
2869,,,,,,,,,,
2870,,,,,,,,,,
2871,,,,,,,,,|2871_2871_8_1073_,
2872,,,,,,,,,,
2873,,,,,,,,,,
2874,,,,,,,,,,
2875,,,,,,,|2872_2875_6_1074_,,,
2876,,,,,,,,,,
2877,,,,,,,,,,
2878,,,,,,,,,|2878_2878_8_1076_,
2879,,,,,,,,,,
2880,,,,,,,,,,
2881,,,,,,,,,,
2882,,,,,,,,,,
2883,,,,,,,,,,
2884,,,|2882_2884_2_1079_,,,,,,,
2885,,,,,|2848_2885_4_1068_,,,,,
2886,,,,,,,,,,
2887,,,,,,,,,,
2888,,,,,,,,,,
2889,,,,,,,,,,
2890,,,,,,,,,,
2891,,,,,,,,,,
2892,,,,,,,,,,
2893,,,,,,,,,,
2894,,,,,,,,,,
2895,,,,,,,,,,
2896,,,,,,,,,,
2897,,,,,,,,,,
2898,,,|2896_2898_2_1082_,,|2858_2898_4_1069_,,,,,
2899,,,,,,,,,,
2900,,,,,,,,,,
2901,,,,,|2869_2901_4_1072_,,,,,
2902,,,,,,,,,,
2903,,,,,,,,,,
2904,,,,,,,,,,
2905,,,,,,,,,,
2906,,,,,,,,,,
2907,,,,,,,,,,
2908,,,,,|2868_2908_4_1071_,,,,,
2909,,,,,,,,,,
2910,,,,,,,,,,
2911,,,,,,,|2908_2911_6_1084_,,,
2912,,,,,,,,,,
2913,,,,,|2873_2913_4_1075_,,|2910_2913_6_1085_,,,
2914,,,,,,,,,,
2915,,,,,,,,,,
2916,,,,,,,,,,
2917,,,,,,,,,,
2918,,,,,,,,,,
2919,,,,,|2879_2919_4_1077_,,,,,
2920,,,,,,,,,,
2921,,,,,|2881_2921_4_1078_,,,,,
2922,,,,,,,,,,
2923,,,,,,,,,,
2924,,,,,,,,,,
2925,,,,,,,,,,
2926,,,,,,,,,,
2927,,,,,,,,,,
2928,,,,,,,,,,
2929,,,,,,,,,,
2930,,,,,|2891_2930_4_1080_,,,,,
2931,,,,,,,|2928_2931_6_1088_,,,
2932,,,,,|2892_2932_4_1081_,,,,,
2933,,,,,,,,,,
2934,,,,,,,,,,
2935,,,,,,,,,,
2936,,,,,|2905_2936_4_1083_,,|2933_2936_6_1090_,,,
2937,,,,,,,,,,
2938,,,,,,,,,,
2939,,,|2937_2939_2_1091_,,|2917_2939_4_1086_,,,,,
2940,,,,,,,,,,
2941,,,,,,,,,,
2942,,,,,,,,,,
2943,,,,,|2932_2943_4_1089_,,,,,
2944,,,,,,,,,,
2945,,,,,,,,,,
2946,,,,,,,,,,
2947,,,,,,,,,,
2948,,,,,,,,,,
2949,,,,,,,,,,
2950,,,,,,,,,,
2951,,,,,,,,,,
2952,,,,,,,,,,
2953,,,,,,,,,,
2954,,,,,,,,,|2954_2954_8_1092_,
2955,,,,,,,,,,
2956,,,,,,,,,,
2957,,,,,,,,,,
2958,,,,,,,|2955_2958_6_1093_,,,
2959,,,,,|2921_2959_4_1087_,,,,,
2960,,,,,,,,,,
2961,,,,,,,,,,
2962,,,,,,,,,,
2963,,,,,,,,,,
2964,,,,,,,,,,
2965,,,,,,,,,,
2966,,,,,,,,,,
2967,,,,,,,,,,
2968,,,,,,,,,,
2969,,,,,,,,,,
2970,,,,,,,,,,
2971,,,,,,,,,,
2972,,,,,,,,,,
2973,,,,,,,,,,
2974,,,,,,,,,,
2975,,,,,,,,,,
2976,,,,,,,,,,
2977,,,,,,,,,,
2978,,,,,,,,,,
2979,,,,,,,,,,
2980,,,,,,,,,,
2981,,,,,,,,,,
2982,,,,,,,,,,
2983,,,,,,,,,,
2984,,,,,,,,,,
2985,,,,,,,,,,
2986,,,,,,,,,,
2987,,,,,,,,,,
2988,,,,,,,,,,
2989,,,,,,,,,,
2990,,,,,,,,,,
2991,,,,,,,,,,
2992,,,,,|2973_2992_4_1094_,,,,,
2993,,,,,,,,,,
2994,,,,,,,,,,
2995,,,,,,,,,,
2996,,,,,,,,,,
2997,,,,,,,,,,
2998,,,,,,,,,,
2999,,,,,,,,,,
3000,,,,,,,,,,
3001,,,,,,,,,,
3002,,,,,|2977_3002_4_1095_,,,,,
3003,,,|3001_3003_2_1096_,,,,,,,
3004,,,,,,,,,,
3005,,,,,,,,,,
3006,,,,,,,,,,
3007,,,,,,,,,,
3008,,,,,,,,,,
3009,,,,,,,,,,
3010,,,,,,,,,,
3011,,,,,,,,,,
3012,,,,,,,,,,
3013,,,,,,,,,|3013_3013_8_1099_,
3014,,,,,|3010_3014_4_1098_,,,,|3014_3014_8_1100_,
3015,,,,,,,,,,
3016,,,,,,,,,,
3017,,,,,,,,,,
3018,,,,,,,,,|3018_3018_8_1101_,
3019,,,,,,,,,,
3020,,,,,,,,,,
3021,,,,,,,,,,
3022,,,,,,,,,,
3023,,,,,,,,,,
3024,,,,,,,,,,
3025,,,,,,,,,,
3026,,,,,,,,,,
3027,,,,,,,,,,
3028,,,,,,,,,,
3029,,,,,,,,,,
3030,,,,,,,,,,
3031,,,,,,,,,,
3032,,,,,|3003_3032_4_1097_,,,,,
3033,,,,,,,,,,
3034,,,,,,,,,,
3035,,,,,,,,,,
3036,,,,,,,,,,
3037,,,,,,,,,,
3038,,,,,,,,,,
3039,,,,,,,,,,
3040,,,,,,,,,,
3041,,,,,,,,,,
3042,,,,,,,,,,
3043,,,,,,,,,,
3044,,,,,|3044_3044_4_1104_,,,,,
3045,,,,,,,,,,
3046,,,,,,,,,,
3047,,,,,,,,,,
3048,,,,,|3037_3048_4_1102_,,,,,
3049,,,,,,,,,,
3050,,,,,,,,,,
3051,,,,,,,,,,
3052,,,,,,,|3049_3052_6_1105_,,,
3053,,,,,,,,,,
3054,,,,,,,,,,
3055,,,,,,,,,,
3056,,,,,,,,,,
3057,,,,,,,|3054_3057_6_1106_,,,
3058,,,,,,,,,,
3059,,,,,,,,,,
3060,,,,,,,,,,
3061,,,,,|3041_3061_4_1103_,,,,,
3062,,,,,,,,,,
3063,,,,,,,,,,
3064,,,,,,,,,,
3065,,,,,,,,,,
3066,,,,,,,,,,
3067,,,,,|3066_3067_4_1107_,,,,,
3068,,,,,,,,,,
3069,,,,,,,,,,
3070,,,,,,,,,,
3071,,,,,,,,,,
3072,,,,,,,,,,
3073,,,|3071_3073_2_1109_,,,,,,,
3074,,,,,,,,,,
3075,,,,,,,,,,
3076,,,,,|3069_3076_4_1108_,,,,,
3077,,,,,,,,,,
3078,,,,,,,,,,
3079,,,,,,,,,,
3080,,,,,,,,,,
3081,,,,,,,,,,
3082,,,,,,,,,,
3083,,,,,,,,,,
3084,,,,,,,|3081_3084_6_1110_,,,
3085,,,,,,,,,,
3086,,,,,,,,,,
3087,,,,,,,,,,
3088,,,,,,,,,,
3089,,,,,,,,,,
3090,,,,,,,,,,
3091,,,,,,,,,,
3092,,,,,,,,,,
3093,,,,,,,,,,
3094,,,,,,,,,,
3095,,,,,,,,,,
3096,,,,,,,,,,
3097,,,|3095_3097_2_1112_,,,,|3094_3097_6_1111_,,,
3098,,,,,,,,,,
3099,,,,,,,,,,
3100,,,,,,,|3097_3100_6_1113_,,,
3101,,,,,,,,,,
3102,,,,,,,,,,
3103,,,,,,,,,,
3104,,,,,,,,,,
3105,,,,,,,|3102_3105_6_1114_,,,
3106,,,,,|3105_3106_4_1115_,,,,,
3107,,,,,,,,,,
3108,,,,,,,,,,
3109,,,,,,,,,,
3110,,,,,,,,,,
3111,,,,,,,,,,
3112,,,,,,,,,,
3113,,,,,,,,,,
3114,,,,,,,,,,
3115,,,,,,,,,,
3116,,,,,,,,,,
3117,,,,,,,,,,
3118,,,,,,,,,,
3119,,,,,,,,,,
3120,,,,,,,,,,
3121,,,,,,,,,,
3122,,,,,,,,,,
3123,,,,,,,,,,
3124,,,,,,,,,,
3125,,,,,,,,,,
3126,,,,,,,,,,
3127,,,,,,,,,|3127_3127_8_1116_,
3128,,,,,,,,,,
3129,,,,,,,,,,
3130,,,,,,,,,,
3131,,,,,,,,,,
3132,,,,,,,,,,
3133,,,,,,,,,,
3134,,,,,,,,,,
3135,,,,,,,,,|3135_3135_8_1117_,
3136,,,,,,,,,,
3137,,,,,|3136_3137_4_1118_,,,,,
3138,,,,,,,,,,
3139,,,,,,,,,,
3140,,,,,,,,,,
3141,,,,,,,,,,
3142,,,,,,,,,,
3143,,,,,,,,,,
3144,,,,,,,,,,
3145,,,,,,,,,,
3146,,,,,,,,,,
3147,,,,,,,,,,
3148,,,,,,,,,,
3149,,,,,,,,,,
3150,,,,,,,,,,
3151,,,,,,,,,,
3152,,,,,,,,,,
3153,,,,,,,,,,
3154,,,,,,,,,,
3155,,,,,,,,,,
3156,,,,,,,,,,
3157,,,,,,,,,,
3158,,,,,,,,,,
3159,,,,,,,,,,
3160,,,,,,,,,,
3161,,,,,,,,,,
3162,,,,,,,,,,
3163,,,,,,,,,,
3164,,,,,,,,,,
3165,,,,,,,,,,
3166,,,,,,,,,,
3167,,,,,,,,,,
3168,,,,,|3141_3168_4_1119_,,,,|3168_3168_8_1122_,
3169,,,,,,,,,,
3170,,,,,,,,,,
3171,,,,,,,,,,
3172,,,,,,,|3170_3172_6_1123_,,,
3173,,,,,|3166_3173_4_1121_,,,,,
3174,,,,,,,,,,
3175,,,,,,,,,,
3176,,,,,,,,,,
3177,,,,,,,,,,
3178,,,,,,,,,,
3179,,,,,|3157_3179_4_1120_,,,,,
3180,,,,,,,,,,
3181,,,,,,,,,,
3182,,,,,,,,,,
3183,,,,,|3176_3183_4_1124_,,,,,
3184,,,,,|3183_3184_4_1125_,,,,,
3185,,,,,,,,,,
3186,,,,,,,,,,
3187,,,,,,,,,,
3188,,,,,,,,,,
3189,,,,,,,,,,
3190,,,,,,,,,,
3191,,,,,|3190_3191_4_1127_,,|3189_3191_6_1126_,,,
3192,,,,,,,,,,
3193,,,,,,,,,,
3194,,,,,,,,,,
3195,,,,,,,,,,
3196,,,,,|3195_3196_4_1128_,,,,,
3197,,,,,,,,,|3197_3197_8_1129_,
3198,,,,,,,,,,
3199,,,,,,,,,,
3200,,,,,|3198_3200_4_1130_,,,,,
3201,,,,,,,,,,
3202,,,,,,,,,,
3203,,,,,,,,,,
3204,,,,,,,,,,
3205,,,,,,,,,,
3206,,,,,,,|3204_3206_6_1131_,,,
3207,,,,,,,,,,
3208,,,,,,,,,,
3209,,,,,,,,,,
3210,,,,,,,,,,
3211,,,,,,,,,,
3212,,,,,,,,,,
3213,,,,,,,,,,
3214,,,,,,,,,,
3215,,,,,,,,,,
3216,,,,,,,,,,
3217,,,,,,,,,,
3218,,,,,,,,,,
3219,,,,,,,,,,
3220,,,,,,,,,,
3221,,,,,,,,,|3221_3221_8_1133_,
3222,,,,,,,,,,
3223,,,,,,,,,,
3224,,,,,,,,,,
3225,,,,,,,,,,
3226,,,,,,,,,,
3227,,,,,,,,,,
3228,,,,,,,,,,
3229,,,,,,,,,,
3230,,,,,|3229_3230_4_1134_,,,,,
3231,,,,,,,,,,
3232,,,,,,,,,,
3233,,,,,,,,,,
3234,,,,,,,,,,
3235,,,|3233_3235_2_1135_,,,,,,,
3236,,,,,|3220_3236_4_1132_,,,,,
3237,,,,,,,,,,
3238,,,,,,,,,,
3239,,,,,,,,,,
3240,,,,,,,,,,
3241,,,,,|3240_3241_4_1136_,,,,,
3242,,,,,,,,,,
3243,,,,,,,,,,
3244,,,,,,,|3242_3244_6_1137_,,,
3245,,,,,,,,,,
3246,,,,,,,,,,
3247,,,,,,,,,,
3248,,,,,|3247_3248_4_1138_,,,,,
3249,,,,,|3248_3249_4_1139_,,,,,
3250,,,,,,,,,,
3251,,,,,,,,,,
3252,,,,,,,,,,
3253,,,,,,,,,,
3254,,,,,,,,,,
3255,,,,,,,,,,
3256,,,,,,,,,,
3257,,,,,,,|3255_3257_6_1140_,,,
3258,,,,,,,,,,
3259,,,,,,,,,,
3260,,,,,,,,,,
3261,,,,,,,,,,
3262,,,,,,,,,,
3263,,,,,,,,,,
3264,,,,,,,|3262_3264_6_1142_,,,
3265,,,,,,,,,,
3266,,,,,,,,,,
3267,,,,,,,,,,
3268,,,,,,,,,,
3269,,,,,,,,,,
3270,,,,,,,,,,
3271,,,,,,,,,|3271_3271_8_1144_,
3272,,,,,,,,,,
3273,,,,,,,,,,
3274,,,,,,,,,,
3275,,,,,,,,,,
3276,,,,,,,,,,
3277,,,,,,,,,,
3278,,,,,,,,,,
3279,,,,,,,,,,
3280,,,,,,,,,,
3281,,,,,,,,,,
3282,,,,,|3278_3282_4_1146_,,,,,
3283,,,,,,,|3281_3283_6_1147_,,,
3284,,,,,,,,,,
3285,,,,,,,,,,
3286,,,,,,,,,,
3287,,,,,,,,,,
3288,,,,,,,,,,
3289,,,,,,,,,,
3290,,,,,,,,,,
3291,,,,,,,,,,
3292,,,,,,,,,,
3293,,,,,,,,,,
3294,,,,,,,,,,
3295,,,,,,,,,,
3296,,,,,,,,,,
3297,,,,,|3257_3297_4_1141_,,,,|3297_3297_8_1149_,
3298,,,,,,,,,,
3299,,,,,|3268_3299_4_1143_,,,,,
3300,,,,,,,,,,
3301,,,,,,,,,,
3302,,,,,,,,,,
3303,,,,,,,,,,
3304,,,,,,,,,,
3305,,,,,,,,,,
3306,,,,,,,,,,
3307,,,,,,,,,,
3308,,,,,,,,,,
3309,,,,,|3276_3309_4_1145_|3296_3309_4_1148_,,,,,
3310,,,,,,,,,,
3311,,,,,,,,,,
3312,,,,,,,,,,
3313,,,,,,,,,,
3314,,,,,,,,,|3314_3314_8_1150_,
3315,,,,,,,,,,
3316,,,,,|3315_3316_4_1151_,,,,,
3317,,,,,,,,,,
3318,,,,,,,,,,
3319,,,,,,,,,,
3320,,,,,,,,,,
3321,,,,,,,,,,
3322,,,,,,,,,|3322_3322_8_1153_,
3323,,,,,,,,,,
3324,,,,,,,,,,
3325,,,,,,,,,,
3326,,,,,|3317_3326_4_1152_,,,,,
3327,,,,,,,,,,
3328,,,,,,,,,,
3329,,,,,,,,,,
3330,,,,,,,,,,
3331,,,,,,,,,,
3332,,,,,,,,,,
3333,,,,,,,,,,
3334,,,,,,,,,,
3335,,,,,,,,,,
3336,,,,,,,,,,
3337,,,,,,,,,,
3338,,,,,,,,,,
3339,,,,,,,,,,
3340,,,,,,,,,,
3341,,,,,,,,,,
3342,,,,,,,,,,
3343,,,,,,,,,,
3344,,,,,,,,,,
3345,,,,,,,,,,
3346,,,,,,,,,,
3347,,,,,,,,,,
3348,,,,,,,,,,
3349,,,,,,,,,,
3350,,,,,,,,,,
3351,,,,,,,,,,
3352,,,,,,,,,,
3353,,,,,,,,,,
3354,,,,,,,,,,
3355,,,,,,,,,,
3356,,,,,,,,,,
3357,,,,,,,|3355_3357_6_1155_,,,
3358,,,,,,,,,,
3359,,,,,,,,,,
3360,,,,,,,,,,
3361,,,,,,,,,,
3362,,,,,,,,,,
3363,,,,,,,,,,
3364,,,,,,,,,,
3365,,,,,,,,,,
3366,,,,,|3336_3366_4_1154_|3365_3366_4_1156_,,,,,
3367,,,,,,,,,,
3368,,,,,,,,,,
3369,,,,,,,,,,
3370,,,,,,,,,,
3371,,,,,,,,,,
3372,,,,,,,,,,
3373,,,,,,,,,,
3374,,,,,,,,,,
3375,,,,,,,,,|3375_3375_8_1158_,
3376,,,,,,,,,,
3377,,,,,,,,,,
3378,,,,,,,,,,
3379,,,,,,,,,,
3380,,,,,,,,,,
3381,,,,,,,,,,
3382,,,,,,,,,,
3383,,,,,,,,,,
3384,,,,,,,,,,
3385,,,,,,,,,,
3386,,,,,,,,,,
3387,,,,,,,,,,
3388,,,,,,,,,,
3389,,,,,,,,,,
3390,,,,,,,,,,
3391,,,,,,,,,,
3392,,,,,,,,,,
3393,,,,,,,,,,
3394,,,,,,,,,,
3395,,,,,,,,,,
3396,,,,,,,,,,
3397,,,,,,,,,,
3398,,,,,,,,,,
3399,,,|3397_3399_2_1160_,,,,,,,
3400,,,,,,,,,,
3401,,,,,,,,,,
3402,,,,,,,,,,
3403,,,,,,,,,,
3404,,,,,,,,,,
3405,,,,,,,,,,
3406,,,,,,,,,,
3407,,,,,,,,,,
3408,,,,,|3372_3408_4_1157_|3408_3408_4_1162_,,|3406_3408_6_1161_,,,
3409,,,,,,,,,,
3410,,,,,,,,,,
3411,,,,,,,,,,
3412,,,,,,,,,,
3413,,,|3411_3413_2_1164_,,,,,,,
3414,,,,,,,,,,
3415,,,,,,,,,,
3416,,,|3414_3416_2_1165_,,,,,,,
3417,,,,,,,,,,
3418,,,|3416_3418_2_1166_,,,,,,,
3419,,,,,,,,,,
3420,,,,,,,,,,
3421,,,,,,,,,,
3422,,,,,,,,,|3422_3422_8_1167_,
3423,,,,,|3395_3423_4_1159_,,,,,
3424,,,,,|3423_3424_4_1168_,,,,,
3425,,,,,,,,,,
3426,,,,,,,,,,
3427,,,,,,,,,,
3428,,,,,,,,,,
3429,,,,,,,,,,
3430,,,,,,,,,,
3431,,,,,,,,,,
3432,,,,,,,,,,
3433,,,,,,,,,,
3434,,,,,,,,,,
3435,,,,,,,|3433_3435_6_1169_,,,
3436,,,,,,,,,,
3437,,,,,|3410_3437_4_1163_,,,,,
3438,,,,,|3437_3438_4_1170_,,,,,
3439,,,,,,,,,,
3440,,,,,,,,,|3440_3440_8_1171_,
3441,,,,,,,,,,
3442,,,,,,,,,|3442_3442_8_1172_,
3443,,,,,,,,,,
3444,,,,,,,,,,
3445,,,,,,,,,,
3446,,,,,,,,,,
3447,,,,,,,,,,
3448,,,,,,,,,,
3449,,,,,,,,,,
3450,,,,,,,,,|3450_3450_8_1173_,
3451,,,,,,,,,,
3452,,,,,,,,,,
3453,,,,,,,,,,
3454,,,,,,,,,,
3455,,,,,,,,,,
3456,,,,,,,,,,
3457,,,,,,,,,,
3458,,,,,,,,,,
3459,,,,,,,,,,
3460,,,,,,,,,,
3461,,,,,,,,,,
3462,,,,,|3461_3462_4_1174_,,,,,
3463,,,,,,,,,,
3464,,,,,,,,,,
3465,,,,,,,,,,
3466,,,,,,,,,,
3467,,,,,,,,,,
3468,,,,,,,,,,
3469,,,,,,,,,,
3470,,,,,,,,,,
3471,,,,,,,,,,
3472,,,,,,,,,,
3473,,,,,,,,,,
3474,,,,,,,,,,
3475,,,,,,,,,,
3476,,,,,,,,,,
3477,,,,,,,,,,
3478,,,,,,,,,,
3479,,,,,,,,,,
3480,,,,,,,,,,
3481,,,,,,,,,|3481_3481_8_1176_,
3482,,,,,,,,,,
3483,,,,,|3479_3483_4_1175_,,,,,
3484,,,,,,,,,,
3485,,,,,,,,,,
3486,,,,,,,,,,
3487,,,,,,,,,,
3488,,,,,,,,,,
3489,,,,,,,,,,
3490,,,,,,,,,,
3491,,,,,,,,,,
3492,,,,,,,,,,
3493,,,,,,,,,|3493_3493_8_1178_,
3494,,,,,,,,,,
3495,,,,,,,,,,
3496,,,,,,,,,,
3497,,,,,,,,,,
3498,,,,,,,,,|3498_3498_8_1179_,
3499,,,,,,,,,,
3500,,,,,,,,,,
3501,,,,,,,,,,
3502,,,,,,,,,,
3503,,,,,,,,,,
3504,,,,,,,,,,
3505,,,,,,,,,,
3506,,,,,,,,,,
3507,,,,,,,,,,
3508,,,,,,,,,,
3509,,,,,|3508_3509_4_1181_,,,,,
3510,,,,,,,,,,
3511,,,,,,,,,,
3512,,,,,,,,,,
3513,,,,,,,,,,
3514,,,,,,,,,,
3515,,,,,,,,,,
3516,,,,,,,,,,
3517,,,,,,,,,,
3518,,,,,,,,,|3518_3518_8_1183_,
3519,,,|3517_3519_2_1182_,,,,,,,
3520,,,,,,,,,,
3521,,,,,,,,,|3521_3521_8_1184_,
3522,,,,,,,,,,
3523,,,,,,,,,,
3524,,,,,,,,,,
3525,,,,,,,,,,
3526,,,,,,,,,,
3527,,,,,|3490_3527_4_1177_,,,,,
3528,,,,,,,,,,
3529,,,,,|3503_3529_4_1180_,,,,,
3530,,,,,,,,,,
3531,,,,,,,,,,
3532,,,,,,,,,,
3533,,,,,,,,,,
3534,,,,,,,,,,
3535,,,,,,,|3532_3535_6_1185_,,,
3536,,,,,,,|3533_3536_6_1186_,,,
3537,,,,,,,,,,
3538,,,,,,,,,,
3539,,,,,,,,,,
3540,,,,,,,,,,
3541,,,,,,,,,,
3542,,,,,,,,,,
3543,,,,,|3542_3543_4_1187_,,,,,
3544,,,,,,,,,,
3545,,,,,,,,,,
3546,,,,,,,,,,
3547,,,,,,,,,,
3548,,,,,,,,,,
3549,,,,,,,,,,
3550,,,,,,,,,,
3551,,,,,|3550_3551_4_1189_,,|3548_3551_6_1188_,,,
3552,,,,,,,,,,
3553,,,,,,,,,,
3554,,,,,,,,,,
3555,,,,,,,,,,
3556,,,,,,,,,,
3557,,,,,,,,,,
3558,,,,,,,,,,
3559,,,,,,,,,,
3560,,,,,,,,,,
3561,,,,,,,,,,
3562,,,,,,,,,,
3563,,,,,,,,,,
3564,,,,,|3563_3564_4_1191_,,,,,
3565,,,,,,,,,,
3566,,,,,,,,,,
3567,,,,,,,,,,
3568,,,,,,,,,,
3569,,,,,,,,,,
3570,,,,,,,,,,
3571,,,,,,,,,,
3572,,,,,,,,,,
3573,,,,,,,,,,
3574,,,,,,,,,|3574_3574_8_1193_,
3575,,,,,,,,,,
3576,,,,,,,|3573_3576_6_1192_,,,
3577,,,,,,,,,,
3578,,,,,,,|3575_3578_6_1194_,,,
3579,,,,,,,|3576_3579_6_1195_,,,
3580,,,,,,,,,,
3581,,,,,,,,,,
3582,,,,,,,,,,
3583,,,,,,,,,,
3584,,,,,,,,,,
3585,,,,,,,|3582_3585_6_1196_,,,
3586,,,,,,,,,,
3587,,,,,,,,,,
3588,,,,,,,,,,
3589,,,,,|3554_3589_4_1190_,,,,,
3590,,,,,,,,,,
3591,,,,,,,,,,
3592,,,,,,,,,,
3593,,,,,,,,,,
3594,,,,,,,,,,
3595,,,,,,,,,,
3596,,,,,,,,,,
3597,,,,,,,,,,
3598,,,,,,,,,,
3599,,,,,,,,,,
3600,,,,,,,,,,
3601,,,,,,,,,,
3602,,,,,,,,,,
3603,,,,,,,,,,
3604,,,,,,,,,,
3605,,,,,,,,,,
3606,,,,,,,,,,
3607,,,,,,,,,,
3608,,,,,,,,,,
3609,,,,,,,,,,
3610,,,,,,,,,,
3611,,,,,,,,,,
3612,,,,,,,,,,
3613,,,,,,,,,,
3614,,,,,,,,,,
3615,,,,,,,,,,
3616,,,,,,,,,,
3617,,,,,,,,,,
3618,,,,,,,,,,
3619,,,,,,,,,,
3620,,,,,,,,,,
3621,,,,,,,,,,
3622,,,,,,,,,,
3623,,,,,,,,,,
3624,,,,,,,,,,
3625,,,,,,,,,,
3626,,,,,,,,,,
3627,,,,,,,,,,
3628,,,,,,,,,,
3629,,,,,,,,,,
3630,,,,,,,,,,
3631,,,,,,,,,,
3632,,,,,,,,,,
3633,,,,,,,,,,
3634,,,,,,,,,,
3635,,,,,,,,,,
3636,,,,,|3596_3636_4_1197_,,,,,
3637,,,,,,,,,,
3638,,,,,,,,,,
3639,,,,,,,|3599_3639_6_1198_,,,
