,job345_scenario2_650,job347_scenario0_653,job348_scenario4_658,job353_scenario1_664,job354_scenario1_665,job355_scenario0_666,job356_scenario2_668,job357_scenario4_669,
in27,0.39692158809994393,0.25651991774084837,0.4671224232794917,0.3582872805999039,0.4119864388420823,0.25651991774084837,0.39692158809994393,0.5169307085016833,
B14,1.0559940475660372,0.7773414992625183,0.9857932123864894,1.1058023327882287,0.9591040935178892,0.7773414992625183,1.0559940475660372,0.8657840919847499,
B11,0.4790676119109316,0.38574761037779237,0.6257658511812711,0.49189841149052493,0.5373232584590395,0.38574761037779237,0.5208215815216701,0.599076732312671,
cn12,0.17196819803860341,0.003236291662340296,0.33061162594038296,0.18084894272688845,0.16352083671268725,0.0,0.19020995558128728,0.2919773184403429,
B54,1.1058023327882287,0.8159758067625584,0.9857932123864894,1.0173597400659973,1.0559940475660372,0.8159758067625584,1.0559940475660372,1.1058023327882287,
