,job427_scenario1_818,job429_scenario2_825,job430_scenario2_830,
in27,0.28544308777199356,0.25651991774084837,0.28544308777199356,
B14,0.6690399057351135,0.7392407409146613,0.8592498613164007,
B11,0.0,0.0,0.028923170031145307,
cn12,0.06366660451119865,0.06366660451119865,0.07356281582226454,
B54,0.7890490261368528,0.5988390705555656,0.6690399057351135,
