RecordTimeStamp,JobId,WorkerId,JobArrivalTick,JobAssignmentTick,JobFetchTick,JobStartByOperatorTime,JobActiveTime,JobRemainingTime,CleanWorkingTime,JobEndByOperatorTime,WorkerFreeAgainTick
1644420082,job0_scenario3_0,B11,0,-1,1,1,6,0,6,7,8,
1644420082,job1_scenario1_3,B14,3,-1,4,4,6,0,6,10,11,
1644420083,job3_scenario1_8,B11,8,-1,9,9,9,0,9,18,19,
1644420083,job2_scenario2_7,in27,7,-1,8,8,16,0,16,24,25,
1644420083,job4_scenario0_11,B14,11,-1,12,12,15,0,15,27,28,
1644420083,job7_scenario2_17,B11,17,-1,19,19,10,0,10,29,30,
1644420083,job9_scenario4_20,in27,20,-1,25,25,6,0,6,31,32,
1644420083,job12_scenario4_29,B11,29,-1,30,30,5,0,5,35,36,
1644420083,job8_scenario1_19,B14,19,-1,28,28,8,0,8,36,37,
1644420083,job14_scenario4_31,B11,31,-1,36,36,2,0,2,38,39,
1644420083,job13_scenario4_30,in27,30,-1,32,32,9,0,9,41,42,
1644420083,job10_scenario1_21,B14,21,-1,37,37,7,0,7,44,45,
1644420084,job15_scenario4_35,B11,35,-1,39,39,6,0,6,45,46,
1644420084,job18_scenario2_44,B14,44,-1,45,45,2,0,2,47,48,
1644420084,job11_scenario1_23,B11,23,-1,46,46,6,0,6,52,53,
1644420084,job20_scenario2_47,B14,47,-1,48,48,5,0,5,53,54,
1644420084,job16_scenario1_36,in27,36,-1,42,42,16,0,16,58,59,
1644420084,job22_scenario4_49,B11,49,-1,53,53,5,0,5,58,59,
1644420084,job26_scenario2_53,B14,53,-1,54,54,5,0,5,59,60,
1644420085,job24_scenario2_51,B14,51,-1,60,60,6,0,6,66,67,
1644420085,job25_scenario2_52,B14,52,-1,67,67,4,0,4,71,72,
1644420085,job23_scenario1_50,B11,50,-1,59,59,13,0,13,72,73,
1644420085,job27_scenario1_54,in27,54,-1,59,59,14,0,14,73,74,
1644420085,job32_scenario3_66,B11,66,-1,73,73,1,0,1,74,75,
1644420086,job28_scenario2_56,B14,56,-1,72,72,8,0,8,80,81,
1644420086,job30_scenario4_63,B11,63,-1,75,75,7,0,7,82,83,
1644420086,job33_scenario4_68,in27,68,-1,74,74,11,0,11,85,86,
1644420086,job31_scenario2_64,B14,64,-1,81,81,6,0,6,87,88,
1644420087,job37_scenario1_74,B11,74,-1,83,83,9,0,9,92,93,
1644420087,job41_scenario3_83,in27,83,-1,86,86,8,0,8,94,95,
1644420087,job43_scenario1_85,B14,85,-1,88,88,7,0,7,95,96,
1644420087,job46_scenario4_90,B11,90,-1,93,93,2,0,2,95,96,
1644420088,job45_scenario2_88,B14,88,-1,96,96,6,0,6,102,103,
1644420088,job38_scenario1_77,B11,77,-1,96,96,7,0,7,103,104,
1644420088,job44_scenario2_87,in27,87,-1,95,95,10,0,10,105,106,
1644420088,job49_scenario3_99,B14,99,-1,103,103,2,0,2,105,106,
1644420088,job50_scenario3_100,B11,100,-1,104,104,2,0,2,106,107,
1644420089,job53_scenario4_105,B14,105,-1,106,106,4,0,4,110,111,
1644420089,job55_scenario2_108,B14,108,-1,111,111,3,0,3,114,115,
1644420089,job34_scenario1_70,B11,70,-1,107,107,8,0,8,115,116,
1644420089,job42_scenario1_84,in27,84,-1,106,106,12,0,12,118,119,
1644420090,job57_scenario3_110,B14,110,-1,115,115,6,0,6,121,122,
1644420090,job56_scenario1_109,B11,109,-1,116,116,8,0,8,124,125,
1644420090,job64_scenario3_120,B14,120,-1,122,122,5,0,5,127,128,
1644420090,job65_scenario3_122,B11,122,-1,125,125,4,0,4,129,130,
1644420090,job61_scenario2_115,B14,115,-1,128,128,2,0,2,130,131,
1644420091,job59_scenario2_113,in27,113,-1,119,119,14,0,14,133,134,
1644420091,job66_scenario4_123,B11,123,-1,130,130,3,0,3,133,134,
1644420091,job67_scenario2_124,B14,124,-1,131,131,7,0,7,138,139,
1644420091,job52_scenario2_102,B14,102,-1,139,139,3,0,3,142,143,
1644420092,job54_scenario1_106,B11,106,-1,134,134,10,0,10,144,145,
1644420092,job72_scenario2_131,in27,131,-1,134,134,11,0,11,145,146,
1644420092,job76_scenario2_141,B14,141,-1,143,143,5,0,5,148,149,
1644420092,job77_scenario1_142,B11,142,-1,145,145,8,0,8,153,154,
1644420092,job71_scenario1_129,B14,129,-1,149,149,8,0,8,157,158,
1644420092,job75_scenario1_140,in27,140,-1,146,146,12,0,12,158,159,
1644420093,job80_scenario1_153,B11,153,-1,154,154,9,0,9,163,164,
1644420093,job78_scenario1_144,B14,144,-1,158,158,8,0,8,166,167,
1644420093,job84_scenario1_165,B14,165,-1,167,167,5,0,5,172,173,
1644420093,job82_scenario1_158,in27,158,-1,159,159,15,0,15,174,175,
1644420093,job81_scenario1_157,B11,157,-1,164,164,11,0,11,175,176,
1644420094,job86_scenario3_171,B14,171,-1,173,173,4,0,4,177,178,
1644420094,job87_scenario2_172,B14,172,-1,178,178,5,0,5,183,184,
1644420094,job83_scenario1_159,B11,159,-1,176,176,10,0,10,186,187,
1644420094,job91_scenario2_182,B14,182,-1,184,184,3,0,3,187,188,
1644420094,job85_scenario2_166,in27,166,-1,175,175,14,0,14,189,190,
1644420094,job94_scenario3_186,B11,186,-1,187,187,2,0,2,189,190,
1644420094,job88_scenario1_175,B14,175,-1,188,188,7,0,7,195,196,
1644420095,job93_scenario1_185,B11,185,-1,190,190,12,0,12,202,203,
1644420095,job95_scenario2_188,in27,188,-1,190,190,13,0,13,203,204,
1644420095,job97_scenario3_191,B14,191,-1,196,196,8,0,8,204,205,
1644420095,job101_scenario3_197,B11,197,-1,203,203,4,0,4,207,208,
1644420095,job99_scenario3_195,in27,195,-1,204,204,4,0,4,208,209,
1644420096,job103_scenario3_200,B14,200,-1,205,205,5,0,5,210,211,
1644420096,job106_scenario3_207,B11,207,-1,208,208,6,0,6,214,215,
1644420096,job107_scenario2_208,B14,208,-1,211,211,3,0,3,214,215,
1644420096,job109_scenario3_211,B11,211,-1,215,215,3,0,3,218,219,
1644420096,job102_scenario4_198,in27,198,-1,209,209,10,0,10,219,220,
1644420096,job110_scenario2_213,B14,213,-1,215,215,4,0,4,219,220,
1644420097,job98_scenario1_192,B11,192,-1,219,219,8,0,8,227,228,
1644420097,job113_scenario1_219,B14,219,-1,220,220,11,0,11,231,232,
1644420097,job105_scenario1_204,in27,204,-1,220,220,14,0,14,234,235,
1644420097,job100_scenario1_196,B11,196,-1,228,228,9,0,9,237,238,
1644420097,job118_scenario2_227,B14,227,-1,232,232,6,0,6,238,239,
1644420097,job115_scenario2_222,B14,222,-1,239,239,6,0,6,245,246,
1644420098,job125_scenario2_240,B14,240,-1,246,246,3,0,3,249,250,
1644420098,job116_scenario2_223,in27,223,-1,235,235,16,0,16,251,252,
1644420098,job104_scenario1_203,B11,203,-1,238,238,13,0,13,251,252,
1644420098,job130_scenario3_246,B11,246,-1,252,252,2,0,2,254,255,
1644420098,job126_scenario3_241,in27,241,-1,252,252,5,0,5,257,258,
1644420098,job133_scenario3_251,B11,251,-1,255,255,2,0,2,257,258,
1644420098,job131_scenario2_247,B14,247,-1,250,250,8,0,8,258,259,
1644420099,job121_scenario2_233,B14,233,-1,259,259,5,0,5,264,265,
1644420099,job119_scenario1_228,B11,228,-1,258,258,8,0,8,266,267,
1644420099,job142_scenario3_262,B11,262,-1,267,267,1,0,1,268,269,
1644420099,job123_scenario1_236,in27,236,-1,258,258,11,0,11,269,270,
1644420099,job124_scenario2_239,B14,239,-1,265,265,8,0,8,273,274,
1644420099,job144_scenario3_267,B11,267,-1,269,269,4,0,4,273,274,
1644420099,job139_scenario3_258,in27,258,-1,270,270,6,0,6,276,277,
1644420100,job140_scenario2_260,B14,260,-1,274,274,3,0,3,277,278,
1644420100,job145_scenario4_270,B11,270,-1,274,274,7,0,7,281,282,
1644420100,job147_scenario3_273,in27,273,-1,277,277,8,0,8,285,286,
1644420100,job141_scenario2_261,B14,261,-1,278,278,7,0,7,285,286,
1644420100,job149_scenario4_275,B11,275,-1,282,282,4,0,4,286,287,
1644420100,job157_scenario3_285,in27,285,-1,286,286,5,0,5,291,292,
1644420100,job143_scenario3_265,B14,265,-1,286,286,6,0,6,292,293,
1644420100,job146_scenario4_271,B11,271,-1,287,287,5,0,5,292,293,
1644420101,job160_scenario2_290,B14,290,-1,293,293,4,0,4,297,298,
1644420101,job154_scenario1_280,B11,280,-1,293,293,10,0,10,303,304,
1644420101,job158_scenario2_286,B14,286,-1,298,298,5,0,5,303,304,
1644420101,job148_scenario1_274,in27,274,-1,292,292,13,0,13,305,306,
1644420102,job164_scenario4_296,B11,296,-1,304,304,6,0,6,310,311,
1644420102,job166_scenario3_299,B14,299,-1,304,304,6,0,6,310,311,
1644420102,job169_scenario4_302,in27,302,-1,306,306,10,0,10,316,317,
1644420102,job156_scenario1_284,B14,284,-1,311,311,7,0,7,318,319,
1644420102,job163_scenario1_294,B11,294,-1,311,311,11,0,11,322,323,
1644420102,job174_scenario4_313,in27,313,-1,317,317,8,0,8,325,326,
1644420102,job180_scenario3_320,B11,320,-1,323,323,2,0,2,325,326,
1644420103,job175_scenario3_314,B14,314,-1,319,319,9,0,9,328,329,
1644420103,job176_scenario2_315,B14,315,-1,329,329,4,0,4,333,334,
1644420103,job177_scenario2_316,in27,316,-1,326,326,9,0,9,335,336,
1644420103,job171_scenario2_308,B11,308,-1,326,326,10,0,10,336,337,
1644420103,job179_scenario2_319,B14,319,-1,334,334,4,0,4,338,339,
1644420104,job165_scenario1_298,in27,298,-1,336,336,10,0,10,346,347,
1644420104,job189_scenario2_338,B14,338,-1,339,339,8,0,8,347,348,
1644420104,job170_scenario1_306,B11,306,-1,337,337,14,0,14,351,352,
1644420104,job188_scenario1_335,B14,335,-1,348,348,6,0,6,354,355,
1644420104,job195_scenario3_348,B11,348,-1,352,352,3,0,3,355,356,
1644420104,job184_scenario2_328,in27,328,-1,347,347,14,0,14,361,362,
1644420104,job196_scenario1_350,B14,350,-1,355,355,8,0,8,363,364,
1644420104,job197_scenario1_351,B11,351,-1,356,356,9,0,9,365,366,
1644420105,job182_scenario2_323,B14,323,-1,364,364,3,0,3,367,368,
1644420105,job198_scenario1_353,in27,353,-1,362,362,10,0,10,372,373,
1644420105,job187_scenario2_334,B14,334,-1,368,368,5,0,5,373,374,
1644420105,job199_scenario2_355,B11,355,-1,366,366,8,0,8,374,375,
1644420105,job207_scenario2_369,B14,369,-1,374,374,3,0,3,377,378,
1644420106,job206_scenario4_368,in27,368,-1,373,373,5,0,5,378,379,
1644420106,job203_scenario1_363,B14,363,-1,378,378,5,0,5,383,384,
1644420106,job204_scenario1_364,B11,364,-1,375,375,10,0,10,385,386,
1644420106,job214_scenario3_381,B11,381,-1,386,386,2,0,2,388,389,
1644420107,job213_scenario4_380,B14,380,-1,384,384,8,0,8,392,393,
1644420107,job211_scenario1_376,in27,376,-1,379,379,14,0,14,393,394,
1644420107,job217_scenario2_387,B11,387,-1,389,389,8,0,8,397,398,
1644420107,job215_scenario2_382,B14,382,-1,393,393,4,0,4,397,398,
1644420107,job216_scenario1_386,B14,386,-1,398,398,3,0,3,401,402,
1644420107,job209_scenario1_374,in27,374,-1,394,394,9,0,9,403,404,
1644420107,job219_scenario4_395,B11,395,-1,398,398,6,0,6,404,405,
1644420107,job221_scenario1_400,B14,400,-1,402,402,6,0,6,408,409,
1644420108,job222_scenario4_401,in27,401,-1,404,404,8,0,8,412,413,
1644420108,job224_scenario3_405,B14,405,-1,409,409,5,0,5,414,415,
1644420108,job223_scenario2_404,B11,404,-1,405,405,11,0,11,416,417,
1644420108,job225_scenario3_409,in27,409,-1,413,413,5,0,5,418,419,
1644420108,job227_scenario4_414,B11,414,-1,417,417,2,0,2,419,420,
1644420108,job226_scenario3_412,B14,412,-1,415,415,6,0,6,421,422,
1644420108,job233_scenario4_421,B14,421,-1,422,422,7,0,7,429,430,
1644420109,job231_scenario4_418,in27,418,-1,419,419,12,0,12,431,432,
1644420109,job230_scenario1_417,B11,417,-1,420,420,11,0,11,431,432,
1644420109,job234_scenario1_423,B14,423,-1,430,430,5,0,5,435,436,
1644420109,job235_scenario1_425,B11,425,-1,432,432,8,0,8,440,441,
1644420109,job236_scenario1_430,B14,430,-1,436,436,6,0,6,442,443,
1644420109,job228_scenario1_415,in27,415,-1,432,432,12,0,12,444,445,
1644420109,job239_scenario4_434,B11,434,-1,441,441,3,0,3,444,445,
1644420109,job243_scenario2_440,B14,440,-1,443,443,4,0,4,447,448,
1644420109,job237_scenario1_432,B11,432,-1,445,445,8,0,8,453,454,
1644420110,job241_scenario1_438,B14,438,-1,448,448,8,0,8,456,457,
1644420110,job229_scenario1_416,in27,416,-1,445,445,12,0,12,457,458,
1644420110,job249_scenario3_450,B11,450,-1,454,454,3,0,3,457,458,
1644420110,job250_scenario1_453,B14,453,-1,457,457,7,0,7,464,465,
1644420110,job240_scenario2_436,in27,436,-1,458,458,9,0,9,467,468,
1644420110,job253_scenario2_459,B14,459,-1,465,465,4,0,4,469,470,
1644420110,job252_scenario3_458,in27,458,-1,468,468,2,0,2,470,471,
1644420110,job247_scenario1_448,B11,448,-1,458,458,15,0,15,473,474,
1644420110,job246_scenario1_443,B14,443,-1,470,470,8,0,8,478,479,
1644420111,job259_scenario4_469,in27,469,-1,471,471,7,0,7,478,479,
1644420111,job254_scenario1_461,B11,461,-1,474,474,11,0,11,485,486,
1644420111,job262_scenario3_479,B11,479,-1,486,486,1,0,1,487,488,
1644420111,job257_scenario1_466,B14,466,-1,479,479,11,0,11,490,491,
1644420111,job260_scenario4_476,in27,476,-1,479,479,12,0,12,491,492,
1644420111,job263_scenario1_481,B14,481,-1,491,491,7,0,7,498,499,
1644420111,job248_scenario1_449,B11,449,-1,488,488,13,0,13,501,502,
1644420111,job270_scenario1_491,B14,491,-1,499,499,5,0,5,504,505,
1644420111,job267_scenario1_488,in27,488,-1,492,492,15,0,15,507,508,
1644420111,job272_scenario2_497,B14,497,-1,505,505,2,0,2,507,508,
1644420111,job269_scenario1_490,B11,490,-1,502,502,8,0,8,510,511,
1644420111,job277_scenario3_507,in27,507,-1,508,508,7,0,7,515,516,
1644420112,job268_scenario2_489,B14,489,-1,508,508,8,0,8,516,517,
1644420112,job271_scenario2_494,B11,494,-1,511,511,10,0,10,521,522,
1644420112,job279_scenario2_512,B14,512,-1,517,517,6,0,6,523,524,
1644420112,job275_scenario2_504,B14,504,-1,524,524,4,0,4,528,529,
1644420112,job278_scenario1_510,in27,510,-1,516,516,13,0,13,529,530,
1644420112,job281_scenario4_519,B11,519,-1,522,522,7,0,7,529,530,
1644420112,job286_scenario3_528,B14,528,-1,529,529,2,0,2,531,532,
1644420112,job283_scenario1_522,B11,522,-1,530,530,8,0,8,538,539,
1644420112,job273_scenario1_498,B14,498,-1,532,532,6,0,6,538,539,
1644420113,job282_scenario1_521,in27,521,-1,530,530,11,0,11,541,542,
1644420113,job287_scenario1_532,B14,532,-1,539,539,5,0,5,544,545,
1644420113,job288_scenario1_536,B11,536,-1,539,539,7,0,7,546,547,
1644420113,job292_scenario1_543,B14,543,-1,545,545,7,0,7,552,553,
1644420113,job280_scenario1_514,in27,514,-1,542,542,11,0,11,553,554,
1644420113,job289_scenario1_538,B11,538,-1,547,547,8,0,8,555,556,
1644420113,job294_scenario2_549,B14,549,-1,553,553,4,0,4,557,558,
1644420113,job300_scenario3_557,B14,557,-1,558,558,2,0,2,560,561,
1644420113,job296_scenario3_552,in27,552,-1,554,554,7,0,7,561,562,
1644420113,job301_scenario2_559,B14,559,-1,561,561,4,0,4,565,566,
1644420114,job298_scenario1_554,B11,554,-1,556,556,12,0,12,568,569,
1644420114,job303_scenario3_563,B11,563,-1,569,569,2,0,2,571,572,
1644420114,job299_scenario4_556,in27,556,-1,562,562,10,0,10,572,573,
1644420114,job293_scenario1_544,B14,544,-1,566,566,10,0,10,576,577,
1644420114,job308_scenario3_570,B11,570,-1,572,572,4,0,4,576,577,
1644420114,job304_scenario3_565,in27,565,-1,573,573,5,0,5,578,579,
1644420114,job305_scenario1_566,B11,566,-1,577,577,8,0,8,585,586,
1644420114,job295_scenario1_551,B14,551,-1,577,577,10,0,10,587,588,
1644420114,job315_scenario3_583,B11,583,-1,586,586,3,0,3,589,590,
1644420114,job313_scenario3_580,B14,580,-1,588,588,3,0,3,591,592,
1644420114,job306_scenario2_567,in27,567,-1,579,579,15,0,15,594,595,
1644420115,job317_scenario1_590,B14,590,-1,592,592,7,0,7,599,600,
1644420115,job314_scenario1_582,B11,582,-1,590,590,10,0,10,600,601,
1644420115,job322_scenario3_599,B14,599,-1,600,600,5,0,5,605,606,
1644420115,job319_scenario1_594,in27,594,-1,595,595,12,0,12,607,608,
1644420115,job321_scenario1_597,B11,597,-1,601,601,11,0,11,612,613,
1644420115,job324_scenario3_601,B14,601,-1,606,606,7,0,7,613,614,
1644420115,job326_scenario4_605,in27,605,-1,608,608,8,0,8,616,617,
1644420115,job330_scenario3_611,B11,611,-1,613,613,5,0,5,618,619,
1644420115,job327_scenario2_607,B14,607,-1,614,614,4,0,4,618,619,
1644420115,job332_scenario2_616,B14,616,-1,619,619,2,0,2,621,622,
1644420115,job331_scenario4_615,in27,615,-1,617,617,10,0,10,627,628,
1644420115,job323_scenario1_600,B11,600,-1,619,619,8,0,8,627,628,
1644420116,job333_scenario3_619,B14,619,-1,622,622,6,0,6,628,629,
1644420116,job338_scenario1_628,B14,628,-1,629,629,6,0,6,635,636,
1644420116,job340_scenario3_632,B14,632,-1,636,636,4,0,4,640,641,
1644420116,job328_scenario1_608,in27,608,-1,628,628,13,0,13,641,642,
1644420116,job335_scenario2_624,B11,624,-1,628,628,14,0,14,642,643,
1644420116,job344_scenario2_640,B14,640,-1,641,641,3,0,3,644,645,
1644420116,job343_scenario2_639,B14,639,-1,645,645,2,0,2,647,648,
1644420116,job345_scenario4_641,in27,641,-1,642,642,7,0,7,649,650,
1644420116,job346_scenario4_642,B11,642,-1,643,643,9,0,9,652,653,
1644420116,job337_scenario2_626,B14,626,-1,648,648,4,0,4,652,653,
1644420117,job342_scenario2_636,B14,636,-1,653,653,5,0,5,658,659,
1644420117,job339_scenario1_629,in27,629,-1,650,650,10,0,10,660,661,
1644420117,job348_scenario1_648,B11,648,-1,653,653,8,0,8,661,662,
1644420117,job354_scenario4_658,B11,658,-1,662,662,3,0,3,665,666,
1644420117,job350_scenario1_654,B14,654,-1,659,659,8,0,8,667,668,
1644420117,job351_scenario3_655,in27,655,-1,661,661,6,0,6,667,668,
1644420117,job356_scenario3_665,B11,665,-1,666,666,3,0,3,669,670,
1644420117,job357_scenario3_666,B14,666,-1,668,668,5,0,5,673,674,
1644420117,job352_scenario1_656,in27,656,-1,668,668,9,0,9,677,678,
1644420117,job355_scenario1_662,B11,662,-1,670,670,12,0,12,682,683,
1644420117,job361_scenario3_675,in27,675,-1,678,678,4,0,4,682,683,
1644420118,job359_scenario1_670,B14,670,-1,674,674,10,0,10,684,685,
1644420118,job365_scenario4_679,B11,679,-1,683,683,5,0,5,688,689,
1644420118,job360_scenario1_674,B14,674,-1,685,685,6,0,6,691,692,
1644420118,job368_scenario3_685,B11,685,-1,689,689,3,0,3,692,693,
1644420118,job370_scenario2_689,B14,689,-1,692,692,4,0,4,696,697,
1644420118,job364_scenario2_678,in27,678,-1,683,683,16,0,16,699,700,
1644420118,job372_scenario2_692,B11,692,-1,693,693,10,0,10,703,704,
1644420118,job369_scenario2_688,B14,688,-1,697,697,6,0,6,703,704,
1644420119,job373_scenario4_695,in27,695,-1,700,700,7,0,7,707,708,
1644420119,job376_scenario3_700,B11,700,-1,704,704,4,0,4,708,709,
1644420119,job363_scenario1_677,B14,677,-1,704,704,5,0,5,709,710,
1644420119,job380_scenario2_709,B14,709,-1,710,710,7,0,7,717,718,
1644420119,job379_scenario1_706,in27,706,-1,708,708,11,0,11,719,720,
1644420119,job378_scenario2_705,B11,705,-1,709,709,10,0,10,719,720,
1644420119,job381_scenario3_710,B14,710,-1,718,718,3,0,3,721,722,
1644420119,job384_scenario1_716,B11,716,-1,720,720,9,0,9,729,730,
1644420119,job386_scenario1_719,B14,719,-1,722,722,8,0,8,730,731,
1644420120,job391_scenario3_725,B11,725,-1,730,730,1,0,1,731,732,
1644420120,job385_scenario1_718,in27,718,-1,720,720,13,0,13,733,734,
1644420120,job390_scenario2_724,B14,724,-1,731,731,2,0,2,733,734,
1644420120,job392_scenario1_730,B14,730,-1,734,734,6,0,6,740,741,
1644420120,job375_scenario1_698,B11,698,-1,732,732,11,0,11,743,744,
1644420120,job393_scenario2_733,in27,733,-1,734,734,14,0,14,748,749,
1644420120,job394_scenario0_734,B14,734,-1,741,741,18,0,18,759,760,
1644420120,job383_scenario0_713,B11,713,-1,744,744,20,0,20,764,765,
1644420120,job399_scenario1_756,B14,756,-1,760,760,4,0,4,764,765,
1644420121,job388_scenario0_722,in27,722,-1,749,749,22,0,22,771,772,
1644420121,job397_scenario1_749,B14,749,-1,765,765,9,0,9,774,775,
1644420121,job404_scenario2_773,B14,773,-1,775,775,4,0,4,779,780,
1644420121,job403_scenario2_768,in27,768,-1,772,772,9,0,9,781,782,
1644420121,job408_scenario2_777,B14,777,-1,780,780,6,0,6,786,787,
1644420122,job405_scenario3_774,in27,774,-1,782,782,5,0,5,787,788,
1644420122,job400_scenario0_759,B11,759,-1,765,765,23,0,23,788,789,
1644420122,job412_scenario3_788,B11,788,-1,789,789,1,0,1,790,791,
1644420122,job411_scenario1_786,B14,786,-1,787,787,7,0,7,794,795,
1644420122,job410_scenario2_785,B14,785,-1,795,795,2,0,2,797,798,
1644420122,job406_scenario1_775,in27,775,-1,788,788,10,0,10,798,799,
1644420122,job413_scenario3_789,B11,789,-1,791,791,7,0,7,798,799,
1644420123,job409_scenario1_783,B14,783,-1,798,798,8,0,8,806,807,
1644420123,job402_scenario1_765,B11,765,-1,799,799,8,0,8,807,808,
1644420123,job420_scenario2_802,B14,802,-1,807,807,3,0,3,810,811,
1644420123,job417_scenario4_799,B11,799,-1,808,808,4,0,4,812,813,
1644420123,job419_scenario2_801,B14,801,-1,811,811,2,0,2,813,814,
1644420123,job407_scenario1_776,in27,776,-1,799,799,15,0,15,814,815,
1644420123,job425_scenario3_812,B11,812,-1,813,813,3,0,3,816,817,
1644420123,job421_scenario3_803,B14,803,-1,814,814,4,0,4,818,819,
1644420123,job426_scenario3_815,B11,815,-1,817,817,2,0,2,819,820,
1644420123,job423_scenario3_808,B11,808,-1,820,820,5,0,5,825,826,
1644420124,job422_scenario1_805,B14,805,-1,819,819,7,0,7,826,827,
1644420124,job418_scenario1_800,in27,800,-1,815,815,14,0,14,829,830,
1644420124,job429_scenario2_825,B14,825,-1,827,827,3,0,3,830,831,
1644420124,job428_scenario1_824,B11,824,-1,826,826,8,0,8,834,835,
1644420124,job430_scenario2_830,B14,830,-1,831,831,3,0,3,834,835,
1644420124,job424_scenario1_811,B14,811,-1,835,835,6,0,6,841,842,
1644420124,job431_scenario4_831,B11,831,-1,835,835,7,0,7,842,843,
1644420124,job433_scenario3_836,B14,836,-1,842,842,2,0,2,844,845,
1644420124,job427_scenario1_818,in27,818,-1,830,830,15,0,15,845,846,
1644420125,job434_scenario3_838,B11,838,-1,843,843,5,0,5,848,849,
1644420125,job435_scenario3_842,B14,842,-1,845,845,6,0,6,851,852,
1644420125,job436_scenario1_845,in27,845,-1,846,846,14,0,14,860,861,
1644420125,job439_scenario2_850,B14,850,-1,852,852,9,0,9,861,862,
1644420125,job442_scenario3_855,in27,855,-1,861,861,5,0,5,866,867,
1644420126,job444_scenario2_857,B14,857,-1,862,862,5,0,5,867,868,
1644420126,job449_scenario4_867,B14,867,-1,868,868,4,0,4,872,873,
1644420126,job432_scenario0_832,B11,832,-1,849,849,25,0,25,874,875,
1644420126,job450_scenario3_870,B14,870,-1,873,873,5,0,5,878,879,
1644420126,job440_scenario1_853,in27,853,-1,867,867,12,0,12,879,880,
1644420126,job451_scenario3_872,B11,872,-1,875,875,6,0,6,881,882,
1644420126,job448_scenario2_865,B14,865,-1,879,879,4,0,4,883,884,
1644420127,job454_scenario2_880,B14,880,-1,884,884,2,0,2,886,887,
1644420127,job445_scenario1_862,B11,862,-1,882,882,10,0,10,892,893,
1644420127,job455_scenario2_886,B14,886,-1,887,887,5,0,5,892,893,
1644420127,job458_scenario3_890,B14,890,-1,893,893,1,0,1,894,895,
1644420127,job452_scenario2_874,in27,874,-1,880,880,16,0,16,896,897,
1644420127,job460_scenario4_892,B11,892,-1,893,893,4,0,4,897,898,
1644420127,job459_scenario2_891,B14,891,-1,895,895,5,0,5,900,901,
1644420128,job462_scenario2_898,B14,898,-1,901,901,5,0,5,906,907,
1644420128,job457_scenario2_889,B11,889,-1,898,898,9,0,9,907,908,
1644420128,job461_scenario1_896,in27,896,-1,897,897,13,0,13,910,911,
1644420128,job464_scenario3_902,B14,902,-1,907,907,4,0,4,911,912,
1644420128,job465_scenario1_905,B11,905,-1,908,908,10,0,10,918,919,
1644420129,job466_scenario1_907,in27,907,-1,911,911,9,0,9,920,921,
1644420129,job467_scenario3_912,B11,912,-1,919,919,2,0,2,921,922,
1644420129,job468_scenario4_914,B11,914,-1,922,922,2,0,2,924,925,
1644420129,job471_scenario4_917,in27,917,-1,921,921,5,0,5,926,927,
1644420129,job476_scenario3_923,B11,923,-1,925,925,4,0,4,929,930,
1644420129,job456_scenario0_887,B14,887,-1,912,912,18,0,18,930,931,
1644420129,job469_scenario2_915,B14,915,-1,931,931,4,0,4,935,936,
1644420130,job479_scenario4_927,B11,927,-1,930,930,6,0,6,936,937,
1644420130,job470_scenario2_916,in27,916,-1,927,927,12,0,12,939,940,
1644420130,job482_scenario2_932,B14,932,-1,936,936,6,0,6,942,943,
1644420130,job484_scenario4_937,in27,937,-1,940,940,6,0,6,946,947,
1644420130,job485_scenario4_940,B14,940,-1,943,943,5,0,5,948,949,
1644420130,job477_scenario1_925,B11,925,-1,937,937,13,0,13,950,951,
1644420131,job483_scenario1_934,B14,934,-1,949,949,10,0,10,959,960,
1644420131,job480_scenario2_929,in27,929,-1,947,947,13,0,13,960,961,
1644420131,job486_scenario1_943,B11,943,-1,951,951,12,0,12,963,964,
1644420131,job478_scenario2_926,B14,926,-1,960,960,4,0,4,964,965,
1644420131,job490_scenario2_958,B14,958,-1,965,965,5,0,5,970,971,
1644420132,job473_scenario1_920,in27,920,-1,961,961,14,0,14,975,976,
1644420132,job491_scenario1_961,B11,961,-1,964,964,13,0,13,977,978,
1644420132,job492_scenario1_966,B14,966,-1,971,971,6,0,6,977,978,
1644420133,job494_scenario2_975,in27,975,-1,976,976,9,0,9,985,986,
1644420133,job495_scenario4_978,in27,978,-1,986,986,7,0,7,993,994,
1644420133,job488_scenario0_953,B14,953,-1,978,978,16,0,16,994,995,
1644420133,job501_scenario2_992,B14,992,-1,995,995,4,0,4,999,1000,
1644420134,job487_scenario0_952,B11,952,-1,978,978,24,0,24,1002,1003,
1644420134,job499_scenario3_986,in27,986,-1,994,994,8,0,8,1002,1003,
1644420134,job496_scenario2_979,B14,979,-1,1000,1000,3,0,3,1003,1004,
1644420134,job504_scenario4_998,B11,998,-1,1003,1003,2,0,2,1005,1006,
1644420134,job497_scenario2_980,B14,980,-1,1004,1004,1,0,1,1005,1006,
1644420135,job498_scenario1_981,B14,981,-1,1006,1006,4,0,4,1010,1011,
1644420135,job506_scenario2_1001,B11,1001,-1,1006,1006,8,0,8,1014,1015,
1644420135,job510_scenario3_1007,B14,1007,-1,1011,1011,5,0,5,1016,1017,
1644420135,job512_scenario4_1012,B11,1012,-1,1015,1015,2,0,2,1017,1018,
1644420135,job505_scenario2_999,in27,999,-1,1003,1003,15,0,15,1018,1019,
1644420136,job509_scenario2_1006,B14,1006,-1,1017,1017,5,0,5,1022,1023,
1644420136,job514_scenario3_1018,in27,1018,-1,1019,1019,5,0,5,1024,1025,
1644420136,job511_scenario1_1010,B11,1010,-1,1018,1018,9,0,9,1027,1028,
1644420136,job516_scenario3_1020,in27,1020,-1,1025,1025,7,0,7,1032,1033,
1644420137,job515_scenario1_1019,B14,1019,-1,1023,1023,12,0,12,1035,1036,
1644420137,job508_scenario1_1003,B11,1003,-1,1028,1028,10,0,10,1038,1039,
1644420137,job521_scenario3_1035,B14,1035,-1,1036,1036,2,0,2,1038,1039,
1644420137,job522_scenario4_1038,B14,1038,-1,1039,1039,6,0,6,1045,1046,
1644420138,job524_scenario3_1043,B14,1043,-1,1046,1046,2,0,2,1048,1049,
1644420138,job527_scenario2_1047,B14,1047,-1,1049,1049,4,0,4,1053,1054,
1644420138,job513_scenario0_1015,in27,1015,-1,1033,1033,26,0,26,1059,1060,
1644420138,job520_scenario0_1033,B11,1033,-1,1039,1039,20,0,20,1059,1060,
1644420139,job528_scenario3_1050,B14,1050,-1,1054,1054,6,0,6,1060,1061,
1644420139,job529_scenario3_1056,B11,1056,-1,1060,1060,6,0,6,1066,1067,
1644420139,job530_scenario2_1057,in27,1057,-1,1060,1060,12,0,12,1072,1073,
1644420140,job518_scenario0_1022,B14,1022,-1,1061,1061,16,0,16,1077,1078,
1644420140,job531_scenario1_1062,B11,1062,-1,1067,1067,12,0,12,1079,1080,
1644420140,job532_scenario4_1070,in27,1070,-1,1073,1073,7,0,7,1080,1081,
1644420140,job534_scenario2_1075,B14,1075,-1,1078,1078,6,0,6,1084,1085,
1644420141,job533_scenario3_1074,B11,1074,-1,1080,1080,5,0,5,1085,1086,
1644420141,job536_scenario2_1082,B14,1082,-1,1085,1085,2,0,2,1087,1088,
1644420141,job538_scenario4_1084,B11,1084,-1,1086,1086,4,0,4,1090,1091,
1644420141,job540_scenario2_1087,B14,1087,-1,1088,1088,2,0,2,1090,1091,
1644420142,job539_scenario4_1086,B11,1086,-1,1091,1091,2,0,2,1093,1094,
1644420143,job541_scenario1_1091,B11,1091,-1,1094,1094,6,0,6,1100,1101,
1644420143,job547_scenario4_1099,B11,1099,-1,1101,1101,3,0,3,1104,1105,
1644420143,job523_scenario0_1041,in27,1041,-1,1081,1081,25,0,25,1106,1107,
1644420143,job537_scenario0_1083,B14,1083,-1,1091,1091,16,0,16,1107,1108,
1644420144,job542_scenario1_1092,B11,1092,-1,1105,1105,8,0,8,1113,1114,
1644420144,job550_scenario2_1107,B14,1107,-1,1108,1108,7,0,7,1115,1116,
1644420145,job549_scenario1_1106,in27,1106,-1,1107,1107,14,0,14,1121,1122,
1644420145,job551_scenario3_1112,B11,1112,-1,1114,1114,8,0,8,1122,1123,
1644420145,job553_scenario1_1114,B14,1114,-1,1116,1116,7,0,7,1123,1124,
1644420146,job557_scenario3_1121,in27,1121,-1,1122,1122,3,0,3,1125,1126,
1644420146,job555_scenario2_1117,B11,1117,-1,1123,1123,6,0,6,1129,1130,
1644420147,job556_scenario1_1118,B14,1118,-1,1124,1124,8,0,8,1132,1133,
1644420147,job559_scenario4_1125,in27,1125,-1,1126,1126,9,0,9,1135,1136,
1644420148,job562_scenario1_1129,B11,1129,-1,1130,1130,10,0,10,1140,1141,
1644420148,job564_scenario1_1131,B14,1131,-1,1133,1133,8,0,8,1141,1142,
1644420149,job566_scenario3_1137,B11,1137,-1,1141,1141,4,0,4,1145,1146,
1644420149,job565_scenario2_1134,B14,1134,-1,1142,1142,4,0,4,1146,1147,
1644420149,job561_scenario1_1128,in27,1128,-1,1136,1136,12,0,12,1148,1149,
1644420150,job568_scenario2_1146,B14,1146,-1,1147,1147,3,0,3,1150,1151,
1644420151,job563_scenario1_1130,B11,1130,-1,1146,1146,9,0,9,1155,1156,
1644420151,job571_scenario1_1149,B14,1149,-1,1151,1151,8,0,8,1159,1160,
1644420151,job573_scenario3_1151,B11,1151,-1,1156,1156,3,0,3,1159,1160,
1644420152,job567_scenario1_1140,in27,1140,-1,1149,1149,14,0,14,1163,1164,
1644420153,job575_scenario3_1153,B14,1153,-1,1160,1160,6,0,6,1166,1167,
1644420153,job577_scenario4_1158,B11,1158,-1,1160,1160,7,0,7,1167,1168,
1644420153,job582_scenario2_1166,B14,1166,-1,1167,1167,3,0,3,1170,1171,
1644420154,job583_scenario3_1168,B14,1168,-1,1171,1171,4,0,4,1175,1176,
1644420155,job560_scenario1_1126,in27,1126,-1,1164,1164,13,0,13,1177,1178,
1644420155,job578_scenario2_1162,B14,1162,-1,1176,1176,3,0,3,1179,1180,
1644420155,job579_scenario1_1163,B11,1163,-1,1168,1168,13,0,13,1181,1182,
1644420156,job587_scenario4_1174,in27,1174,-1,1178,1178,7,0,7,1185,1186,
1644420156,job585_scenario2_1171,B14,1171,-1,1180,1180,5,0,5,1185,1186,
1644420157,job586_scenario2_1173,B11,1173,-1,1182,1182,8,0,8,1190,1191,
1644420157,job590_scenario2_1184,B14,1184,-1,1186,1186,4,0,4,1190,1191,
1644420157,job591_scenario3_1185,in27,1185,-1,1186,1186,6,0,6,1192,1193,
1644420158,job592_scenario2_1186,B14,1186,-1,1191,1191,3,0,3,1194,1195,
1644420158,job593_scenario2_1188,B11,1188,-1,1191,1191,5,0,5,1196,1197,
1644420159,job596_scenario2_1194,B14,1194,-1,1195,1195,4,0,4,1199,1200,
1644420159,job598_scenario3_1196,B11,1196,-1,1197,1197,4,0,4,1201,1202,
1644420159,job600_scenario3_1199,B11,1199,-1,1202,1202,2,0,2,1204,1205,
1644420160,job588_scenario1_1175,in27,1175,-1,1193,1193,13,0,13,1206,1207,
1644420160,job599_scenario3_1197,B14,1197,-1,1200,1200,6,0,6,1206,1207,
1644420161,job602_scenario3_1205,in27,1205,-1,1207,1207,4,0,4,1211,1212,
1644420161,job589_scenario1_1183,B14,1183,-1,1207,1207,6,0,6,1213,1214,
1644420161,job594_scenario1_1190,B11,1190,-1,1205,1205,9,0,9,1214,1215,
1644420162,job603_scenario1_1206,B14,1206,-1,1214,1214,6,0,6,1220,1221,
1644420163,job605_scenario1_1211,in27,1211,-1,1212,1212,9,0,9,1221,1222,
1644420163,job606_scenario2_1214,B11,1214,-1,1215,1215,11,0,11,1226,1227,
1644420164,job607_scenario4_1217,B14,1217,-1,1221,1221,10,0,10,1231,1232,
1644420165,job604_scenario1_1207,in27,1207,-1,1222,1222,13,0,13,1235,1236,
1644420165,job597_scenario1_1195,B11,1195,-1,1227,1227,10,0,10,1237,1238,
1644420165,job608_scenario1_1230,B14,1230,-1,1232,1232,8,0,8,1240,1241,
1644420166,job610_scenario4_1234,in27,1234,-1,1236,1236,8,0,8,1244,1245,
1644420167,job611_scenario2_1236,B11,1236,-1,1238,1238,11,0,11,1249,1250,
1644420167,job612_scenario3_1239,B14,1239,-1,1241,1241,9,0,9,1250,1251,
1644420167,job615_scenario3_1247,B11,1247,-1,1250,1250,2,0,2,1252,1253,
1644420168,job614_scenario1_1242,in27,1242,-1,1245,1245,10,0,10,1255,1256,
1644420168,job613_scenario2_1241,B14,1241,-1,1251,1251,7,0,7,1258,1259,
1644420169,job618_scenario4_1254,in27,1254,-1,1256,1256,6,0,6,1262,1263,
1644420170,job619_scenario1_1255,B14,1255,-1,1259,1259,7,0,7,1266,1267,
1644420170,job617_scenario4_1253,B14,1253,-1,1267,1267,3,0,3,1270,1271,
1644420171,job621_scenario4_1262,in27,1262,-1,1263,1263,10,0,10,1273,1274,
1644420171,job616_scenario0_1248,B11,1248,-1,1253,1253,24,0,24,1277,1278,
1644420171,job623_scenario1_1267,B14,1267,-1,1271,1271,6,0,6,1277,1278,
1644420172,job625_scenario3_1276,B11,1276,-1,1278,1278,4,0,4,1282,1283,
1644420173,job624_scenario2_1275,B14,1275,-1,1278,1278,6,0,6,1284,1285,
1644420173,job627_scenario3_1280,B11,1280,-1,1283,1283,1,0,1,1284,1285,
1644420173,job622_scenario1_1263,in27,1263,-1,1274,1274,11,0,11,1285,1286,
1644420175,job626_scenario0_1278,B14,1278,-1,1285,1285,19,0,19,1304,1305,
1644420176,job620_scenario0_1257,in27,1257,-1,1286,1286,24,0,24,1310,1311,
1644420176,job632_scenario2_1300,B14,1300,-1,1305,1305,5,0,5,1310,1311,
1644420177,job628_scenario0_1282,B11,1282,-1,1285,1285,27,0,27,1312,1313,
1644420177,job633_scenario2_1301,B14,1301,-1,1311,1311,3,0,3,1314,1315,
1644420178,job637_scenario3_1310,in27,1310,-1,1311,1311,7,0,7,1318,1319,
1644420178,job635_scenario1_1306,B11,1306,-1,1313,1313,8,0,8,1321,1322,
1644420178,job636_scenario2_1309,B14,1309,-1,1315,1315,6,0,6,1321,1322,
1644420179,job640_scenario2_1316,B14,1316,-1,1322,1322,3,0,3,1325,1326,
1644420180,job641_scenario2_1319,B11,1319,-1,1322,1322,9,0,9,1331,1332,
1644420180,job643_scenario2_1322,B14,1322,-1,1326,1326,5,0,5,1331,1332,
1644420180,job629_scenario1_1294,in27,1294,-1,1319,1319,13,0,13,1332,1333,
1644420180,job644_scenario3_1327,B11,1327,-1,1332,1332,1,0,1,1333,1334,
1644420181,job642_scenario2_1321,B14,1321,-1,1332,1332,5,0,5,1337,1338,
1644420181,job645_scenario4_1329,in27,1329,-1,1333,1333,7,0,7,1340,1341,
1644420182,job646_scenario4_1335,B14,1335,-1,1338,1338,9,0,9,1347,1348,
1644420183,job647_scenario3_1339,in27,1339,-1,1341,1341,7,0,7,1348,1349,
1644420184,job631_scenario0_1297,B11,1297,-1,1334,1334,22,0,22,1356,1357,
1644420184,job648_scenario2_1346,B14,1346,-1,1348,1348,8,0,8,1356,1357,
1644420185,job651_scenario2_1351,B14,1351,-1,1357,1357,6,0,6,1363,1364,
1644420185,job649_scenario2_1347,in27,1347,-1,1349,1349,17,0,17,1366,1367,
1644420186,job653_scenario1_1356,B11,1356,-1,1357,1357,11,0,11,1368,1369,
1644420186,job655_scenario4_1363,B11,1363,-1,1369,1369,1,0,1,1370,1371,
1644420186,job654_scenario2_1361,B14,1361,-1,1364,1364,8,0,8,1372,1373,
1644420187,job656_scenario4_1364,in27,1364,-1,1367,1367,9,0,9,1376,1377,
1644420188,job660_scenario1_1372,B14,1372,-1,1373,1373,6,0,6,1379,1380,
1644420188,job650_scenario1_1349,B11,1349,-1,1371,1371,9,0,9,1380,1381,
1644420188,job661_scenario3_1375,in27,1375,-1,1377,1377,6,0,6,1383,1384,
1644420189,job659_scenario1_1371,B14,1371,-1,1380,1380,9,0,9,1389,1390,
1644420190,job667_scenario1_1388,B14,1388,-1,1390,1390,7,0,7,1397,1398,
1644420191,job652_scenario0_1355,B11,1355,-1,1381,1381,22,0,22,1403,1404,
1644420191,job668_scenario2_1392,B14,1392,-1,1398,1398,6,0,6,1404,1405,
1644420192,job674_scenario2_1402,B14,1402,-1,1405,1405,3,0,3,1408,1409,
1644420192,job657_scenario0_1366,in27,1366,-1,1384,1384,26,0,26,1410,1411,
1644420193,job672_scenario2_1399,B11,1399,-1,1404,1404,11,0,11,1415,1416,
1644420193,job664_scenario1_1385,B14,1385,-1,1409,1409,7,0,7,1416,1417,
1644420194,job670_scenario1_1396,B14,1396,-1,1417,1417,6,0,6,1423,1424,
1644420194,job671_scenario1_1397,in27,1397,-1,1411,1411,13,0,13,1424,1425,
1644420194,job677_scenario1_1415,B11,1415,-1,1416,1416,8,0,8,1424,1425,
1644420195,job678_scenario2_1417,B14,1417,-1,1424,1424,3,0,3,1427,1428,
1644420196,job663_scenario1_1384,B11,1384,-1,1425,1425,9,0,9,1434,1435,
1644420196,job676_scenario1_1412,B14,1412,-1,1428,1428,7,0,7,1435,1436,
1644420197,job683_scenario3_1433,B11,1433,-1,1435,1435,2,0,2,1437,1438,
1644420197,job679_scenario2_1421,in27,1421,-1,1425,1425,13,0,13,1438,1439,
1644420197,job682_scenario4_1430,in27,1430,-1,1439,1439,2,0,2,1441,1442,
1644420198,job681_scenario1_1429,B14,1429,-1,1436,1436,8,0,8,1444,1445,
1644420198,job686_scenario3_1438,in27,1438,-1,1442,1442,4,0,4,1446,1447,
1644420198,job685_scenario2_1437,B11,1437,-1,1438,1438,10,0,10,1448,1449,
1644420199,job689_scenario3_1447,B11,1447,-1,1449,1449,2,0,2,1451,1452,
1644420199,job687_scenario1_1440,B14,1440,-1,1445,1445,8,0,8,1453,1454,
1644420200,job691_scenario4_1451,B11,1451,-1,1452,1452,5,0,5,1457,1458,
1644420200,job690_scenario3_1449,B14,1449,-1,1454,1454,5,0,5,1459,1460,
1644420201,job688_scenario1_1445,in27,1445,-1,1447,1447,13,0,13,1460,1461,
1644420201,job692_scenario2_1452,B14,1452,-1,1460,1460,6,0,6,1466,1467,
1644420202,job684_scenario1_1434,B11,1434,-1,1458,1458,10,0,10,1468,1469,
1644420202,job695_scenario3_1463,B14,1463,-1,1467,1467,2,0,2,1469,1470,
1644420202,job694_scenario1_1456,in27,1456,-1,1461,1461,10,0,10,1471,1472,
1644420204,job693_scenario0_1453,B14,1453,-1,1470,1470,14,0,14,1484,1485,
1644420204,job696_scenario1_1472,in27,1472,-1,1473,1473,13,0,13,1486,1487,
1644420205,job680_scenario0_1428,B11,1428,-1,1469,1469,21,0,21,1490,1491,
1644420205,job697_scenario1_1475,B14,1475,-1,1485,1485,5,0,5,1490,1491,
1644420206,job703_scenario3_1489,B11,1489,-1,1491,1491,5,0,5,1496,1497,
1644420206,job702_scenario3_1488,B14,1488,-1,1491,1491,5,0,5,1496,1497,
1644420206,job705_scenario2_1493,B14,1493,-1,1497,1497,2,0,2,1499,1500,
1644420207,job707_scenario2_1498,B14,1498,-1,1500,1500,2,0,2,1502,1503,
1644420207,job708_scenario3_1500,B14,1500,-1,1503,1503,3,0,3,1506,1507,
1644420208,job700_scenario0_1484,in27,1484,-1,1487,1487,25,0,25,1512,1513,
1644420209,job710_scenario1_1504,B14,1504,-1,1507,1507,8,0,8,1515,1516,
1644420209,job699_scenario0_1478,B11,1478,-1,1497,1497,21,0,21,1518,1519,
1644420209,job709_scenario3_1502,in27,1502,-1,1513,1513,7,0,7,1520,1521,
1644420210,job711_scenario1_1513,B14,1513,-1,1516,1516,7,0,7,1523,1524,
1644420211,job712_scenario1_1521,B14,1521,-1,1524,1524,7,0,7,1531,1532,
1644420212,job713_scenario4_1528,B14,1528,-1,1532,1532,7,0,7,1539,1540,
1644420212,job704_scenario0_1491,B11,1491,-1,1519,1519,25,0,25,1544,1545,
1644420213,job706_scenario0_1496,in27,1496,-1,1521,1521,24,0,24,1545,1546,
1644420213,job716_scenario1_1536,B14,1536,-1,1540,1540,6,0,6,1546,1547,
1644420213,job718_scenario4_1542,B11,1542,-1,1545,1545,5,0,5,1550,1551,
1644420214,job715_scenario1_1530,B14,1530,-1,1547,1547,6,0,6,1553,1554,
1644420214,job714_scenario3_1529,in27,1529,-1,1546,1546,9,0,9,1555,1556,
1644420214,job722_scenario2_1549,B14,1549,-1,1554,1554,1,0,1,1555,1556,
1644420215,job719_scenario3_1544,B11,1544,-1,1551,1551,5,0,5,1556,1557,
1644420216,job723_scenario1_1550,B14,1550,-1,1556,1556,7,0,7,1563,1564,
1644420217,job724_scenario1_1553,in27,1553,-1,1556,1556,14,0,14,1570,1571,
1644420218,job721_scenario0_1547,B11,1547,-1,1557,1557,22,0,22,1579,1580,
1644420218,job726_scenario4_1565,in27,1565,-1,1571,1571,8,0,8,1579,1580,
1644420218,job725_scenario0_1559,B14,1559,-1,1564,1564,17,0,17,1581,1582,
1644420219,job730_scenario3_1573,B11,1573,-1,1580,1580,3,0,3,1583,1584,
1644420219,job729_scenario3_1571,in27,1571,-1,1580,1580,8,0,8,1588,1589,
1644420219,job731_scenario3_1576,B11,1576,-1,1584,1584,4,0,4,1588,1589,
1644420220,job727_scenario1_1566,B14,1566,-1,1582,1582,7,0,7,1589,1590,
1644420220,job735_scenario4_1588,in27,1588,-1,1589,1589,6,0,6,1595,1596,
1644420221,job734_scenario3_1587,B11,1587,-1,1589,1589,7,0,7,1596,1597,
1644420221,job736_scenario3_1589,B14,1589,-1,1590,1590,6,0,6,1596,1597,
1644420222,job732_scenario1_1578,B14,1578,-1,1597,1597,7,0,7,1604,1605,
1644420223,job728_scenario1_1568,in27,1568,-1,1596,1596,15,0,15,1611,1612,
1644420223,job739_scenario1_1597,B14,1597,-1,1605,1605,10,0,10,1615,1616,
1644420224,job733_scenario0_1582,B11,1582,-1,1597,1597,20,0,20,1617,1618,
1644420225,job748_scenario4_1614,B14,1614,-1,1616,1616,8,0,8,1624,1625,
1644420225,job742_scenario1_1602,in27,1602,-1,1612,1612,13,0,13,1625,1626,
1644420225,job747_scenario2_1613,B11,1613,-1,1618,1618,9,0,9,1627,1628,
1644420226,job749_scenario4_1617,B14,1617,-1,1625,1625,6,0,6,1631,1632,
1644420226,job750_scenario4_1622,in27,1622,-1,1626,1626,6,0,6,1632,1633,
1644420226,job743_scenario1_1604,B11,1604,-1,1628,1628,7,0,7,1635,1636,
1644420227,job741_scenario1_1600,B14,1600,-1,1632,1632,8,0,8,1640,1641,
1644420227,job751_scenario1_1630,B11,1630,-1,1636,1636,5,0,5,1641,1642,
1644420228,job744_scenario1_1608,in27,1608,-1,1633,1633,12,0,12,1645,1646,
1644420228,job752_scenario2_1636,B14,1636,-1,1641,1641,4,0,4,1645,1646,
1644420229,job753_scenario1_1639,B11,1639,-1,1642,1642,10,0,10,1652,1653,
1644420229,job754_scenario1_1640,B14,1640,-1,1646,1646,6,0,6,1652,1653,
1644420230,job758_scenario4_1649,B11,1649,-1,1653,1653,6,0,6,1659,1660,
1644420231,job759_scenario0_1652,B14,1652,-1,1653,1653,16,0,16,1669,1670,
1644420231,job755_scenario0_1641,in27,1641,-1,1646,1646,26,0,26,1672,1673,
1644420231,job761_scenario1_1655,B11,1655,-1,1660,1660,12,0,12,1672,1673,
1644420232,job762_scenario2_1657,B14,1657,-1,1670,1670,5,0,5,1675,1676,
1644420232,job764_scenario3_1660,B11,1660,-1,1673,1673,2,0,2,1675,1676,
1644420232,job767_scenario2_1667,B14,1667,-1,1676,1676,3,0,3,1679,1680,
1644420233,job765_scenario4_1663,in27,1663,-1,1673,1673,10,0,10,1683,1684,
1644420233,job771_scenario1_1674,B11,1674,-1,1676,1676,9,0,9,1685,1686,
1644420233,job766_scenario2_1665,B14,1665,-1,1680,1680,6,0,6,1686,1687,
1644420234,job774_scenario4_1682,in27,1682,-1,1684,1684,8,0,8,1692,1693,
1644420234,job772_scenario4_1677,B11,1677,-1,1686,1686,7,0,7,1693,1694,
1644420235,job768_scenario1_1668,B14,1668,-1,1687,1687,6,0,6,1693,1694,
1644420235,job776_scenario2_1688,B14,1688,-1,1694,1694,6,0,6,1700,1701,
1644420235,job760_scenario1_1654,B11,1654,-1,1694,1694,6,0,6,1700,1701,
1644420236,job775_scenario3_1687,in27,1687,-1,1693,1693,8,0,8,1701,1702,
1644420236,job778_scenario2_1700,B14,1700,-1,1701,1701,3,0,3,1704,1705,
1644420237,job769_scenario1_1671,B11,1671,-1,1701,1701,11,0,11,1712,1713,
1644420238,job777_scenario2_1695,in27,1695,-1,1702,1702,12,0,12,1714,1715,
1644420238,job779_scenario1_1702,B14,1702,-1,1705,1705,9,0,9,1714,1715,
1644420240,job781_scenario0_1704,B14,1704,-1,1715,1715,17,0,17,1732,1733,
1644420240,job782_scenario0_1708,B11,1708,-1,1713,1713,23,0,23,1736,1737,
1644420240,job785_scenario2_1720,B14,1720,-1,1733,1733,3,0,3,1736,1737,
1644420240,job773_scenario0_1681,in27,1681,-1,1715,1715,24,0,24,1739,1740,
1644420241,job786_scenario4_1730,B14,1730,-1,1737,1737,3,0,3,1740,1741,
1644420241,job787_scenario1_1731,B11,1731,-1,1737,1737,6,0,6,1743,1744,
1644420241,job784_scenario2_1716,B14,1716,-1,1741,1741,2,0,2,1743,1744,
1644420241,job791_scenario3_1739,in27,1739,-1,1740,1740,5,0,5,1745,1746,
1644420243,job792_scenario0_1742,B14,1742,-1,1744,1744,14,0,14,1758,1759,
1644420244,job789_scenario0_1737,B11,1737,-1,1744,1744,21,0,21,1765,1766,
1644420244,job793_scenario1_1748,B14,1748,-1,1759,1759,8,0,8,1767,1768,
1644420244,job795_scenario4_1754,B11,1754,-1,1766,1766,4,0,4,1770,1771,
1644420245,job788_scenario0_1734,in27,1734,-1,1746,1746,28,0,28,1774,1775,
1644420245,job794_scenario3_1753,B14,1753,-1,1768,1768,7,0,7,1775,1776,
1644420245,job798_scenario4_1763,B11,1763,-1,1771,1771,4,0,4,1775,1776,
1644420246,job796_scenario1_1755,B14,1755,-1,1776,1776,4,0,4,1780,1781,
1644420246,job799_scenario1_1769,B11,1769,-1,1776,1776,7,0,7,1783,1784,
1644420247,job800_scenario1_1771,B14,1771,-1,1781,1781,5,0,5,1786,1787,
1644420247,job797_scenario1_1760,in27,1760,-1,1775,1775,13,0,13,1788,1789,
1644420249,job805_scenario2_1787,in27,1787,-1,1789,1789,17,0,17,1806,1807,
1644420249,job803_scenario0_1780,B14,1780,-1,1787,1787,20,0,20,1807,1808,
1644420249,job802_scenario0_1779,B11,1779,-1,1784,1784,24,0,24,1808,1809,
1644420250,job809_scenario3_1800,B14,1800,-1,1808,1808,5,0,5,1813,1814,
1644420250,job806_scenario4_1795,in27,1795,-1,1807,1807,8,0,8,1815,1816,
1644420251,job810_scenario3_1809,B14,1809,-1,1814,1814,3,0,3,1817,1818,
1644420251,job807_scenario1_1796,B11,1796,-1,1809,1809,9,0,9,1818,1819,
1644420252,job808_scenario1_1799,in27,1799,-1,1816,1816,10,0,10,1826,1827,
1644420252,job812_scenario2_1818,B11,1818,-1,1819,1819,11,0,11,1830,1831,
1644420252,job815_scenario3_1826,in27,1826,-1,1827,1827,6,0,6,1833,1834,
1644420253,job813_scenario3_1819,B11,1819,-1,1831,1831,3,0,3,1834,1835,
1644420253,job801_scenario0_1777,B14,1777,-1,1818,1818,17,0,17,1835,1836,
1644420254,job818_scenario3_1835,B14,1835,-1,1836,1836,7,0,7,1843,1844,
1644420254,job817_scenario1_1834,B11,1834,-1,1835,1835,9,0,9,1844,1845,
1644420254,job816_scenario1_1828,in27,1828,-1,1834,1834,13,0,13,1847,1848,
1644420255,job822_scenario4_1844,B11,1844,-1,1845,1845,3,0,3,1848,1849,
1644420255,job821_scenario2_1843,B14,1843,-1,1844,1844,5,0,5,1849,1850,
1644420256,job824_scenario1_1848,B11,1848,-1,1849,1849,9,0,9,1858,1859,
1644420257,job819_scenario1_1836,in27,1836,-1,1848,1848,16,0,16,1864,1865,
1644420257,job820_scenario0_1837,B14,1837,-1,1850,1850,18,0,18,1868,1869,
1644420257,job825_scenario2_1851,B11,1851,-1,1859,1859,12,0,12,1871,1872,
1644420258,job829_scenario1_1867,B14,1867,-1,1869,1869,7,0,7,1876,1877,
1644420259,job830_scenario2_1870,B11,1870,-1,1872,1872,9,0,9,1881,1882,
1644420259,job834_scenario1_1876,B14,1876,-1,1877,1877,8,0,8,1885,1886,
1644420260,job826_scenario0_1853,in27,1853,-1,1865,1865,23,0,23,1888,1889,
1644420260,job835_scenario4_1879,B11,1879,-1,1882,1882,8,0,8,1890,1891,
1644420260,job833_scenario1_1873,B14,1873,-1,1886,1886,9,0,9,1895,1896,
1644420260,job832_scenario4_1872,in27,1872,-1,1889,1889,7,0,7,1896,1897,
1644420261,job837_scenario1_1881,B11,1881,-1,1891,1891,13,0,13,1904,1905,
1644420261,job843_scenario1_1893,B14,1893,-1,1896,1896,10,0,10,1906,1907,
1644420261,job844_scenario3_1895,in27,1895,-1,1897,1897,9,0,9,1906,1907,
1644420262,job846_scenario4_1901,B11,1901,-1,1905,1905,4,0,4,1909,1910,
1644420262,job845_scenario1_1897,B14,1897,-1,1907,1907,5,0,5,1912,1913,
1644420263,job839_scenario1_1887,in27,1887,-1,1907,1907,8,0,8,1915,1916,
1644420263,job840_scenario1_1890,B11,1890,-1,1910,1910,11,0,11,1921,1922,
1644420263,job851_scenario4_1917,B11,1917,-1,1922,1922,1,0,1,1923,1924,
1644420264,job842_scenario1_1892,B14,1892,-1,1913,1913,12,0,12,1925,1926,
1644420264,job853_scenario3_1922,B11,1922,-1,1924,1924,4,0,4,1928,1929,
1644420264,job849_scenario1_1907,in27,1907,-1,1916,1916,14,0,14,1930,1931,
1644420265,job841_scenario1_1891,B14,1891,-1,1926,1926,6,0,6,1932,1933,
1644420265,job847_scenario1_1904,B11,1904,-1,1929,1929,10,0,10,1939,1940,
1644420265,job855_scenario4_1932,B14,1932,-1,1933,1933,7,0,7,1940,1941,
1644420266,job856_scenario4_1934,B11,1934,-1,1940,1940,2,0,2,1942,1943,
1644420266,job850_scenario1_1915,in27,1915,-1,1931,1931,13,0,13,1944,1945,
1644420266,job857_scenario2_1935,B14,1935,-1,1941,1941,5,0,5,1946,1947,
1644420266,job858_scenario4_1938,B11,1938,-1,1943,1943,3,0,3,1946,1947,
1644420267,job860_scenario3_1944,in27,1944,-1,1945,1945,3,0,3,1948,1949,
1644420268,job859_scenario1_1940,B14,1940,-1,1947,1947,10,0,10,1957,1958,
1644420268,job861_scenario1_1946,B11,1946,-1,1947,1947,11,0,11,1958,1959,
1644420269,job863_scenario1_1958,B11,1958,-1,1959,1959,9,0,9,1968,1969,
1644420269,job862_scenario0_1956,B14,1956,-1,1958,1958,14,0,14,1972,1973,
1644420269,job852_scenario0_1920,in27,1920,-1,1949,1949,25,0,25,1974,1975,
1644420270,job864_scenario4_1959,B11,1959,-1,1969,1969,6,0,6,1975,1976,
1644420270,job867_scenario3_1966,B14,1966,-1,1973,1973,7,0,7,1980,1981,
1644420271,job868_scenario1_1973,in27,1973,-1,1975,1975,11,0,11,1986,1987,
1644420271,job866_scenario2_1961,B11,1961,-1,1976,1976,10,0,10,1986,1987,
1644420271,job870_scenario2_1979,B14,1979,-1,1981,1981,5,0,5,1986,1987,
1644420272,job872_scenario1_1982,B14,1982,-1,1987,1987,7,0,7,1994,1995,
1644420272,job874_scenario1_1984,in27,1984,-1,1987,1987,8,0,8,1995,1996,
1644420272,job875_scenario1_1985,B11,1985,-1,1987,1987,11,0,11,1998,1999,
1644420273,job880_scenario3_1998,B11,1998,-1,1999,1999,2,0,2,2001,2002,
1644420273,job869_scenario1_1978,B14,1978,-1,1995,1995,8,0,8,2003,2004,
1644420273,job881_scenario3_2000,B11,2000,-1,2002,2002,5,0,5,2007,2008,
1644420274,job882_scenario2_2001,B14,2001,-1,2004,2004,4,0,4,2008,2009,
1644420274,job884_scenario3_2005,B11,2005,-1,2008,2008,1,0,1,2009,2010,
1644420274,job877_scenario1_1989,in27,1989,-1,1996,1996,14,0,14,2010,2011,
1644420275,job883_scenario1_2004,B14,2004,-1,2009,2009,6,0,6,2015,2016,
1644420275,job886_scenario2_2012,B14,2012,-1,2016,2016,4,0,4,2020,2021,
1644420276,job879_scenario1_1996,B11,1996,-1,2010,2010,13,0,13,2023,2024,
1644420276,job888_scenario1_2019,B14,2019,-1,2021,2021,11,0,11,2032,2033,
1644420277,job887_scenario1_2018,B11,2018,-1,2024,2024,12,0,12,2036,2037,
1644420277,job876_scenario0_1987,in27,1987,-1,2011,2011,27,0,27,2038,2039,
1644420277,job890_scenario2_2023,B14,2023,-1,2033,2033,5,0,5,2038,2039,
1644420278,job894_scenario1_2035,B11,2035,-1,2037,2037,8,0,8,2045,2046,
1644420278,job892_scenario1_2029,B14,2029,-1,2039,2039,7,0,7,2046,2047,
1644420279,job896_scenario1_2044,B11,2044,-1,2046,2046,11,0,11,2057,2058,
1644420280,job897_scenario1_2047,B11,2047,-1,2058,2058,5,0,5,2063,2064,
1644420280,job889_scenario0_2020,in27,2020,-1,2039,2039,25,0,25,2064,2065,
1644420280,job895_scenario0_2040,B14,2040,-1,2047,2047,20,0,20,2067,2068,
1644420281,job900_scenario2_2060,B14,2060,-1,2068,2068,5,0,5,2073,2074,
1644420281,job901_scenario1_2062,B11,2062,-1,2064,2064,10,0,10,2074,2075,
1644420281,job899_scenario2_2059,B14,2059,-1,2074,2074,3,0,3,2077,2078,
1644420282,job898_scenario1_2058,in27,2058,-1,2065,2065,14,0,14,2079,2080,
1644420282,job905_scenario1_2075,B14,2075,-1,2078,2078,7,0,7,2085,2086,
1644420283,job908_scenario4_2079,in27,2079,-1,2080,2080,8,0,8,2088,2089,
1644420283,job909_scenario2_2084,B14,2084,-1,2086,2086,3,0,3,2089,2090,
1644420284,job906_scenario1_2076,B14,2076,-1,2090,2090,6,0,6,2096,2097,
1644420284,job902_scenario0_2065,B11,2065,-1,2075,2075,27,0,27,2102,2103,
1644420284,job910_scenario1_2085,in27,2085,-1,2089,2089,13,0,13,2102,2103,
1644420284,job911_scenario2_2094,B14,2094,-1,2097,2097,6,0,6,2103,2104,
1644420285,job912_scenario4_2095,B11,2095,-1,2103,2103,5,0,5,2108,2109,
1644420285,job914_scenario2_2102,B14,2102,-1,2104,2104,4,0,4,2108,2109,
1644420286,job907_scenario1_2077,in27,2077,-1,2103,2103,10,0,10,2113,2114,
1644420286,job913_scenario2_2101,B14,2101,-1,2109,2109,6,0,6,2115,2116,
1644420287,job916_scenario2_2104,B11,2104,-1,2109,2109,11,0,11,2120,2121,
1644420287,job918_scenario1_2115,B14,2115,-1,2116,2116,8,0,8,2124,2125,
1644420287,job915_scenario1_2103,in27,2103,-1,2114,2114,14,0,14,2128,2129,
1644420288,job920_scenario3_2118,B11,2118,-1,2121,2121,10,0,10,2131,2132,
1644420288,job922_scenario1_2120,B14,2120,-1,2125,2125,8,0,8,2133,2134,
1644420288,job917_scenario1_2106,B11,2106,-1,2132,2132,8,0,8,2140,2141,
1644420289,job924_scenario1_2124,in27,2124,-1,2129,2129,12,0,12,2141,2142,
1644420289,job927_scenario2_2133,B14,2133,-1,2134,2134,8,0,8,2142,2143,
1644420289,job926_scenario4_2132,B11,2132,-1,2141,2141,2,0,2,2143,2144,
1644420290,job923_scenario2_2121,B14,2121,-1,2143,2143,7,0,7,2150,2151,
1644420290,job928_scenario2_2136,in27,2136,-1,2142,2142,10,0,10,2152,2153,
1644420290,job929_scenario3_2144,B14,2144,-1,2151,2151,2,0,2,2153,2154,
1644420290,job925_scenario2_2130,B11,2130,-1,2144,2144,14,0,14,2158,2159,
1644420291,job919_scenario1_2116,in27,2116,-1,2153,2153,15,0,15,2168,2169,
1644420291,job921_scenario0_2119,B14,2119,-1,2154,2154,16,0,16,2170,2171,
1644420292,job930_scenario0_2158,B11,2158,-1,2159,2159,20,0,20,2179,2180,
1644420293,job932_scenario0_2166,B14,2166,-1,2171,2171,17,0,17,2188,2189,
1644420293,job933_scenario1_2177,B11,2177,-1,2180,2180,9,0,9,2189,2190,
1644420293,job934_scenario4_2183,B14,2183,-1,2189,2189,4,0,4,2193,2194,
1644420294,job931_scenario0_2162,in27,2162,-1,2169,2169,26,0,26,2195,2196,
1644420294,job935_scenario4_2190,B11,2190,-1,2191,2191,6,0,6,2197,2198,
1644420294,job936_scenario3_2192,B14,2192,-1,2194,2194,6,0,6,2200,2201,
1644420295,job938_scenario1_2197,B11,2197,-1,2198,2198,8,0,8,2206,2207,
1644420295,job937_scenario2_2196,in27,2196,-1,2197,2197,15,0,15,2212,2213,
1644420296,job940_scenario1_2202,B11,2202,-1,2207,2207,10,0,10,2217,2218,
1644420296,job939_scenario0_2199,B14,2199,-1,2201,2201,18,0,18,2219,2220,
1644420297,job942_scenario3_2222,B11,2222,-1,2223,2223,4,0,4,2227,2228,
1644420298,job943_scenario1_2233,B14,2233,-1,2234,2234,11,0,11,2245,2246,
1644420298,job941_scenario0_2217,in27,2217,-1,2218,2218,28,0,28,2246,2247,
1644420298,job944_scenario2_2238,B11,2238,-1,2239,2239,10,0,10,2249,2250,
1644420300,job945_scenario0_2251,B14,2251,-1,2252,2252,19,0,19,2271,2272,
1644420301,job946_scenario1_2258,in27,2258,-1,2259,2259,13,0,13,2272,2273,
1644420301,job947_scenario2_2263,B11,2263,-1,2264,2264,10,0,10,2274,2275,
1644420301,job948_scenario4_2268,B14,2268,-1,2272,2272,8,0,8,2280,2281,
1644420302,job949_scenario1_2269,in27,2269,-1,2273,2273,10,0,10,2283,2284,
1644420304,job950_scenario0_2292,B14,2292,-1,2293,2293,20,0,20,2313,2314,
1644420305,job953_scenario3_2323,B14,2323,-1,2324,2324,1,0,1,2325,2326,
1644420305,job951_scenario0_2309,B11,2309,-1,2310,2310,21,0,21,2331,2332,
1644420306,job952_scenario0_2310,in27,2310,-1,2311,2311,22,0,22,2333,2334,
1644420306,job955_scenario3_2327,B11,2327,-1,2332,2332,5,0,5,2337,2338,
1644420306,job954_scenario0_2326,B14,2326,-1,2327,2327,18,0,18,2345,2346,
1644420307,job957_scenario2_2338,B11,2338,-1,2339,2339,11,0,11,2350,2351,
1644420307,job959_scenario3_2345,B14,2345,-1,2346,2346,6,0,6,2352,2353,
1644420307,job961_scenario3_2347,B11,2347,-1,2351,2351,2,0,2,2353,2354,
1644420307,job956_scenario0_2330,in27,2330,-1,2334,2334,20,0,20,2354,2355,
1644420308,job960_scenario2_2346,B14,2346,-1,2353,2353,5,0,5,2358,2359,
1644420309,job958_scenario0_2344,B11,2344,-1,2354,2354,20,0,20,2374,2375,
1644420310,job962_scenario0_2352,in27,2352,-1,2355,2355,26,0,26,2381,2382,
1644420310,job963_scenario0_2361,B14,2361,-1,2362,2362,22,0,22,2384,2385,
1644420310,job964_scenario1_2364,B11,2364,-1,2375,2375,9,0,9,2384,2385,
1644420311,job966_scenario2_2384,B14,2384,-1,2385,2385,4,0,4,2389,2390,
1644420311,job967_scenario1_2389,B14,2389,-1,2390,2390,5,0,5,2395,2396,
1644420312,job968_scenario1_2390,B11,2390,-1,2391,2391,10,0,10,2401,2402,
1644420312,job970_scenario4_2396,B11,2396,-1,2402,2402,5,0,5,2407,2408,
1644420312,job965_scenario0_2380,in27,2380,-1,2382,2382,27,0,27,2409,2410,
1644420313,job969_scenario0_2391,B14,2391,-1,2396,2396,19,0,19,2415,2416,
1644420313,job972_scenario2_2403,B11,2403,-1,2408,2408,7,0,7,2415,2416,
1644420313,job973_scenario4_2409,in27,2409,-1,2410,2410,8,0,8,2418,2419,
1644420314,job974_scenario1_2414,B11,2414,-1,2416,2416,10,0,10,2426,2427,
1644420314,job975_scenario3_2422,in27,2422,-1,2423,2423,4,0,4,2427,2428,
1644420315,job971_scenario0_2399,B14,2399,-1,2416,2416,17,0,17,2433,2434,
1644420315,job977_scenario2_2428,in27,2428,-1,2429,2429,12,0,12,2441,2442,
1644420316,job976_scenario0_2427,B11,2427,-1,2428,2428,19,0,19,2447,2448,
1644420316,job978_scenario1_2444,B14,2444,-1,2445,2445,5,0,5,2450,2451,
1644420316,job979_scenario4_2446,in27,2446,-1,2447,2447,7,0,7,2454,2455,
1644420317,job980_scenario1_2449,B11,2449,-1,2450,2450,12,0,12,2462,2463,
1644420318,job985_scenario3_2462,B11,2462,-1,2463,2463,2,0,2,2465,2466,
1644420318,job982_scenario2_2456,in27,2456,-1,2457,2457,10,0,10,2467,2468,
1644420318,job986_scenario4_2463,B11,2463,-1,2466,2466,4,0,4,2470,2471,
1644420318,job981_scenario0_2454,B14,2454,-1,2455,2455,17,0,17,2472,2473,
1644420319,job984_scenario1_2461,in27,2461,-1,2468,2468,15,0,15,2483,2484,
1644420320,job987_scenario0_2471,B14,2471,-1,2473,2473,19,0,19,2492,2493,
1644420320,job983_scenario0_2457,B11,2457,-1,2471,2471,26,0,26,2497,2498,
1644420320,job990_scenario1_2475,in27,2475,-1,2484,2484,15,0,15,2499,2500,
1644420321,job991_scenario1_2487,B14,2487,-1,2493,2493,8,0,8,2501,2502,
1644420321,job994_scenario4_2499,in27,2499,-1,2500,2500,7,0,7,2507,2508,
1644420321,job993_scenario1_2497,B11,2497,-1,2498,2498,10,0,10,2508,2509,
1644420322,job996_scenario2_2504,in27,2504,-1,2508,2508,12,0,12,2520,2521,
1644420322,job992_scenario0_2492,B14,2492,-1,2502,2502,20,0,20,2522,2523,
1644420322,job1001_scenario2_2521,B14,2521,-1,2523,2523,2,0,2,2525,2526,
1644420322,job1000_scenario2_2520,B14,2520,-1,2526,2526,2,0,2,2528,2529,
1644420323,job988_scenario0_2472,B11,2472,-1,2509,2509,26,0,26,2535,2536,
1644420323,job999_scenario2_2519,in27,2519,-1,2521,2521,15,0,15,2536,2537,
1644420323,job997_scenario1_2515,B14,2515,-1,2529,2529,7,0,7,2536,2537,
1644420324,job1002_scenario2_2534,B11,2534,-1,2536,2536,11,0,11,2547,2548,
1644420324,job995_scenario0_2500,B14,2500,-1,2537,2537,15,0,15,2552,2553,
1644420325,job1004_scenario4_2550,B14,2550,-1,2553,2553,8,0,8,2561,2562,
1644420325,job998_scenario0_2518,in27,2518,-1,2537,2537,27,0,27,2564,2565,
1644420326,job1003_scenario0_2536,B11,2536,-1,2548,2548,26,0,26,2574,2575,
1644420326,job1005_scenario1_2568,B14,2568,-1,2569,2569,8,0,8,2577,2578,
1644420327,job1006_scenario2_2569,in27,2569,-1,2570,2570,11,0,11,2581,2582,
1644420327,job1007_scenario1_2574,B11,2574,-1,2575,2575,10,0,10,2585,2586,
1644420327,job1008_scenario2_2582,B14,2582,-1,2583,2583,4,0,4,2587,2588,
1644420328,job1009_scenario1_2591,B14,2591,-1,2592,2592,7,0,7,2599,2600,
1644420328,job1010_scenario4_2595,B11,2595,-1,2596,2596,3,0,3,2599,2600,
1644420329,job1011_scenario2_2597,in27,2597,-1,2598,2598,14,0,14,2612,2613,
1644420329,job1013_scenario1_2604,B11,2604,-1,2605,2605,11,0,11,2616,2617,
1644420329,job1012_scenario0_2599,B14,2599,-1,2600,2600,19,0,19,2619,2620,
1644420330,job1015_scenario3_2614,B11,2614,-1,2617,2617,5,0,5,2622,2623,
1644420330,job1016_scenario2_2625,B14,2625,-1,2626,2626,4,0,4,2630,2631,
1644420330,job1017_scenario4_2630,B11,2630,-1,2631,2631,1,0,1,2632,2633,
1644420330,job1014_scenario0_2608,in27,2608,-1,2613,2613,23,0,23,2636,2637,
1644420331,job1018_scenario4_2633,B14,2633,-1,2634,2634,5,0,5,2639,2640,
1644420331,job1019_scenario4_2637,in27,2637,-1,2638,2638,2,0,2,2640,2641,
1644420332,job1021_scenario3_2648,B11,2648,-1,2649,2649,4,0,4,2653,2654,
1644420333,job1020_scenario0_2646,B14,2646,-1,2647,2647,17,0,17,2664,2665,
1644420333,job1022_scenario2_2649,in27,2649,-1,2650,2650,15,0,15,2665,2666,
1644420333,job1023_scenario1_2658,B11,2658,-1,2659,2659,9,0,9,2668,2669,
1644420334,job1024_scenario3_2678,B14,2678,-1,2679,2679,4,0,4,2683,2684,
1644420334,job1027_scenario3_2682,B14,2682,-1,2684,2684,4,0,4,2688,2689,
1644420335,job1025_scenario0_2679,B11,2679,-1,2680,2680,23,0,23,2703,2704,
1644420336,job1026_scenario0_2680,in27,2680,-1,2681,2681,25,0,25,2706,2707,
1644420336,job1028_scenario0_2690,B14,2690,-1,2691,2691,20,0,20,2711,2712,
1644420336,job1029_scenario1_2692,B11,2692,-1,2704,2704,11,0,11,2715,2716,
1644420337,job1030_scenario2_2697,B14,2697,-1,2712,2712,4,0,4,2716,2717,
1644420337,job1031_scenario1_2699,in27,2699,-1,2707,2707,11,0,11,2718,2719,
1644420338,job1032_scenario1_2725,B11,2725,-1,2726,2726,11,0,11,2737,2738,
1644420339,job1033_scenario3_2737,B11,2737,-1,2738,2738,6,0,6,2744,2745,
1644420339,job1034_scenario2_2739,B14,2739,-1,2740,2740,7,0,7,2747,2748,
1644420340,job1035_scenario0_2751,B14,2751,-1,2752,2752,16,0,16,2768,2769,
1644420340,job1036_scenario2_2759,in27,2759,-1,2760,2760,13,0,13,2773,2774,
1644420340,job1039_scenario2_2766,B14,2766,-1,2769,2769,4,0,4,2773,2774,
1644420341,job1037_scenario0_2760,B11,2760,-1,2761,2761,20,0,20,2781,2782,
1644420342,job1042_scenario4_2778,B11,2778,-1,2782,2782,6,0,6,2788,2789,
1644420342,job1038_scenario0_2764,B14,2764,-1,2774,2774,18,0,18,2792,2793,
1644420342,job1045_scenario3_2786,B11,2786,-1,2789,2789,4,0,4,2793,2794,
1644420343,job1047_scenario4_2789,B14,2789,-1,2793,2793,9,0,9,2802,2803,
1644420343,job1044_scenario1_2782,B11,2782,-1,2794,2794,9,0,9,2803,2804,
1644420343,job1040_scenario0_2774,in27,2774,-1,2775,2775,29,0,29,2804,2805,
1644420343,job1048_scenario4_2801,B14,2801,-1,2803,2803,1,0,1,2804,2805,
1644420343,job1043_scenario1_2780,B11,2780,-1,2804,2804,9,0,9,2813,2814,
1644420344,job1046_scenario0_2787,B14,2787,-1,2805,2805,18,0,18,2823,2824,
1644420345,job1041_scenario0_2776,in27,2776,-1,2805,2805,25,0,25,2830,2831,
1644420346,job1050_scenario4_2834,B11,2834,-1,2835,2835,5,0,5,2840,2841,
1644420346,job1049_scenario0_2828,B14,2828,-1,2829,2829,18,0,18,2847,2848,
1644420347,job1052_scenario1_2847,B14,2847,-1,2848,2848,6,0,6,2854,2855,
1644420347,job1054_scenario3_2854,B14,2854,-1,2855,2855,3,0,3,2858,2859,
1644420347,job1053_scenario1_2851,B11,2851,-1,2852,2852,10,0,10,2862,2863,
1644420348,job1051_scenario0_2839,in27,2839,-1,2840,2840,23,0,23,2863,2864,
1644420348,job1056_scenario1_2862,B11,2862,-1,2863,2863,11,0,11,2874,2875,
1644420349,job1055_scenario0_2856,B14,2856,-1,2859,2859,18,0,18,2877,2878,
1644420349,job1059_scenario3_2867,B11,2867,-1,2875,2875,2,0,2,2877,2878,
1644420349,job1057_scenario1_2864,in27,2864,-1,2865,2865,15,0,15,2880,2881,
1644420350,job1061_scenario4_2878,in27,2878,-1,2881,2881,9,0,9,2890,2891,
1644420350,job1058_scenario0_2865,B14,2865,-1,2878,2878,18,0,18,2896,2897,
1644420350,job1063_scenario4_2884,in27,2884,-1,2891,2891,8,0,8,2899,2900,
1644420351,job1060_scenario0_2871,B11,2871,-1,2878,2878,25,0,25,2903,2904,
1644420351,job1064_scenario1_2885,B14,2885,-1,2897,2897,7,0,7,2904,2905,
1644420351,job1067_scenario2_2904,B14,2904,-1,2905,2905,2,0,2,2907,2908,
1644420352,job1065_scenario0_2887,in27,2887,-1,2900,2900,25,0,25,2925,2926,
1644420352,job1066_scenario0_2892,B11,2892,-1,2904,2904,21,0,21,2925,2926,
1644420352,job1062_scenario0_2882,B14,2882,-1,2908,2908,19,0,19,2927,2928,
1644420353,job1068_scenario4_2908,in27,2908,-1,2926,2926,4,0,4,2930,2931,
1644420353,job1070_scenario2_2918,B14,2918,-1,2928,2928,3,0,3,2931,2932,
1644420353,job1069_scenario1_2912,B11,2912,-1,2926,2926,9,0,9,2935,2936,
1644420354,job1072_scenario4_2932,B14,2932,-1,2933,2933,5,0,5,2938,2939,
1644420354,job1071_scenario2_2930,in27,2930,-1,2931,2931,8,0,8,2939,2940,
1644420355,job1075_scenario4_2947,in27,2947,-1,2948,2948,6,0,6,2954,2955,
1644420355,job1073_scenario0_2933,B11,2933,-1,2936,2936,21,0,21,2957,2958,
1644420355,job1074_scenario0_2936,B14,2936,-1,2939,2939,18,0,18,2957,2958,
1644420355,job1076_scenario2_2950,in27,2950,-1,2955,2955,13,0,13,2968,2969,
1644420355,job1077_scenario4_2960,B14,2960,-1,2961,2961,9,0,9,2970,2971,
1644420356,job1078_scenario1_2971,B14,2971,-1,2972,2972,6,0,6,2978,2979,
1644420356,job1080_scenario4_2973,B11,2973,-1,2974,2974,7,0,7,2981,2982,
1644420357,job1079_scenario2_2972,in27,2972,-1,2973,2973,15,0,15,2988,2989,
1644420357,job1082_scenario2_2980,B11,2980,-1,2982,2982,7,0,7,2989,2990,
1644420357,job1081_scenario0_2979,B14,2979,-1,2980,2980,16,0,16,2996,2997,
1644420358,job1084_scenario1_2995,B11,2995,-1,2996,2996,10,0,10,3006,3007,
1644420358,job1083_scenario0_2984,in27,2984,-1,2989,2989,25,0,25,3014,3015,
1644420359,job1086_scenario1_3008,B11,3008,-1,3009,3009,6,0,6,3015,3016,
1644420359,job1085_scenario0_3000,B14,3000,-1,3001,3001,21,0,21,3022,3023,
1644420359,job1089_scenario1_3013,in27,3013,-1,3015,3015,13,0,13,3028,3029,
1644420359,job1087_scenario2_3009,B11,3009,-1,3016,3016,13,0,13,3029,3030,
1644420360,job1090_scenario1_3017,B14,3017,-1,3023,3023,9,0,9,3032,3033,
1644420360,job1093_scenario2_3029,B11,3029,-1,3030,3030,9,0,9,3039,3040,
1644420360,job1092_scenario1_3026,in27,3026,-1,3029,3029,12,0,12,3041,3042,
1644420361,job1095_scenario4_3036,B11,3036,-1,3040,3040,5,0,5,3045,3046,
1644420361,job1088_scenario0_3012,B14,3012,-1,3033,3033,17,0,17,3050,3051,
1644420361,job1094_scenario4_3034,in27,3034,-1,3042,3042,9,0,9,3051,3052,
1644420361,job1098_scenario1_3048,B14,3048,-1,3051,3051,3,0,3,3054,3055,
1644420362,job1096_scenario2_3037,B11,3037,-1,3046,3046,10,0,10,3056,3057,
1644420362,job1097_scenario0_3045,B14,3045,-1,3055,3055,16,0,16,3071,3072,
1644420363,job1091_scenario0_3023,in27,3023,-1,3052,3052,27,0,27,3079,3080,
1644420363,job1099_scenario0_3056,B11,3056,-1,3057,3057,22,0,22,3079,3080,
1644420363,job1100_scenario2_3078,B14,3078,-1,3079,3079,5,0,5,3084,3085,
1644420364,job1101_scenario4_3083,B11,3083,-1,3084,3084,4,0,4,3088,3089,
1644420364,job1102_scenario4_3085,in27,3085,-1,3086,3086,7,0,7,3093,3094,
1644420365,job1103_scenario1_3089,B14,3089,-1,3090,3090,11,0,11,3101,3102,
1644420365,job1104_scenario2_3092,B11,3092,-1,3093,3093,9,0,9,3102,3103,
1644420366,job1105_scenario2_3112,B14,3112,-1,3113,3113,2,0,2,3115,3116,
1644420367,job1108_scenario1_3123,B14,3123,-1,3124,3124,6,0,6,3130,3131,
1644420367,job1109_scenario2_3131,B14,3131,-1,3132,3132,4,0,4,3136,3137,
1644420368,job1106_scenario0_3113,B11,3113,-1,3114,3114,24,0,24,3138,3139,
1644420368,job1107_scenario0_3114,in27,3114,-1,3115,3115,27,0,27,3142,3143,
1644420369,job1110_scenario0_3134,B14,3134,-1,3137,3137,16,0,16,3153,3154,
1644420369,job1111_scenario0_3140,B11,3140,-1,3141,3141,21,0,21,3162,3163,
1644420370,job1112_scenario2_3164,B14,3164,-1,3165,3165,4,0,4,3169,3170,
1644420370,job1113_scenario1_3169,B14,3169,-1,3170,3170,4,0,4,3174,3175,
1644420371,job1115_scenario0_3176,B14,3176,-1,3177,3177,19,0,19,3196,3197,
1644420372,job1114_scenario0_3173,B11,3173,-1,3174,3174,24,0,24,3198,3199,
1644420372,job1117_scenario4_3196,B14,3196,-1,3197,3197,4,0,4,3201,3202,
1644420372,job1116_scenario2_3191,in27,3191,-1,3192,3192,11,0,11,3203,3204,
1644420374,job1118_scenario2_3225,B14,3225,-1,3226,3226,11,0,11,3237,3238,
1644420374,job1119_scenario2_3232,B11,3232,-1,3233,3233,8,0,8,3241,3242,
1644420377,job1120_scenario0_3241,B11,3241,-1,3242,3242,21,0,21,3263,3264,
1644420377,job1122_scenario3_3258,B14,3258,-1,3259,3259,5,0,5,3264,3265,
1644420377,job1121_scenario4_3254,in27,3254,-1,3255,3255,10,0,10,3265,3266,
1644420378,job1124_scenario2_3266,B14,3266,-1,3267,3267,7,0,7,3274,3275,
1644420378,job1125_scenario4_3271,in27,3271,-1,3272,3272,8,0,8,3280,3281,
1644420379,job1126_scenario4_3278,B14,3278,-1,3279,3279,3,0,3,3282,3283,
1644420379,job1123_scenario0_3263,B11,3263,-1,3264,3264,24,0,24,3288,3289,
1644420379,job1127_scenario1_3281,in27,3281,-1,3282,3282,12,0,12,3294,3295,
1644420380,job1128_scenario1_3284,B14,3284,-1,3285,3285,11,0,11,3296,3297,
1644420380,job1132_scenario2_3293,B14,3293,-1,3297,3297,2,0,2,3299,3300,
1644420380,job1130_scenario1_3288,B11,3288,-1,3289,3289,11,0,11,3300,3301,
1644420380,job1131_scenario4_3290,in27,3290,-1,3295,3295,8,0,8,3303,3304,
1644420381,job1133_scenario4_3296,B14,3296,-1,3300,3300,8,0,8,3308,3309,
1644420381,job1134_scenario1_3304,in27,3304,-1,3305,3305,10,0,10,3315,3316,
1644420381,job1135_scenario1_3306,B14,3306,-1,3309,3309,6,0,6,3315,3316,
1644420382,job1129_scenario0_3285,B11,3285,-1,3301,3301,21,0,21,3322,3323,
1644420382,job1136_scenario2_3312,B14,3312,-1,3316,3316,8,0,8,3324,3325,
1644420382,job1137_scenario3_3313,in27,3313,-1,3316,3316,9,0,9,3325,3326,
1644420383,job1139_scenario3_3334,B14,3334,-1,3335,3335,6,0,6,3341,3342,
1644420383,job1138_scenario0_3319,B11,3319,-1,3323,3323,23,0,23,3346,3347,
1644420384,job1141_scenario4_3353,B11,3353,-1,3354,3354,2,0,2,3356,3357,
1644420385,job1140_scenario0_3338,in27,3338,-1,3339,3339,28,0,28,3367,3368,
1644420385,job1142_scenario0_3363,B14,3363,-1,3364,3364,15,0,15,3379,3380,
1644420386,job1143_scenario0_3368,B11,3368,-1,3369,3369,22,0,22,3391,3392,
1644420387,job1144_scenario0_3372,in27,3372,-1,3373,3373,23,0,23,3396,3397,
1644420387,job1145_scenario0_3375,B14,3375,-1,3380,3380,23,0,23,3403,3404,
1644420388,job1147_scenario2_3406,B14,3406,-1,3407,3407,6,0,6,3413,3414,
1644420388,job1146_scenario0_3389,B11,3389,-1,3392,3392,22,0,22,3414,3415,
1644420389,job1149_scenario4_3413,B14,3413,-1,3414,3414,6,0,6,3420,3421,
1644420389,job1148_scenario1_3409,in27,3409,-1,3410,3410,12,0,12,3422,3423,
1644420389,job1150_scenario3_3418,B11,3418,-1,3419,3419,6,0,6,3425,3426,
1644420389,job1151_scenario4_3421,B14,3421,-1,3422,3422,5,0,5,3427,3428,
1644420391,job1152_scenario3_3441,B11,3441,-1,3442,3442,4,0,4,3446,3447,
1644420391,job1153_scenario1_3445,B14,3445,-1,3446,3446,6,0,6,3452,3453,
1644420392,job1154_scenario1_3452,B14,3452,-1,3453,3453,9,0,9,3462,3463,
1644420392,job1155_scenario2_3453,in27,3453,-1,3454,3454,12,0,12,3466,3467,
1644420393,job1157_scenario1_3466,B11,3466,-1,3467,3467,8,0,8,3475,3476,
1644420393,job1158_scenario4_3472,in27,3472,-1,3473,3473,4,0,4,3477,3478,
1644420393,job1156_scenario0_3462,B14,3462,-1,3463,3463,18,0,18,3481,3482,
1644420394,job1160_scenario3_3482,B14,3482,-1,3483,3483,4,0,4,3487,3488,
1644420394,job1162_scenario4_3486,B14,3486,-1,3488,3488,5,0,5,3493,3494,
1644420394,job1159_scenario0_3473,B11,3473,-1,3476,3476,22,0,22,3498,3499,
1644420394,job1161_scenario1_3484,in27,3484,-1,3485,3485,13,0,13,3498,3499,
1644420394,job1163_scenario4_3492,B14,3492,-1,3494,3494,4,0,4,3498,3499,
1644420396,job1164_scenario0_3506,B14,3506,-1,3507,3507,18,0,18,3525,3526,
1644420397,job1166_scenario1_3522,in27,3522,-1,3523,3523,11,0,11,3534,3535,
1644420397,job1167_scenario3_3527,B14,3527,-1,3528,3528,6,0,6,3534,3535,
1644420397,job1165_scenario0_3510,B11,3510,-1,3511,3511,27,0,27,3538,3539,
1644420398,job1168_scenario4_3541,B11,3541,-1,3542,3542,5,0,5,3547,3548,
1644420398,job1169_scenario4_3547,B14,3547,-1,3548,3548,6,0,6,3554,3555,
1644420399,job1171_scenario2_3556,B14,3556,-1,3557,3557,4,0,4,3561,3562,
1644420400,job1170_scenario0_3552,B11,3552,-1,3553,3553,20,0,20,3573,3574,
1644420400,job1172_scenario1_3559,in27,3559,-1,3560,3560,15,0,15,3575,3576,
1644420400,job1175_scenario2_3568,B11,3568,-1,3574,3574,6,0,6,3580,3581,
1644420400,job1173_scenario0_3564,B14,3564,-1,3565,3565,17,0,17,3582,3583,
1644420400,job1177_scenario3_3579,B11,3579,-1,3581,3581,1,0,1,3582,3583,
1644420401,job1176_scenario2_3576,B14,3576,-1,3583,3583,5,0,5,3588,3589,
1644420401,job1178_scenario2_3586,B11,3586,-1,3587,3587,9,0,9,3596,3597,
1644420402,job1174_scenario0_3567,in27,3567,-1,3576,3576,25,0,25,3601,3602,
1644420402,job1179_scenario0_3589,B14,3589,-1,3590,3590,18,0,18,3608,3609,
1644420402,job1180_scenario1_3592,B11,3592,-1,3597,3597,11,0,11,3608,3609,
1644420404,job1181_scenario0_3593,in27,3593,-1,3602,3602,24,0,24,3626,3627,
