,job182_scenario2_339,job183_scenario1_340,
in27,0.26479422901451194,0.2786525483035189,
B14,0.34885338348306666,0.4688625038848061,
B11,0.4688625038848061,0.3284608335257104,
cn12,0.1990907002695722,0.19020995558128717,
B54,0.2786525483035189,0.15864342790177954,
B51,0.19020995558128717,0.181762594255371,
os4,0.7088807446882849,0.43022819638476606,
in4,0.3719725498366581,0.21834792443503703,
B33,0.15864342790177954,0.0,
