,job656_scenario0_1392,
in27,0.13195430903317928,
B14,0.181762594255371,
B11,0.181762594255371,
cn12,0.0,
B54,0.20845171312397115,
B51,0.26479422901451194,
os4,0.24001824080347883,
in4,0.13825087794442326,
B33,0.13825087794442315,
