,job716_scenario0_1585,job717_scenario0_1589,job720_scenario2_1596,job724_scenario0_1606,job728_scenario1_1622,
in27,0.24001824080347878,0.24655247147182802,0.41198643884208214,0.26041079076083495,0.3954847619047127,
B14,0.0,0.020392549957356176,0.14040167035909557,0.03156652767950774,0.26041079076083506,
B11,0.24655247147182802,0.22764608139371378,0.41198643884208214,0.24655247147182802,0.43022819638476595,
