,job614_scenario0_1285,job618_scenario0_1291,job628_scenario1_1317,job629_scenario0_1318,job630_scenario3_1321,job631_scenario4_1322,
in27,0.0,0.012372159409765104,0.1843403574483684,0.03276470936712128,0.1843403574483684,0.3043494778501078,
B14,0.01626303242975191,0.01626303242975191,0.21452730362249217,0.08257299458931289,0.21452730362249217,0.1914081372689007,
B11,0.27278295017060006,0.3043494778501079,0.3816180928501879,0.32648210841277847,0.4812346632945711,0.6216363336536668,
