,job1041_scenario4_2796,job1045_scenario0_2810,job1047_scenario2_2824,
in27,0.31021907598302667,0.0,0.04980828522219172,
B14,0.21332912193487868,0.07020083517954784,0.19020995558128723,
B11,0.2400182408034789,0.07020083517954784,0.15157564808124718,
