,job1012_scenario1_2664,job1013_scenario3_2667,
in27,0.0,0.15864342790177954,
B14,0.4688625038848061,0.4688625038848061,
B11,0.34885338348306666,0.5888716242865455,
