,job114_scenario1_236,job116_scenario3_242,
in27,0.3932507107421676,0.527118150432914,
B14,0.5004290315643138,0.5586846781124217,
B11,0.40710903003117455,0.6471272708346534,
cn12,0.0,0.2217764832607949,
B54,0.527118150432914,0.4386755577106823,
