,job723_scenario1_1550,
in27,0.3804199111625745,
B14,0.29738827640343357,
B11,0.46447906563112923,
cn12,0.30583563772934974,
B54,0.17737915600169407,
B51,0.40934308119371976,
os4,0.0,
