,job612_scenario3_1239,job613_scenario2_1241,
in27,0.27426911004984195,0.19020995558128723,
B14,0.5142873508533208,0.3240773952720336,
B11,0.35564392295154135,0.35564392295154135,
cn12,0.20406827487029416,0.11562568214806246,
B54,0.3240773952720336,0.44408651567377294,
B51,0.32407739527203355,0.0,
os4,0.20406827487029416,0.5142873508533208,
