,job271_scenario2_494,job272_scenario2_497,
in27,0.11294134058120708,0.1666404988233855,
B14,0.5235481979179053,0.5818038444660132,
B11,0.03156652767950774,0.0,
cn12,0.3600273612052183,0.36992357251628416,
B54,0.5502373167865054,0.5502373167865054,
B51,0.430228196384766,0.430228196384766,
os4,0.7404472723677926,0.6204381519660532,
