,job360_scenario4_675,job365_scenario2_692,job366_scenario1_693,job367_scenario2_695,
in27,0.03156652767950774,0.0,0.0,0.0,
B14,0.430228196384766,0.33690819485162676,0.430228196384766,0.40710903003117455,
B11,0.430228196384766,0.3684747225311345,0.2982738873515867,0.31021907598302667,
cn12,0.6471272708346534,0.28709990962943516,0.28709990962943516,0.28709990962943516,
B54,0.3684747225311345,0.10806393177029949,0.2982738873515867,0.08982217422761563,
