,job298_scenario0_558,job300_scenario4_561,
in27,0.09075772930004111,0.36234249778302785,
B14,0.4552823969398675,0.605045080153362,
B11,0.0,0.2576405466554449,
cn12,0.09468644224212486,0.4695208186051739,
B54,0.6864198930550613,1.0850815617603196,
