,job0_scenario1_1,
in27,0.06175347385363161,
B14,0.1586434279017795,
B11,0.13825087794442326,
cn12,0.0,
B54,0.2400182408034789,
