,job142_scenario0_295,job159_scenario0_333,job162_scenario1_336,job164_scenario0_339,job165_scenario3_342,job166_scenario0_345,job167_scenario4_346,job168_scenario1_349,
in27,0.3209596703428096,0.31416913087433485,0.46310142130721954,0.34309230090548015,0.5996122186463284,0.3209596703428096,0.46310142130721954,0.4796030982445889,
B14,0.44803657056508117,0.4866708780651212,0.6297991648204522,0.47617453941883103,0.7764974040907916,0.4866708780651212,0.7764974040907916,0.6297991648204522,
B11,0.2327943179726356,0.25402126261897406,0.352803438374375,0.2199635183930423,0.7968899540481478,0.2697718036152339,0.4866708780651212,0.41647004288557343,
cn12,0.01589524352274818,0.019257224165464937,0.164827533955633,0.012597304516739127,0.3195800888374255,0.0,0.2848366543573724,0.2199635183930423,
B54,0.6663844950001182,0.6880548113685601,0.9168990744498873,0.7582556465481078,0.8466982392703395,0.7266891188686,0.9667073596720788,0.7968899540481478,
