,job815_scenario4_1795,
in27,0.3804199111625744,
B14,0.4773098652107224,
B11,0.4071090300311746,
cn12,0.30216476037157347,
B54,0.0,
