,job1093_scenario3_3132,job1095_scenario4_3140,
in27,0.05513598443740947,0.07825515079100093,
B14,0.13651079733910887,0.2951542252408883,
B11,0.4151633456426277,0.17514510483914889,
cn12,0.016501676937369425,0.016501676937369425,
B54,0.2951542252408883,0.13651079733910887,
B51,0.13651079733910887,0.17514510483914889,
os4,0.2951542252408883,0.10494426965960113,
in4,0.07825515079100093,0.4151633456426277,
B33,0.17514510483914889,0.0,
