,job1067_scenario0_2958,
in27,0.2786525483035188,
B14,0.2613244422893176,
B11,0.24557390129305767,
cn12,0.11112837571345435,
B54,0.0,
B51,0.3732792470796038,
os4,0.3084061111152739,
in4,0.24557390129305767,
B33,0.3315252774688654,
