,job400_scenario2_781,job401_scenario1_783,job403_scenario2_787,
in27,0.05287272916534658,0.12937013325613822,0.09462669877608498,
B14,0.23113749611519385,0.3897809240169733,0.2697718036152339,
B11,0.09462669877608498,0.11112837571345441,0.019257224165464826,
cn12,0.06570352874493973,0.009361012854398942,0.019257224165464826,
B54,0.23113749611519385,0.2697718036152339,0.1995709684356861,
B51,0.0,0.06570352874493973,0.11112837571345441,
os4,0.23113749611519385,0.1995709684356861,0.3897809240169733,
in4,0.040927540533906626,0.09462669877608498,0.05287272916534658,
B33,0.5097900444187127,0.05287272916534658,0.31958008883742545,
