,job615_scenario2_1275,job616_scenario2_1276,job617_scenario3_1278,job618_scenario3_1279,
in27,0.2598755923041678,0.18031374427022107,0.4500855478854551,0.3798847127059073,
B14,0.6901037886889339,0.8101129090906731,0.7216703163684416,0.5562363489981874,
B11,0.0,0.129370133256138,0.3897809240169732,0.2697718036152338,
cn12,0.06648872992233512,0.10123216440238836,0.20299952726144388,0.22124128480412775,
B54,0.8101129090906731,0.7603046238684816,0.6402955034667421,0.7216703163684416,
