,job770_scenario3_1784,
in27,0.12000912040173944,
B14,0.0,
B11,0.430228196384766,
cn12,0.015064850742138314,
B54,0.07020083517954778,
B51,0.430228196384766,
os4,0.3102190759830266,
