,job972_scenario0_2712,
in27,0.1477702957164272,
B14,0.2106025055386434,
B11,0.1477702957164272,
cn12,0.0,
B54,0.24655247147182807,
B51,0.31021907598302656,
os4,0.19020995558128728,
