,job591_scenario0_1231,job592_scenario0_1233,job599_scenario2_1248,job600_scenario4_1249,job601_scenario1_1250,job602_scenario3_1251,
in27,0.5630681163660985,0.5630681163660985,0.7120004067989832,0.7285020837363527,0.6830772367678379,0.8169446764585844,
B14,0.34808217257377827,0.379648700253286,0.6084929633346132,0.6084929633346132,0.48848384293287384,0.6084929633346132,
B11,0.27407598502941055,0.27407598502941055,0.3867164800738183,0.5067256004755578,0.41828300775332605,0.8169446764585844,
cn12,0.009532860573584045,0.0,0.21689907444988732,0.2667073596720789,0.1871455116381322,0.3867164800738183,
B54,0.6173737080228983,0.6702464371882448,1.0071546320398714,0.8485112041380921,0.8871455116381322,0.8169446764585844,
