,job304_scenario0_582,job311_scenario2_593,job312_scenario0_595,job324_scenario0_619,job331_scenario2_631,job333_scenario1_633,job334_scenario3_635,job335_scenario2_636,job336_scenario0_637,job337_scenario0_638,
in27,0.26358769756138045,0.3449625104630798,0.2709563229187121,0.2709563229187121,0.3697384986741129,0.3569076990945198,0.3986616687052582,0.3986616687052582,0.2368985786927803,0.25651991774084826,
B14,0.43340510318531156,0.5351724660443671,0.43340510318531156,0.43340510318531156,0.573806773544407,0.9338341347496253,0.6551815864461065,0.6236150587665987,0.44330131449637744,0.44330131449637744,
B11,0.4067159843167114,0.5036059383648592,0.3697384986741129,0.4067159843167114,0.5186707891069976,0.5534142235870508,0.743624179168338,0.5186707891069976,0.38359681796311984,0.4067159843167114,
cn12,0.013073118111611493,0.15864342790177943,0.01650167693736937,0.006413198462885572,0.20328307369289866,0.1509472025169727,0.2951542252408882,0.1751451048391488,0.0,0.006413198462885572,
B54,0.31339598278357217,0.4067159843167114,0.26358769756138045,0.3284608335257104,0.43340510318531156,0.43340510318531156,0.36320426800576355,0.5534142235870508,0.2995376634945651,0.31339598278357217,
