,job572_scenario0_1150,job574_scenario0_1152,job575_scenario3_1153,job578_scenario2_1162,job580_scenario0_1164,job583_scenario3_1168,job584_scenario0_1169,job585_scenario2_1171,
in27,0.006296568911244194,0.0,0.19650652449253125,0.19650652449253125,0.07649740409079187,0.13283991998133282,0.034057744225931885,0.14669823927033965,
B14,0.3966126913848844,0.36847472253113456,0.5502373167865056,0.5769264356551056,0.38671648007381854,0.6471272708346534,0.4569173152533663,0.5769264356551056,
B11,0.43652476529601003,0.48848384293287395,0.8169446764585844,0.6471272708346534,0.43652476529601003,1.0071546320398717,0.4719821659955046,0.7285020837363528,
cn12,0.301183814048551,0.3071546320398717,0.7671363912363929,0.5769264356551056,0.30414348548450576,0.7285020837363528,0.301183814048551,0.5271181504329141,
B54,0.5382921281550657,0.6084929633346134,0.8871455116381323,0.8169446764585844,0.5067256004755579,0.6471272708346534,0.48848384293287395,0.5630681163660987,
