,job563_scenario2_1123,job564_scenario1_1126,job565_scenario4_1127,
in27,0.05340792762201363,0.06623872720160662,0.15029788167016134,
B14,0.6408307019234092,0.7608398223251487,0.5856947174859998,
B11,0.15546652110123382,0.21060250553864324,0.38041991116257434,
cn12,0.0,0.056342515890540845,0.10176736285905541,
B54,0.1719681980386032,0.36217815361989036,0.2919773184403426,
