RecordTimeStamp,end_time,h_sum_times,h_avg_time,algo_name,results.keys,results,mean_tt_dict,max_tt_dict,num_hungarian_dict,simul_length_dict,run_times,h_avg_time_dict,h_tt_dict,
1644418001,1644418001.905366,0,0,LP_noWT,[],-433.6623131286079,35.90859232175503,69.0,None,3639,523.2091512680054,0,0,
