RecordTimeStamp,end_time,h_sum_times,h_avg_time,algo_name,results.keys,results,mean_tt_dict,max_tt_dict,num_hungarian_dict,simul_length_dict,run_times,h_avg_time_dict,h_tt_dict,
1644423806,1644423806.8603704,0,0,LP_noWT,[],-351.4313753593137,20.338582677165356,60.0,None,3639,551.3697519302368,0,0,
