,job275_scenario0_520,
in27,0.18730002888432296,
B14,0.23710831410651462,
B11,0.17885266755840679,
cn12,0.0,
B54,0.20554178642700693,
B51,0.22593433638436305,
os4,0.17079835194695359,
in4,0.16310212656214684,
B33,0.04689835852522739,
sh10,0.42731826968780184,
in22,0.3073091492860624,
