,job448_scenario0_898,
in27,0.35622200884039823,
B14,0.0,
B11,0.3719725498366582,
cn12,0.21834792443503703,
B54,0.5004290315643138,
B51,0.3284608335257103,
os4,0.3986616687052583,
in4,0.3893006558508594,
B33,0.020392549957356176,
