RecordTimeStamp,WorkerId,isWorkerCausedPause,IsWorkerBusyNow,WorkerAssignedJobId,WorkerOfflineTime,LastOnlineStatusUpdateTick,LastOnlineIndicatorsCount,LastOnlineStatusJobId,CurrentSystemTick
1644418044,in27,0,0,,0,0,0,,0,
1644418044,B14,0,0,,0,0,0,,0,
1644418044,B11,0,0,,0,0,0,,0,
1644418044,cn12,0,0,,0,0,0,,0,
1644418044,B54,0,0,,0,0,0,,0,
1644418044,B51,0,0,,0,0,0,,0,
1644418044,os4,0,0,,0,0,0,,0,
1644418044,in4,0,0,,0,0,0,,0,
1644418044,B33,0,0,,0,0,0,,0,
1644418044,in27,0,0,,1,0,0,,1,
1644418044,B14,0,0,,1,0,0,,1,
1644418044,B11,0,0,,1,0,0,,1,
1644418044,cn12,0,0,,1,0,0,,1,
1644418044,B54,0,0,,1,0,0,,1,
1644418044,B51,0,0,,1,0,0,,1,
1644418044,os4,0,0,,1,0,0,,1,
1644418044,in4,0,0,,1,0,0,,1,
1644418044,B33,0,0,,1,0,0,,1,
1644418044,in27,0,0,,2,0,0,,2,
1644418044,B14,0,0,,2,0,0,,2,
1644418044,B11,0,0,,2,0,0,,2,
1644418044,cn12,0,0,,2,0,0,,2,
1644418044,B54,0,0,,2,0,0,,2,
1644418044,B51,0,0,,2,0,0,,2,
1644418044,os4,0,0,,2,0,0,,2,
1644418044,in4,0,0,,2,0,0,,2,
1644418044,B33,0,0,,2,0,0,,2,
1644418044,in27,0,0,,3,0,0,,3,
1644418044,B14,0,0,,3,0,0,,3,
1644418044,B11,0,0,,3,0,0,,3,
1644418044,cn12,0,0,,3,0,0,,3,
1644418044,B54,0,0,,3,0,0,,3,
1644418044,B51,0,0,,3,0,0,,3,
1644418044,os4,0,0,,3,0,0,,3,
1644418044,in4,0,0,,3,0,0,,3,
1644418044,B33,0,0,,3,0,0,,3,
1644418044,in27,0,0,,4,0,0,,4,
1644418044,B14,0,0,,4,0,0,,4,
1644418044,B11,0,0,,4,0,0,,4,
1644418044,cn12,0,0,,4,0,0,,4,
1644418044,B54,0,0,,4,0,0,,4,
1644418044,B51,0,0,,4,0,0,,4,
1644418044,os4,0,0,,4,0,0,,4,
1644418044,in4,0,0,,4,0,0,,4,
1644418044,B33,0,0,,4,0,0,,4,
1644418044,in27,0,0,,5,0,0,,5,
1644418044,B14,0,0,,5,0,0,,5,
1644418044,B11,0,0,,5,0,0,,5,
1644418044,cn12,0,0,,5,0,0,,5,
1644418044,B54,0,0,,5,0,0,,5,
1644418044,B51,0,0,,5,0,0,,5,
1644418044,os4,0,0,,5,0,0,,5,
1644418044,in4,0,0,,5,0,0,,5,
1644418044,B33,0,0,,5,0,0,,5,
1644418044,in27,0,0,,6,0,0,,6,
1644418044,B14,0,0,,6,0,0,,6,
1644418044,B11,0,0,,6,0,0,,6,
1644418044,cn12,0,0,,6,0,0,,6,
1644418044,B54,0,1,job1_scenario1_4,6,0,0,,6,
1644418044,B51,0,0,,6,0,0,,6,
1644418044,os4,0,0,,6,0,0,,6,
1644418044,in4,0,0,,6,0,0,,6,
1644418044,B33,0,0,,6,0,0,,6,
1644418044,in27,0,0,,7,0,0,,7,
1644418044,B14,0,0,,7,0,0,,7,
1644418044,B11,0,0,,7,0,0,,7,
1644418044,cn12,0,0,,7,0,0,,7,
1644418044,B54,0,1,job1_scenario1_4,7,0,0,,7,
1644418044,B51,0,0,,7,0,0,,7,
1644418044,os4,0,0,,7,0,0,,7,
1644418044,in4,0,0,,7,0,0,,7,
1644418044,B33,0,0,,7,0,0,,7,
1644418044,in27,0,0,,8,0,0,,8,
1644418044,B14,0,0,,8,0,0,,8,
1644418044,B11,0,0,,8,0,0,,8,
1644418044,cn12,0,0,,8,0,0,,8,
1644418044,B54,0,1,job1_scenario1_4,8,0,0,,8,
1644418044,B51,0,0,,8,0,0,,8,
1644418044,os4,0,0,,8,0,0,,8,
1644418044,in4,0,0,,8,0,0,,8,
1644418044,B33,0,0,,8,0,0,,8,
1644418044,in27,0,0,,9,0,0,,9,
1644418044,B14,0,0,,9,0,0,,9,
1644418044,B11,0,0,,9,0,0,,9,
1644418044,cn12,0,0,,9,0,0,,9,
1644418044,B54,0,1,job1_scenario1_4,9,0,0,,9,
1644418044,B51,0,0,,9,0,0,,9,
1644418044,os4,0,0,,9,0,0,,9,
1644418044,in4,0,0,,9,0,0,,9,
1644418044,B33,0,1,job2_scenario2_7,9,0,0,,9,
1644418044,in27,0,0,,10,0,0,,10,
1644418044,B14,0,0,,10,0,0,,10,
1644418044,B11,0,0,,10,0,0,,10,
1644418044,cn12,0,0,,10,0,0,,10,
1644418044,B54,0,1,job1_scenario1_4,10,0,0,,10,
1644418044,B51,0,0,,10,0,0,,10,
1644418044,os4,0,0,,10,0,0,,10,
1644418044,in4,0,0,,10,0,0,,10,
1644418044,B33,0,1,job2_scenario2_7,10,0,0,,10,
1644418044,in27,0,0,,11,0,0,,11,
1644418044,B14,0,0,,11,0,0,,11,
1644418044,B11,0,0,,11,0,0,,11,
1644418044,cn12,0,0,,11,0,0,,11,
1644418044,B54,0,1,job1_scenario1_4,11,0,0,,11,
1644418044,B51,0,0,,11,0,0,,11,
1644418044,os4,0,0,,11,0,0,,11,
1644418044,in4,0,0,,11,0,0,,11,
1644418044,B33,0,0,,11,0,0,,11,
1644418044,in27,0,0,,12,0,0,,12,
1644418044,B14,0,0,,12,0,0,,12,
1644418044,B11,0,0,,12,0,0,,12,
1644418044,cn12,0,0,,12,0,0,,12,
1644418044,B54,0,0,,12,0,0,,12,
1644418044,B51,0,0,,12,0,0,,12,
1644418044,os4,0,0,,12,0,0,,12,
1644418044,in4,0,0,,12,0,0,,12,
1644418044,B33,0,0,,12,0,0,,12,
1644418044,in27,0,0,,13,0,0,,13,
1644418044,B14,0,0,,13,0,0,,13,
1644418044,B11,0,0,,13,0,0,,13,
1644418044,cn12,0,0,,13,0,0,,13,
1644418044,B54,0,1,job3_scenario1_9,13,0,0,,13,
1644418044,B51,0,0,,13,0,0,,13,
1644418044,os4,0,0,,13,0,0,,13,
1644418044,in4,0,0,,13,0,0,,13,
1644418044,B33,0,0,,13,0,0,,13,
1644418044,in27,0,0,,14,0,0,,14,
1644418044,B14,0,0,,14,0,0,,14,
1644418044,B11,0,0,,14,0,0,,14,
1644418044,cn12,0,0,,14,0,0,,14,
1644418044,B54,0,1,job3_scenario1_9,14,0,0,,14,
1644418044,B51,0,0,,14,0,0,,14,
1644418044,os4,0,0,,14,0,0,,14,
1644418044,in4,0,0,,14,0,0,,14,
1644418044,B33,0,0,,14,0,0,,14,
1644418044,in27,0,0,,15,0,0,,15,
1644418044,B14,0,0,,15,0,0,,15,
1644418044,B11,0,0,,15,0,0,,15,
1644418044,cn12,0,0,,15,0,0,,15,
1644418044,B54,0,1,job3_scenario1_9,15,0,0,,15,
1644418044,B51,0,0,,15,0,0,,15,
1644418044,os4,0,0,,15,0,0,,15,
1644418044,in4,0,0,,15,0,0,,15,
1644418044,B33,0,0,,15,0,0,,15,
1644418044,in27,0,0,,16,0,0,,16,
1644418044,B14,0,0,,16,0,0,,16,
1644418044,B11,0,0,,16,0,0,,16,
1644418044,cn12,0,0,,16,0,0,,16,
1644418044,B54,0,1,job3_scenario1_9,16,0,0,,16,
1644418044,B51,0,1,job5_scenario0_15,16,0,0,,16,
1644418044,os4,0,0,,16,0,0,,16,
1644418044,in4,0,0,,16,0,0,,16,
1644418044,B33,0,0,,16,0,0,,16,
1644418044,in27,0,0,,17,0,0,,17,
1644418044,B14,0,0,,17,0,0,,17,
1644418044,B11,0,0,,17,0,0,,17,
1644418044,cn12,0,0,,17,0,0,,17,
1644418044,B54,0,1,job3_scenario1_9,17,0,0,,17,
1644418044,B51,0,1,job5_scenario0_15,17,0,0,,17,
1644418044,os4,0,0,,17,0,0,,17,
1644418044,in4,0,0,,17,0,0,,17,
1644418044,B33,0,0,,17,0,0,,17,
1644418044,in27,0,0,,18,0,0,,18,
1644418044,B14,0,0,,18,0,0,,18,
1644418044,B11,0,0,,18,0,0,,18,
1644418044,cn12,0,0,,18,0,0,,18,
1644418044,B54,0,1,job3_scenario1_9,18,0,0,,18,
1644418044,B51,0,1,job5_scenario0_15,18,0,0,,18,
1644418044,os4,0,0,,18,0,0,,18,
1644418044,in4,0,0,,18,0,0,,18,
1644418044,B33,0,0,,18,0,0,,18,
1644418044,in27,0,0,,19,0,0,,19,
1644418044,B14,0,0,,19,0,0,,19,
1644418044,B11,0,0,,19,0,0,,19,
1644418044,cn12,0,0,,19,0,0,,19,
1644418044,B54,0,1,job3_scenario1_9,19,0,0,,19,
1644418044,B51,0,1,job5_scenario0_15,19,0,0,,19,
1644418044,os4,0,0,,19,0,0,,19,
1644418044,in4,0,0,,19,0,0,,19,
1644418044,B33,0,0,,19,0,0,,19,
1644418044,in27,0,0,,20,0,0,,20,
1644418044,B14,0,0,,20,0,0,,20,
1644418044,B11,0,0,,20,0,0,,20,
1644418044,cn12,0,0,,20,0,0,,20,
1644418044,B54,0,1,job3_scenario1_9,20,0,0,,20,
1644418044,B51,0,1,job5_scenario0_15,20,0,0,,20,
1644418044,os4,0,0,,20,0,0,,20,
1644418044,in4,0,0,,20,0,0,,20,
1644418044,B33,0,0,,20,0,0,,20,
1644418044,in27,0,0,,21,0,0,,21,
1644418044,B14,0,0,,21,0,0,,21,
1644418044,B11,0,0,,21,0,0,,21,
1644418044,cn12,0,0,,21,0,0,,21,
1644418044,B54,0,0,,21,0,0,,21,
1644418044,B51,0,1,job5_scenario0_15,21,0,0,,21,
1644418044,os4,0,0,,21,0,0,,21,
1644418044,in4,0,0,,21,0,0,,21,
1644418044,B33,0,0,,21,0,0,,21,
1644418044,in27,0,0,,22,0,0,,22,
1644418044,B14,0,0,,22,0,0,,22,
1644418044,B11,0,0,,22,0,0,,22,
1644418044,cn12,0,0,,22,0,0,,22,
1644418044,B54,0,1,job6_scenario1_18,22,0,0,,22,
1644418044,B51,0,1,job5_scenario0_15,22,0,0,,22,
1644418044,os4,0,0,,22,0,0,,22,
1644418045,in4,0,0,,22,0,0,,22,
1644418045,B33,0,0,,22,0,0,,22,
1644418045,in27,0,0,,23,0,0,,23,
1644418045,B14,0,0,,23,0,0,,23,
1644418045,B11,0,0,,23,0,0,,23,
1644418045,cn12,0,0,,23,0,0,,23,
1644418045,B54,0,1,job6_scenario1_18,23,0,0,,23,
1644418045,B51,0,1,job5_scenario0_15,23,0,0,,23,
1644418045,os4,0,0,,23,0,0,,23,
1644418045,in4,0,0,,23,0,0,,23,
1644418045,B33,0,0,,23,0,0,,23,
1644418045,in27,0,0,,24,0,0,,24,
1644418045,B14,0,0,,24,0,0,,24,
1644418045,B11,0,0,,24,0,0,,24,
1644418045,cn12,0,0,,24,0,0,,24,
1644418045,B54,0,1,job6_scenario1_18,24,0,0,,24,
1644418045,B51,0,1,job5_scenario0_15,24,0,0,,24,
1644418045,os4,0,0,,24,0,0,,24,
1644418045,in4,0,0,,24,0,0,,24,
1644418045,B33,0,0,,24,0,0,,24,
1644418045,in27,0,0,,25,0,0,,25,
1644418045,B14,0,0,,25,0,0,,25,
1644418045,B11,0,0,,25,0,0,,25,
1644418045,cn12,0,0,,25,0,0,,25,
1644418045,B54,0,1,job6_scenario1_18,25,0,0,,25,
1644418045,B51,0,1,job5_scenario0_15,25,0,0,,25,
1644418045,os4,0,0,,25,0,0,,25,
1644418045,in4,0,0,,25,0,0,,25,
1644418045,B33,0,0,,25,0,0,,25,
1644418045,in27,0,0,,26,0,0,,26,
1644418045,B14,0,0,,26,0,0,,26,
1644418045,B11,0,0,,26,0,0,,26,
1644418045,cn12,0,0,,26,0,0,,26,
1644418045,B54,0,1,job6_scenario1_18,26,0,0,,26,
1644418045,B51,0,1,job5_scenario0_15,26,0,0,,26,
1644418045,os4,0,0,,26,0,0,,26,
1644418045,in4,0,0,,26,0,0,,26,
1644418045,B33,0,0,,26,0,0,,26,
1644418045,in27,0,0,,27,0,0,,27,
1644418045,B14,0,0,,27,0,0,,27,
1644418045,B11,0,0,,27,0,0,,27,
1644418045,cn12,0,0,,27,0,0,,27,
1644418045,B54,0,1,job6_scenario1_18,27,0,0,,27,
1644418045,B51,0,1,job5_scenario0_15,27,0,0,,27,
1644418045,os4,0,0,,27,0,0,,27,
1644418045,in4,0,0,,27,0,0,,27,
1644418045,B33,0,0,,27,0,0,,27,
1644418045,in27,0,0,,28,0,0,,28,
1644418045,B14,0,0,,28,0,0,,28,
1644418045,B11,0,0,,28,0,0,,28,
1644418045,cn12,0,0,,28,0,0,,28,
1644418045,B54,0,0,,28,0,0,,28,
1644418045,B51,0,1,job5_scenario0_15,28,0,0,,28,
1644418045,os4,0,0,,28,0,0,,28,
1644418045,in4,0,0,,28,0,0,,28,
1644418045,B33,0,0,,28,0,0,,28,
1644418045,in27,0,0,,29,0,0,,29,
1644418045,B14,0,0,,29,0,0,,29,
1644418045,B11,0,0,,29,0,0,,29,
1644418045,cn12,0,0,,29,0,0,,29,
1644418045,B54,0,0,,29,0,0,,29,
1644418045,B51,0,1,job5_scenario0_15,29,0,0,,29,
1644418045,os4,0,0,,29,0,0,,29,
1644418045,in4,0,0,,29,0,0,,29,
1644418045,B33,0,0,,29,0,0,,29,
1644418045,in27,0,0,,30,0,0,,30,
1644418045,B14,0,0,,30,0,0,,30,
1644418045,B11,0,0,,30,0,0,,30,
1644418045,cn12,0,0,,30,0,0,,30,
1644418045,B54,0,0,,30,0,0,,30,
1644418045,B51,0,0,,30,0,0,,30,
1644418045,os4,0,0,,30,0,0,,30,
1644418045,in4,0,0,,30,0,0,,30,
1644418045,B33,0,0,,30,0,0,,30,
1644418045,in27,0,0,,31,0,0,,31,
1644418045,B14,0,0,,31,0,0,,31,
1644418045,B11,0,0,,31,0,0,,31,
1644418045,cn12,0,0,,31,0,0,,31,
1644418045,B54,0,0,,31,0,0,,31,
1644418045,B51,0,0,,31,0,0,,31,
1644418045,os4,0,0,,31,0,0,,31,
1644418045,in4,0,0,,31,0,0,,31,
1644418045,B33,0,0,,31,0,0,,31,
1644418045,in27,0,0,,32,0,0,,32,
1644418045,B14,0,0,,32,0,0,,32,
1644418045,B11,0,0,,32,0,0,,32,
1644418045,cn12,0,0,,32,0,0,,32,
1644418045,B54,0,0,,32,0,0,,32,
1644418045,B51,0,0,,32,0,0,,32,
1644418045,os4,0,0,,32,0,0,,32,
1644418045,in4,0,0,,32,0,0,,32,
1644418045,B33,0,0,,32,0,0,,32,
1644418045,in27,0,0,,33,0,0,,33,
1644418045,B14,0,0,,33,0,0,,33,
1644418045,B11,0,0,,33,0,0,,33,
1644418045,cn12,0,0,,33,0,0,,33,
1644418045,B54,0,0,,33,0,0,,33,
1644418045,B51,0,1,job11_scenario0_26,33,0,0,,33,
1644418045,os4,0,0,,33,0,0,,33,
1644418045,in4,0,0,,33,0,0,,33,
1644418045,B33,0,0,,33,0,0,,33,
1644418045,in27,0,0,,34,0,0,,34,
1644418045,B14,0,0,,34,0,0,,34,
1644418045,B11,0,0,,34,0,0,,34,
1644418045,cn12,0,0,,34,0,0,,34,
1644418045,B54,0,0,,34,0,0,,34,
1644418045,B51,0,1,job11_scenario0_26,34,0,0,,34,
1644418045,os4,0,0,,34,0,0,,34,
1644418045,in4,0,0,,34,0,0,,34,
1644418045,B33,0,1,job14_scenario2_33,34,0,0,,34,
1644418045,in27,1,0,,35,0,0,,35,
1644418045,B14,1,0,,35,0,0,,35,
1644418045,B11,1,0,,35,0,0,,35,
1644418045,cn12,1,0,,35,0,0,,35,
1644418045,B54,1,0,,35,0,0,,35,
1644418045,B51,1,1,job11_scenario0_26,35,0,0,,35,
1644418045,os4,1,0,,35,0,0,,35,
1644418045,in4,1,0,,35,0,0,,35,
1644418045,B33,1,1,job14_scenario2_33,35,0,0,,35,
1644418045,in27,1,0,,36,0,0,,36,
1644418045,B14,1,0,,36,0,0,,36,
1644418045,B11,1,0,,36,0,0,,36,
1644418045,cn12,1,0,,36,0,0,,36,
1644418045,B54,1,0,,36,0,0,,36,
1644418045,B51,1,1,job11_scenario0_26,36,0,0,,36,
1644418045,os4,1,0,,36,0,0,,36,
1644418045,in4,1,0,,36,0,0,,36,
1644418045,B33,1,1,job14_scenario2_33,36,0,0,,36,
1644418045,in27,1,0,,37,0,0,,37,
1644418045,B14,1,0,,37,0,0,,37,
1644418045,B11,1,0,,37,0,0,,37,
1644418045,cn12,1,0,,37,0,0,,37,
1644418045,B54,1,0,,37,0,0,,37,
1644418045,B51,1,1,job11_scenario0_26,37,0,0,,37,
1644418045,os4,1,1,job15_scenario4_34,37,0,0,,37,
1644418045,in4,1,0,,37,0,0,,37,
1644418045,B33,1,0,,37,0,0,,37,
1644418045,in27,1,0,,38,0,0,,38,
1644418045,B14,1,0,,38,0,0,,38,
1644418045,B11,1,0,,38,0,0,,38,
1644418045,cn12,1,0,,38,0,0,,38,
1644418045,B54,1,0,,38,0,0,,38,
1644418045,B51,1,1,job11_scenario0_26,38,0,0,,38,
1644418045,os4,1,0,,38,0,0,,38,
1644418045,in4,1,0,,38,0,0,,38,
1644418045,B33,1,1,job17_scenario2_37,38,0,0,,38,
1644418045,in27,1,0,,39,0,0,,39,
1644418045,B14,1,0,,39,0,0,,39,
1644418045,B11,1,0,,39,0,0,,39,
1644418045,cn12,1,0,,39,0,0,,39,
1644418045,B54,1,1,job12_scenario1_31,39,0,0,,39,
1644418045,B51,1,1,job11_scenario0_26,39,0,0,,39,
1644418045,os4,1,0,,39,0,0,,39,
1644418045,in4,1,0,,39,0,0,,39,
1644418045,B33,1,0,,39,0,0,,39,
1644418045,in27,1,0,,40,0,0,,40,
1644418045,B14,1,0,,40,0,0,,40,
1644418045,B11,1,0,,40,0,0,,40,
1644418045,cn12,1,0,,40,0,0,,40,
1644418045,B54,1,1,job12_scenario1_31,40,0,0,,40,
1644418045,B51,1,1,job11_scenario0_26,40,0,0,,40,
1644418045,os4,1,0,,40,0,0,,40,
1644418045,in4,1,0,,40,0,0,,40,
1644418045,B33,1,0,,40,0,0,,40,
1644418045,in27,1,0,,41,0,0,,41,
1644418045,B14,1,0,,41,0,0,,41,
1644418045,B11,1,0,,41,0,0,,41,
1644418045,cn12,1,0,,41,0,0,,41,
1644418045,B54,1,1,job12_scenario1_31,41,0,0,,41,
1644418045,B51,1,1,job11_scenario0_26,41,0,0,,41,
1644418045,os4,1,0,,41,0,0,,41,
1644418045,in4,1,0,,41,0,0,,41,
1644418045,B33,1,0,,41,0,0,,41,
1644418045,in27,1,0,,42,0,0,,42,
1644418045,B14,1,0,,42,0,0,,42,
1644418045,B11,1,0,,42,0,0,,42,
1644418045,cn12,1,0,,42,0,0,,42,
1644418045,B54,1,1,job12_scenario1_31,42,0,0,,42,
1644418045,B51,1,1,job11_scenario0_26,42,0,0,,42,
1644418045,os4,1,0,,42,0,0,,42,
1644418045,in4,1,0,,42,0,0,,42,
1644418045,B33,1,0,,42,0,0,,42,
1644418045,in27,1,0,,43,0,0,,43,
1644418045,B14,1,0,,43,0,0,,43,
1644418045,B11,1,0,,43,0,0,,43,
1644418045,cn12,1,0,,43,0,0,,43,
1644418045,B54,1,1,job12_scenario1_31,43,0,0,,43,
1644418045,B51,1,1,job11_scenario0_26,43,0,0,,43,
1644418045,os4,1,0,,43,0,0,,43,
1644418045,in4,1,0,,43,0,0,,43,
1644418045,B33,1,0,,43,0,0,,43,
1644418045,in27,1,0,,44,0,0,,44,
1644418045,B14,1,0,,44,0,0,,44,
1644418045,B11,1,0,,44,0,0,,44,
1644418045,cn12,1,0,,44,0,0,,44,
1644418045,B54,1,0,,44,0,0,,44,
1644418045,B51,1,1,job11_scenario0_26,44,0,0,,44,
1644418045,os4,1,0,,44,0,0,,44,
1644418045,in4,1,0,,44,0,0,,44,
1644418045,B33,1,0,,44,0,0,,44,
1644418045,in27,1,0,,45,0,0,,45,
1644418045,B14,1,0,,45,0,0,,45,
1644418045,B11,1,0,,45,0,0,,45,
1644418045,cn12,1,0,,45,0,0,,45,
1644418045,B54,1,0,,45,0,0,,45,
1644418045,B51,1,0,,45,0,0,,45,
1644418045,os4,1,0,,45,0,0,,45,
1644418045,in4,1,0,,45,0,0,,45,
1644418045,B33,1,0,,45,0,0,,45,
1644418045,in27,1,0,,46,0,0,,46,
1644418045,B14,1,0,,46,0,0,,46,
1644418045,B11,1,0,,46,0,0,,46,
1644418045,cn12,1,0,,46,0,0,,46,
1644418045,B54,1,0,,46,0,0,,46,
1644418045,B51,1,0,,46,0,0,,46,
1644418045,os4,1,0,,46,0,0,,46,
1644418045,in4,1,0,,46,0,0,,46,
1644418045,B33,1,0,,46,0,0,,46,
1644418045,in27,1,0,,47,0,0,,47,
1644418045,B14,1,0,,47,0,0,,47,
1644418045,B11,1,0,,47,0,0,,47,
1644418045,cn12,1,0,,47,0,0,,47,
1644418045,B54,1,0,,47,0,0,,47,
1644418045,B51,1,0,,47,0,0,,47,
1644418045,os4,1,0,,47,0,0,,47,
1644418045,in4,1,0,,47,0,0,,47,
1644418045,B33,1,0,,47,0,0,,47,
1644418045,in27,1,0,,48,0,0,,48,
1644418045,B14,1,0,,48,0,0,,48,
1644418045,B11,1,0,,48,0,0,,48,
1644418045,cn12,1,0,,48,0,0,,48,
1644418045,B54,1,0,,48,0,0,,48,
1644418045,B51,1,0,,48,0,0,,48,
1644418045,os4,1,0,,48,0,0,,48,
1644418045,in4,1,0,,48,0,0,,48,
1644418045,B33,1,0,,48,0,0,,48,
1644418045,in27,1,0,,49,0,0,,49,
1644418045,B14,1,0,,49,0,0,,49,
1644418045,B11,1,0,,49,0,0,,49,
1644418045,cn12,1,0,,49,0,0,,49,
1644418045,B54,1,0,,49,0,0,,49,
1644418045,B51,1,0,,49,0,0,,49,
1644418045,os4,1,0,,49,0,0,,49,
1644418045,in4,1,0,,49,0,0,,49,
1644418045,B33,1,0,,49,0,0,,49,
1644418045,in27,1,0,,50,0,0,,50,
1644418045,B14,1,0,,50,0,0,,50,
1644418045,B11,1,0,,50,0,0,,50,
1644418045,cn12,1,0,,50,0,0,,50,
1644418045,B54,1,0,,50,0,0,,50,
1644418045,B51,1,0,,50,0,0,,50,
1644418045,os4,1,0,,50,0,0,,50,
1644418045,in4,1,0,,50,0,0,,50,
1644418045,B33,1,0,,50,0,0,,50,
1644418045,in27,1,0,,51,0,0,,51,
1644418045,B14,1,0,,51,0,0,,51,
1644418045,B11,1,0,,51,0,0,,51,
1644418045,cn12,1,0,,51,0,0,,51,
1644418045,B54,1,0,,51,0,0,,51,
1644418045,B51,1,0,,51,0,0,,51,
1644418045,os4,1,0,,51,0,0,,51,
1644418045,in4,1,0,,51,0,0,,51,
1644418045,B33,1,0,,51,0,0,,51,
1644418045,in27,1,0,,52,0,0,,52,
1644418045,B14,1,0,,52,0,0,,52,
1644418045,B11,1,0,,52,0,0,,52,
1644418045,cn12,1,0,,52,0,0,,52,
1644418045,B54,1,0,,52,0,0,,52,
1644418045,B51,1,0,,52,0,0,,52,
1644418045,os4,1,0,,52,0,0,,52,
1644418045,in4,1,0,,52,0,0,,52,
1644418045,B33,1,0,,52,0,0,,52,
1644418045,in27,1,0,,53,0,0,,53,
1644418045,B14,1,0,,53,0,0,,53,
1644418045,B11,1,0,,53,0,0,,53,
1644418045,cn12,1,0,,53,0,0,,53,
1644418045,B54,1,0,,53,0,0,,53,
1644418045,B51,1,0,,53,0,0,,53,
1644418045,os4,1,0,,53,0,0,,53,
1644418045,in4,1,0,,53,0,0,,53,
1644418045,B33,1,0,,53,0,0,,53,
1644418046,in27,1,0,,54,0,0,,54,
1644418046,B14,1,0,,54,0,0,,54,
1644418046,B11,1,0,,54,0,0,,54,
1644418046,cn12,1,0,,54,0,0,,54,
1644418046,B54,1,0,,54,0,0,,54,
1644418046,B51,1,0,,54,0,0,,54,
1644418046,os4,1,0,,54,0,0,,54,
1644418046,in4,1,0,,54,0,0,,54,
1644418046,B33,1,0,,54,0,0,,54,
1644418046,in27,1,0,,55,0,0,,55,
1644418046,B14,1,0,,55,0,0,,55,
1644418046,B11,1,0,,55,0,0,,55,
1644418046,cn12,1,0,,55,0,0,,55,
1644418046,B54,1,0,,55,0,0,,55,
1644418046,B51,1,0,,55,0,0,,55,
1644418046,os4,1,0,,55,0,0,,55,
1644418046,in4,1,0,,55,0,0,,55,
1644418046,B33,1,0,,55,0,0,,55,
1644418046,in27,1,0,,56,0,0,,56,
1644418046,B14,1,0,,56,0,0,,56,
1644418046,B11,1,0,,56,0,0,,56,
1644418046,cn12,1,0,,56,0,0,,56,
1644418046,B54,1,0,,56,0,0,,56,
1644418046,B51,1,0,,56,0,0,,56,
1644418046,os4,1,0,,56,0,0,,56,
1644418046,in4,1,0,,56,0,0,,56,
1644418046,B33,1,0,,56,0,0,,56,
1644418046,in27,1,0,,57,0,0,,57,
1644418046,B14,1,0,,57,0,0,,57,
1644418046,B11,1,0,,57,0,0,,57,
1644418046,cn12,1,0,,57,0,0,,57,
1644418046,B54,1,0,,57,0,0,,57,
1644418046,B51,1,0,,57,0,0,,57,
1644418046,os4,1,0,,57,0,0,,57,
1644418046,in4,1,0,,57,0,0,,57,
1644418046,B33,1,0,,57,0,0,,57,
1644418046,in27,1,0,,58,0,0,,58,
1644418046,B14,1,0,,58,0,0,,58,
1644418046,B11,1,0,,58,0,0,,58,
1644418046,cn12,1,0,,58,0,0,,58,
1644418046,B54,1,0,,58,0,0,,58,
1644418046,B51,1,0,,58,0,0,,58,
1644418046,os4,1,0,,58,0,0,,58,
1644418046,in4,1,0,,58,0,0,,58,
1644418046,B33,1,0,,58,0,0,,58,
1644418046,in27,1,0,,59,0,0,,59,
1644418046,B14,1,0,,59,0,0,,59,
1644418046,B11,1,0,,59,0,0,,59,
1644418046,cn12,1,0,,59,0,0,,59,
1644418046,B54,1,0,,59,0,0,,59,
1644418046,B51,1,0,,59,0,0,,59,
1644418046,os4,1,0,,59,0,0,,59,
1644418046,in4,1,0,,59,0,0,,59,
1644418046,B33,1,0,,59,0,0,,59,
1644418046,in27,1,0,,60,0,0,,60,
1644418046,B14,1,0,,60,0,0,,60,
1644418046,B11,1,0,,60,0,0,,60,
1644418046,cn12,1,0,,60,0,0,,60,
1644418046,B54,1,0,,60,0,0,,60,
1644418046,B51,1,0,,60,0,0,,60,
1644418046,os4,1,0,,60,0,0,,60,
1644418046,in4,1,0,,60,0,0,,60,
1644418046,B33,1,0,,60,0,0,,60,
1644418046,in27,1,0,,61,0,0,,61,
1644418046,B14,1,0,,61,0,0,,61,
1644418046,B11,1,0,,61,0,0,,61,
1644418046,cn12,1,0,,61,0,0,,61,
1644418046,B54,1,0,,61,0,0,,61,
1644418046,B51,1,0,,61,0,0,,61,
1644418046,os4,1,0,,61,0,0,,61,
1644418046,in4,1,0,,61,0,0,,61,
1644418046,B33,1,0,,61,0,0,,61,
1644418046,in27,1,0,,62,0,0,,62,
1644418046,B14,1,0,,62,0,0,,62,
1644418046,B11,1,0,,62,0,0,,62,
1644418046,cn12,1,0,,62,0,0,,62,
1644418046,B54,1,1,job22_scenario1_52,62,0,0,,62,
1644418046,B51,1,0,,62,0,0,,62,
1644418046,os4,1,0,,62,0,0,,62,
1644418046,in4,1,0,,62,0,0,,62,
1644418046,B33,1,0,,62,0,0,,62,
1644418046,in27,1,0,,63,0,0,,63,
1644418046,B14,1,0,,63,0,0,,63,
1644418046,B11,1,0,,63,0,0,,63,
1644418046,cn12,1,0,,63,0,0,,63,
1644418046,B54,1,1,job22_scenario1_52,63,0,0,,63,
1644418046,B51,1,0,,63,0,0,,63,
1644418046,os4,1,0,,63,0,0,,63,
1644418046,in4,1,0,,63,0,0,,63,
1644418046,B33,1,0,,63,0,0,,63,
1644418046,in27,1,0,,64,0,0,,64,
1644418046,B14,1,0,,64,0,0,,64,
1644418046,B11,1,0,,64,0,0,,64,
1644418046,cn12,1,0,,64,0,0,,64,
1644418046,B54,1,1,job22_scenario1_52,64,0,0,,64,
1644418046,B51,1,0,,64,0,0,,64,
1644418046,os4,1,1,job26_scenario4_59,64,0,0,,64,
1644418046,in4,1,0,,64,0,0,,64,
1644418046,B33,1,0,,64,0,0,,64,
1644418046,in27,1,0,,65,0,0,,65,
1644418046,B14,1,0,,65,0,0,,65,
1644418046,B11,1,0,,65,0,0,,65,
1644418046,cn12,1,0,,65,0,0,,65,
1644418046,B54,1,1,job22_scenario1_52,65,0,0,,65,
1644418046,B51,1,0,,65,0,0,,65,
1644418046,os4,1,1,job26_scenario4_59,65,0,0,,65,
1644418046,in4,1,0,,65,0,0,,65,
1644418046,B33,1,0,,65,0,0,,65,
1644418046,in27,1,0,,66,0,0,,66,
1644418046,B14,1,0,,66,0,0,,66,
1644418046,B11,1,0,,66,0,0,,66,
1644418046,cn12,1,0,,66,0,0,,66,
1644418046,B54,1,0,,66,0,0,,66,
1644418046,B51,1,0,,66,0,0,,66,
1644418046,os4,1,1,job26_scenario4_59,66,0,0,,66,
1644418046,in4,1,0,,66,0,0,,66,
1644418046,B33,1,0,,66,0,0,,66,
1644418046,in27,1,0,,67,0,0,,67,
1644418046,B14,1,0,,67,0,0,,67,
1644418046,B11,1,0,,67,0,0,,67,
1644418046,cn12,1,0,,67,0,0,,67,
1644418046,B54,1,1,job25_scenario1_56,67,0,0,,67,
1644418046,B51,1,0,,67,0,0,,67,
1644418046,os4,1,1,job26_scenario4_59,67,0,0,,67,
1644418046,in4,1,0,,67,0,0,,67,
1644418046,B33,1,0,,67,0,0,,67,
1644418046,in27,1,0,,68,0,0,,68,
1644418046,B14,1,0,,68,0,0,,68,
1644418046,B11,1,0,,68,0,0,,68,
1644418046,cn12,1,0,,68,0,0,,68,
1644418046,B54,1,1,job25_scenario1_56,68,0,0,,68,
1644418046,B51,1,0,,68,0,0,,68,
1644418046,os4,1,1,job26_scenario4_59,68,0,0,,68,
1644418046,in4,1,0,,68,0,0,,68,
1644418046,B33,1,0,,68,0,0,,68,
1644418046,in27,1,0,,69,0,0,,69,
1644418046,B14,1,0,,69,0,0,,69,
1644418046,B11,1,0,,69,0,0,,69,
1644418046,cn12,1,0,,69,0,0,,69,
1644418046,B54,1,1,job25_scenario1_56,69,0,0,,69,
1644418046,B51,1,1,job27_scenario0_60,69,0,0,,69,
1644418046,os4,1,1,job26_scenario4_59,69,0,0,,69,
1644418046,in4,1,0,,69,0,0,,69,
1644418046,B33,1,0,,69,0,0,,69,
1644418046,in27,1,0,,70,0,0,,70,
1644418046,B14,1,0,,70,0,0,,70,
1644418046,B11,1,0,,70,0,0,,70,
1644418046,cn12,1,0,,70,0,0,,70,
1644418046,B54,1,1,job25_scenario1_56,70,0,0,,70,
1644418046,B51,1,1,job27_scenario0_60,70,0,0,,70,
1644418046,os4,1,0,,70,0,0,,70,
1644418046,in4,1,0,,70,0,0,,70,
1644418046,B33,1,0,,70,0,0,,70,
1644418046,in27,1,0,,71,0,0,,71,
1644418046,B14,1,0,,71,0,0,,71,
1644418046,B11,1,0,,71,0,0,,71,
1644418046,cn12,1,0,,71,0,0,,71,
1644418046,B54,1,1,job25_scenario1_56,71,0,0,,71,
1644418046,B51,1,1,job27_scenario0_60,71,0,0,,71,
1644418046,os4,1,1,job30_scenario4_66,71,0,0,,71,
1644418046,in4,1,0,,71,0,0,,71,
1644418046,B33,1,0,,71,0,0,,71,
1644418046,in27,1,0,,72,0,0,,72,
1644418046,B14,1,0,,72,0,0,,72,
1644418046,B11,1,0,,72,0,0,,72,
1644418046,cn12,1,0,,72,0,0,,72,
1644418046,B54,1,1,job25_scenario1_56,72,0,0,,72,
1644418046,B51,1,1,job27_scenario0_60,72,0,0,,72,
1644418046,os4,1,1,job30_scenario4_66,72,0,0,,72,
1644418046,in4,1,0,,72,0,0,,72,
1644418046,B33,1,0,,72,0,0,,72,
1644418046,in27,1,0,,73,0,0,,73,
1644418046,B14,1,0,,73,0,0,,73,
1644418046,B11,1,0,,73,0,0,,73,
1644418046,cn12,1,0,,73,0,0,,73,
1644418046,B54,1,0,,73,0,0,,73,
1644418046,B51,1,1,job27_scenario0_60,73,0,0,,73,
1644418046,os4,1,1,job30_scenario4_66,73,0,0,,73,
1644418046,in4,1,0,,73,0,0,,73,
1644418046,B33,1,0,,73,0,0,,73,
1644418046,in27,1,0,,74,0,0,,74,
1644418046,B14,1,0,,74,0,0,,74,
1644418046,B11,1,1,job34_scenario3_70,74,0,0,,74,
1644418046,cn12,1,0,,74,0,0,,74,
1644418046,B54,1,0,,74,0,0,,74,
1644418046,B51,1,1,job27_scenario0_60,74,0,0,,74,
1644418046,os4,1,0,,74,0,0,,74,
1644418046,in4,1,0,,74,0,0,,74,
1644418046,B33,1,0,,74,0,0,,74,
1644418046,in27,1,0,,75,0,0,,75,
1644418046,B14,1,0,,75,0,0,,75,
1644418046,B11,1,1,job34_scenario3_70,75,0,0,,75,
1644418046,cn12,1,0,,75,0,0,,75,
1644418046,B54,1,0,,75,0,0,,75,
1644418046,B51,1,1,job27_scenario0_60,75,0,0,,75,
1644418046,os4,1,0,,75,0,0,,75,
1644418046,in4,1,0,,75,0,0,,75,
1644418046,B33,1,0,,75,0,0,,75,
1644418046,in27,1,0,,76,0,0,,76,
1644418046,B14,1,0,,76,0,0,,76,
1644418046,B11,1,1,job34_scenario3_70,76,0,0,,76,
1644418046,cn12,1,0,,76,0,0,,76,
1644418046,B54,1,0,,76,0,0,,76,
1644418046,B51,1,1,job27_scenario0_60,76,0,0,,76,
1644418046,os4,1,0,,76,0,0,,76,
1644418046,in4,1,0,,76,0,0,,76,
1644418046,B33,1,0,,76,0,0,,76,
1644418046,in27,1,0,,77,0,0,,77,
1644418046,B14,1,0,,77,0,0,,77,
1644418046,B11,1,0,,77,0,0,,77,
1644418046,cn12,1,0,,77,0,0,,77,
1644418046,B54,1,0,,77,0,0,,77,
1644418046,B51,1,1,job27_scenario0_60,77,0,0,,77,
1644418046,os4,1,0,,77,0,0,,77,
1644418046,in4,1,0,,77,0,0,,77,
1644418046,B33,1,0,,77,0,0,,77,
1644418046,in27,1,0,,78,0,0,,78,
1644418046,B14,1,0,,78,0,0,,78,
1644418046,B11,1,0,,78,0,0,,78,
1644418046,cn12,1,0,,78,0,0,,78,
1644418046,B54,1,0,,78,0,0,,78,
1644418046,B51,1,1,job27_scenario0_60,78,0,0,,78,
1644418046,os4,1,0,,78,0,0,,78,
1644418046,in4,1,0,,78,0,0,,78,
1644418046,B33,1,0,,78,0,0,,78,
1644418046,in27,1,0,,79,0,0,,79,
1644418046,B14,1,0,,79,0,0,,79,
1644418046,B11,1,0,,79,0,0,,79,
1644418046,cn12,1,0,,79,0,0,,79,
1644418046,B54,1,0,,79,0,0,,79,
1644418046,B51,1,1,job27_scenario0_60,79,0,0,,79,
1644418046,os4,1,0,,79,0,0,,79,
1644418046,in4,1,0,,79,0,0,,79,
1644418046,B33,1,0,,79,0,0,,79,
1644418046,in27,1,0,,80,0,0,,80,
1644418046,B14,1,0,,80,0,0,,80,
1644418046,B11,1,0,,80,0,0,,80,
1644418046,cn12,1,0,,80,0,0,,80,
1644418046,B54,1,0,,80,0,0,,80,
1644418046,B51,1,1,job27_scenario0_60,80,0,0,,80,
1644418046,os4,1,0,,80,0,0,,80,
1644418046,in4,1,0,,80,0,0,,80,
1644418046,B33,1,0,,80,0,0,,80,
1644418046,in27,1,0,,81,0,0,,81,
1644418046,B14,1,0,,81,0,0,,81,
1644418046,B11,1,0,,81,0,0,,81,
1644418046,cn12,1,0,,81,0,0,,81,
1644418046,B54,1,0,,81,0,0,,81,
1644418046,B51,1,1,job27_scenario0_60,81,0,0,,81,
1644418046,os4,1,0,,81,0,0,,81,
1644418046,in4,1,0,,81,0,0,,81,
1644418046,B33,1,0,,81,0,0,,81,
1644418046,in27,1,0,,82,0,0,,82,
1644418046,B14,1,0,,82,0,0,,82,
1644418046,B11,1,0,,82,0,0,,82,
1644418046,cn12,1,0,,82,0,0,,82,
1644418046,B54,1,0,,82,0,0,,82,
1644418046,B51,1,0,,82,0,0,,82,
1644418046,os4,1,0,,82,0,0,,82,
1644418046,in4,1,0,,82,0,0,,82,
1644418046,B33,1,0,,82,0,0,,82,
1644418047,in27,1,0,,83,0,0,,83,
1644418047,B14,1,0,,83,0,0,,83,
1644418047,B11,1,0,,83,0,0,,83,
1644418047,cn12,1,0,,83,0,0,,83,
1644418047,B54,1,0,,83,0,0,,83,
1644418047,B51,1,0,,83,0,0,,83,
1644418047,os4,1,0,,83,0,0,,83,
1644418047,in4,1,0,,83,0,0,,83,
1644418047,B33,1,0,,83,0,0,,83,
1644418047,in27,1,0,,84,0,0,,84,
1644418047,B14,1,0,,84,0,0,,84,
1644418047,B11,1,0,,84,0,0,,84,
1644418047,cn12,1,0,,84,0,0,,84,
1644418047,B54,1,0,,84,0,0,,84,
1644418047,B51,1,1,job39_scenario0_80,84,0,0,,84,
1644418047,os4,1,0,,84,0,0,,84,
1644418047,in4,1,0,,84,0,0,,84,
1644418047,B33,1,0,,84,0,0,,84,
1644418047,in27,1,0,,85,0,0,,85,
1644418047,B14,1,0,,85,0,0,,85,
1644418047,B11,1,1,job40_scenario3_82,85,0,0,,85,
1644418047,cn12,1,0,,85,0,0,,85,
1644418047,B54,1,0,,85,0,0,,85,
1644418047,B51,1,1,job39_scenario0_80,85,0,0,,85,
1644418047,os4,1,0,,85,0,0,,85,
1644418047,in4,1,0,,85,0,0,,85,
1644418047,B33,1,0,,85,0,0,,85,
1644418047,in27,1,0,,86,0,0,,86,
1644418047,B14,1,0,,86,0,0,,86,
1644418047,B11,1,0,,86,0,0,,86,
1644418047,cn12,1,0,,86,0,0,,86,
1644418047,B54,1,1,job36_scenario1_73,86,0,0,,86,
1644418047,B51,1,1,job39_scenario0_80,86,0,0,,86,
1644418047,os4,1,0,,86,0,0,,86,
1644418047,in4,1,0,,86,0,0,,86,
1644418047,B33,1,0,,86,0,0,,86,
1644418047,in27,1,0,,87,0,0,,87,
1644418047,B14,1,0,,87,0,0,,87,
1644418047,B11,1,0,,87,0,0,,87,
1644418047,cn12,1,0,,87,0,0,,87,
1644418047,B54,1,1,job36_scenario1_73,87,0,0,,87,
1644418047,B51,1,1,job39_scenario0_80,87,0,0,,87,
1644418047,os4,1,0,,87,0,0,,87,
1644418047,in4,1,0,,87,0,0,,87,
1644418047,B33,1,0,,87,0,0,,87,
1644418047,in27,1,0,,88,0,0,,88,
1644418047,B14,1,0,,88,0,0,,88,
1644418047,B11,1,0,,88,0,0,,88,
1644418047,cn12,1,0,,88,0,0,,88,
1644418047,B54,1,1,job36_scenario1_73,88,0,0,,88,
1644418047,B51,1,1,job39_scenario0_80,88,0,0,,88,
1644418047,os4,1,0,,88,0,0,,88,
1644418047,in4,1,0,,88,0,0,,88,
1644418047,B33,1,0,,88,0,0,,88,
1644418047,in27,1,0,,89,0,0,,89,
1644418047,B14,1,0,,89,0,0,,89,
1644418047,B11,1,0,,89,0,0,,89,
1644418047,cn12,1,0,,89,0,0,,89,
1644418047,B54,1,1,job36_scenario1_73,89,0,0,,89,
1644418047,B51,1,1,job39_scenario0_80,89,0,0,,89,
1644418047,os4,1,0,,89,0,0,,89,
1644418047,in4,1,0,,89,0,0,,89,
1644418047,B33,1,0,,89,0,0,,89,
1644418047,in27,1,0,,90,0,0,,90,
1644418047,B14,1,0,,90,0,0,,90,
1644418047,B11,1,0,,90,0,0,,90,
1644418047,cn12,1,0,,90,0,0,,90,
1644418047,B54,1,1,job36_scenario1_73,90,0,0,,90,
1644418047,B51,1,1,job39_scenario0_80,90,0,0,,90,
1644418047,os4,1,0,,90,0,0,,90,
1644418047,in4,1,0,,90,0,0,,90,
1644418047,B33,1,0,,90,0,0,,90,
1644418047,in27,1,0,,91,0,0,,91,
1644418047,B14,1,0,,91,0,0,,91,
1644418047,B11,1,0,,91,0,0,,91,
1644418047,cn12,1,0,,91,0,0,,91,
1644418047,B54,1,0,,91,0,0,,91,
1644418047,B51,1,1,job39_scenario0_80,91,0,0,,91,
1644418047,os4,1,0,,91,0,0,,91,
1644418047,in4,1,0,,91,0,0,,91,
1644418047,B33,1,0,,91,0,0,,91,
1644418047,in27,1,0,,92,0,0,,92,
1644418047,B14,1,0,,92,0,0,,92,
1644418047,B11,1,0,,92,0,0,,92,
1644418047,cn12,1,0,,92,0,0,,92,
1644418047,B54,1,1,job38_scenario1_78,92,0,0,,92,
1644418047,B51,1,1,job39_scenario0_80,92,0,0,,92,
1644418047,os4,1,0,,92,0,0,,92,
1644418047,in4,1,0,,92,0,0,,92,
1644418047,B33,1,0,,92,0,0,,92,
1644418047,in27,1,0,,93,0,0,,93,
1644418047,B14,1,0,,93,0,0,,93,
1644418047,B11,1,0,,93,0,0,,93,
1644418047,cn12,1,0,,93,0,0,,93,
1644418047,B54,1,1,job38_scenario1_78,93,0,0,,93,
1644418047,B51,1,1,job39_scenario0_80,93,0,0,,93,
1644418047,os4,1,0,,93,0,0,,93,
1644418047,in4,1,0,,93,0,0,,93,
1644418047,B33,1,0,,93,0,0,,93,
1644418047,in27,1,0,,94,0,0,,94,
1644418047,B14,1,0,,94,0,0,,94,
1644418047,B11,1,0,,94,0,0,,94,
1644418047,cn12,1,0,,94,0,0,,94,
1644418047,B54,1,1,job38_scenario1_78,94,0,0,,94,
1644418047,B51,1,1,job39_scenario0_80,94,0,0,,94,
1644418047,os4,1,0,,94,0,0,,94,
1644418047,in4,1,0,,94,0,0,,94,
1644418047,B33,1,0,,94,0,0,,94,
1644418047,in27,1,0,,95,0,0,,95,
1644418047,B14,1,0,,95,0,0,,95,
1644418047,B11,1,0,,95,0,0,,95,
1644418047,cn12,1,0,,95,0,0,,95,
1644418047,B54,1,1,job38_scenario1_78,95,0,0,,95,
1644418047,B51,1,1,job39_scenario0_80,95,0,0,,95,
1644418047,os4,1,0,,95,0,0,,95,
1644418047,in4,1,0,,95,0,0,,95,
1644418047,B33,1,0,,95,0,0,,95,
1644418047,in27,1,0,,96,0,0,,96,
1644418047,B14,1,0,,96,0,0,,96,
1644418047,B11,1,0,,96,0,0,,96,
1644418047,cn12,1,0,,96,0,0,,96,
1644418047,B54,1,1,job38_scenario1_78,96,0,0,,96,
1644418047,B51,1,1,job39_scenario0_80,96,0,0,,96,
1644418047,os4,1,0,,96,0,0,,96,
1644418047,in4,1,0,,96,0,0,,96,
1644418047,B33,1,0,,96,0,0,,96,
1644418047,in27,1,0,,97,0,0,,97,
1644418047,B14,1,0,,97,0,0,,97,
1644418047,B11,1,0,,97,0,0,,97,
1644418047,cn12,1,0,,97,0,0,,97,
1644418047,B54,1,0,,97,0,0,,97,
1644418047,B51,1,1,job39_scenario0_80,97,0,0,,97,
1644418047,os4,1,0,,97,0,0,,97,
1644418047,in4,1,0,,97,0,0,,97,
1644418047,B33,1,0,,97,0,0,,97,
1644418047,in27,1,0,,98,0,0,,98,
1644418047,B14,1,0,,98,0,0,,98,
1644418047,B11,1,0,,98,0,0,,98,
1644418047,cn12,1,0,,98,0,0,,98,
1644418047,B54,1,0,,98,0,0,,98,
1644418047,B51,1,0,,98,0,0,,98,
1644418047,os4,1,0,,98,0,0,,98,
1644418047,in4,1,0,,98,0,0,,98,
1644418047,B33,1,0,,98,0,0,,98,
1644418047,in27,1,0,,99,0,0,,99,
1644418047,B14,1,0,,99,0,0,,99,
1644418047,B11,1,0,,99,0,0,,99,
1644418047,cn12,1,0,,99,0,0,,99,
1644418047,B54,1,1,job44_scenario1_89,99,0,0,,99,
1644418047,B51,1,0,,99,0,0,,99,
1644418047,os4,1,0,,99,0,0,,99,
1644418047,in4,1,0,,99,0,0,,99,
1644418047,B33,1,0,,99,0,0,,99,
1644418047,in27,1,0,,100,0,0,,100,
1644418047,B14,1,0,,100,0,0,,100,
1644418047,B11,1,0,,100,0,0,,100,
1644418047,cn12,1,0,,100,0,0,,100,
1644418047,B54,1,1,job44_scenario1_89,100,0,0,,100,
1644418047,B51,1,0,,100,0,0,,100,
1644418047,os4,1,1,job49_scenario4_96,100,0,0,,100,
1644418047,in4,1,0,,100,0,0,,100,
1644418047,B33,1,0,,100,0,0,,100,
1644418047,in27,1,0,,101,0,0,,101,
1644418047,B14,1,0,,101,0,0,,101,
1644418047,B11,1,0,,101,0,0,,101,
1644418047,cn12,1,0,,101,0,0,,101,
1644418047,B54,1,1,job44_scenario1_89,101,0,0,,101,
1644418047,B51,1,0,,101,0,0,,101,
1644418047,os4,1,1,job49_scenario4_96,101,0,0,,101,
1644418047,in4,1,0,,101,0,0,,101,
1644418047,B33,1,0,,101,0,0,,101,
1644418047,in27,1,0,,102,0,0,,102,
1644418047,B14,1,0,,102,0,0,,102,
1644418047,B11,1,0,,102,0,0,,102,
1644418047,cn12,1,0,,102,0,0,,102,
1644418047,B54,1,0,,102,0,0,,102,
1644418047,B51,1,0,,102,0,0,,102,
1644418047,os4,1,1,job49_scenario4_96,102,0,0,,102,
1644418047,in4,1,0,,102,0,0,,102,
1644418047,B33,1,0,,102,0,0,,102,
1644418047,in27,1,0,,103,0,0,,103,
1644418047,B14,1,0,,103,0,0,,103,
1644418047,B11,1,0,,103,0,0,,103,
1644418047,cn12,1,0,,103,0,0,,103,
1644418047,B54,1,0,,103,0,0,,103,
1644418047,B51,1,0,,103,0,0,,103,
1644418047,os4,1,1,job49_scenario4_96,103,0,0,,103,
1644418047,in4,1,0,,103,0,0,,103,
1644418047,B33,1,0,,103,0,0,,103,
1644418047,in27,1,0,,104,0,0,,104,
1644418047,B14,1,0,,104,0,0,,104,
1644418047,B11,1,0,,104,0,0,,104,
1644418047,cn12,1,0,,104,0,0,,104,
1644418047,B54,1,0,,104,0,0,,104,
1644418047,B51,1,0,,104,0,0,,104,
1644418047,os4,1,1,job49_scenario4_96,104,0,0,,104,
1644418047,in4,1,0,,104,0,0,,104,
1644418047,B33,1,0,,104,0,0,,104,
1644418047,in27,1,0,,105,0,0,,105,
1644418047,B14,1,0,,105,0,0,,105,
1644418047,B11,1,0,,105,0,0,,105,
1644418047,cn12,1,0,,105,0,0,,105,
1644418047,B54,1,0,,105,0,0,,105,
1644418047,B51,1,0,,105,0,0,,105,
1644418047,os4,1,1,job49_scenario4_96,105,0,0,,105,
1644418047,in4,1,0,,105,0,0,,105,
1644418047,B33,1,0,,105,0,0,,105,
1644418048,in27,1,0,,106,0,0,,106,
1644418048,B14,1,0,,106,0,0,,106,
1644418048,B11,1,0,,106,0,0,,106,
1644418048,cn12,1,0,,106,0,0,,106,
1644418048,B54,1,0,,106,0,0,,106,
1644418048,B51,1,0,,106,0,0,,106,
1644418048,os4,1,1,job49_scenario4_96,106,0,0,,106,
1644418048,in4,1,0,,106,0,0,,106,
1644418048,B33,1,0,,106,0,0,,106,
1644418048,in27,1,0,,107,0,0,,107,
1644418048,B14,1,0,,107,0,0,,107,
1644418048,B11,1,0,,107,0,0,,107,
1644418048,cn12,1,0,,107,0,0,,107,
1644418048,B54,1,0,,107,0,0,,107,
1644418048,B51,1,0,,107,0,0,,107,
1644418048,os4,1,1,job49_scenario4_96,107,0,0,,107,
1644418048,in4,1,0,,107,0,0,,107,
1644418048,B33,1,0,,107,0,0,,107,
1644418048,in27,1,0,,108,0,0,,108,
1644418048,B14,1,0,,108,0,0,,108,
1644418048,B11,1,0,,108,0,0,,108,
1644418048,cn12,1,0,,108,0,0,,108,
1644418048,B54,1,0,,108,0,0,,108,
1644418048,B51,1,0,,108,0,0,,108,
1644418048,os4,1,0,,108,0,0,,108,
1644418048,in4,1,0,,108,0,0,,108,
1644418048,B33,1,0,,108,0,0,,108,
1644418048,in27,1,0,,109,0,0,,109,
1644418048,B14,1,0,,109,0,0,,109,
1644418048,B11,1,0,,109,0,0,,109,
1644418048,cn12,1,0,,109,0,0,,109,
1644418048,B54,1,0,,109,0,0,,109,
1644418048,B51,1,0,,109,0,0,,109,
1644418048,os4,1,1,job55_scenario4_105,109,0,0,,109,
1644418048,in4,1,0,,109,0,0,,109,
1644418048,B33,1,0,,109,0,0,,109,
1644418048,in27,1,0,,110,0,0,,110,
1644418048,B14,1,0,,110,0,0,,110,
1644418048,B11,1,0,,110,0,0,,110,
1644418048,cn12,1,0,,110,0,0,,110,
1644418048,B54,1,0,,110,0,0,,110,
1644418048,B51,1,0,,110,0,0,,110,
1644418048,os4,1,1,job55_scenario4_105,110,0,0,,110,
1644418048,in4,1,0,,110,0,0,,110,
1644418048,B33,1,0,,110,0,0,,110,
1644418048,in27,1,0,,111,0,0,,111,
1644418048,B14,1,0,,111,0,0,,111,
1644418048,B11,1,0,,111,0,0,,111,
1644418048,cn12,1,0,,111,0,0,,111,
1644418048,B54,1,0,,111,0,0,,111,
1644418048,B51,1,0,,111,0,0,,111,
1644418048,os4,1,1,job55_scenario4_105,111,0,0,,111,
1644418048,in4,1,0,,111,0,0,,111,
1644418048,B33,1,0,,111,0,0,,111,
1644418048,in27,1,0,,112,0,0,,112,
1644418048,B14,1,0,,112,0,0,,112,
1644418048,B11,1,0,,112,0,0,,112,
1644418048,cn12,1,0,,112,0,0,,112,
1644418048,B54,1,0,,112,0,0,,112,
1644418048,B51,1,0,,112,0,0,,112,
1644418048,os4,1,1,job55_scenario4_105,112,0,0,,112,
1644418048,in4,1,0,,112,0,0,,112,
1644418048,B33,1,0,,112,0,0,,112,
1644418048,in27,1,0,,113,0,0,,113,
1644418048,B14,1,0,,113,0,0,,113,
1644418048,B11,1,0,,113,0,0,,113,
1644418048,cn12,1,0,,113,0,0,,113,
1644418048,B54,1,0,,113,0,0,,113,
1644418048,B51,1,0,,113,0,0,,113,
1644418048,os4,1,1,job55_scenario4_105,113,0,0,,113,
1644418048,in4,1,0,,113,0,0,,113,
1644418048,B33,1,0,,113,0,0,,113,
1644418048,in27,1,0,,114,0,0,,114,
1644418048,B14,1,0,,114,0,0,,114,
1644418048,B11,1,1,job58_scenario3_111,114,0,0,,114,
1644418048,cn12,1,0,,114,0,0,,114,
1644418048,B54,1,0,,114,0,0,,114,
1644418048,B51,1,1,job51_scenario0_101,114,0,0,,114,
1644418048,os4,1,1,job55_scenario4_105,114,0,0,,114,
1644418048,in4,1,0,,114,0,0,,114,
1644418048,B33,1,0,,114,0,0,,114,
1644418048,in27,1,0,,115,0,0,,115,
1644418048,B14,1,0,,115,0,0,,115,
1644418048,B11,1,1,job58_scenario3_111,115,0,0,,115,
1644418048,cn12,1,0,,115,0,0,,115,
1644418048,B54,1,0,,115,0,0,,115,
1644418048,B51,1,1,job51_scenario0_101,115,0,0,,115,
1644418048,os4,1,1,job55_scenario4_105,115,0,0,,115,
1644418048,in4,1,0,,115,0,0,,115,
1644418048,B33,1,0,,115,0,0,,115,
1644418048,in27,1,0,,116,0,0,,116,
1644418048,B14,1,0,,116,0,0,,116,
1644418048,B11,1,1,job58_scenario3_111,116,0,0,,116,
1644418048,cn12,1,0,,116,0,0,,116,
1644418048,B54,1,0,,116,0,0,,116,
1644418048,B51,1,1,job51_scenario0_101,116,0,0,,116,
1644418048,os4,1,1,job55_scenario4_105,116,0,0,,116,
1644418048,in4,1,0,,116,0,0,,116,
1644418048,B33,1,0,,116,0,0,,116,
1644418048,in27,1,0,,117,0,0,,117,
1644418048,B14,1,0,,117,0,0,,117,
1644418048,B11,1,1,job58_scenario3_111,117,0,0,,117,
1644418048,cn12,1,0,,117,0,0,,117,
1644418048,B54,1,0,,117,0,0,,117,
1644418048,B51,1,1,job51_scenario0_101,117,0,0,,117,
1644418048,os4,1,0,,117,0,0,,117,
1644418048,in4,1,0,,117,0,0,,117,
1644418048,B33,1,0,,117,0,0,,117,
1644418048,in27,1,0,,118,0,0,,118,
1644418048,B14,1,0,,118,0,0,,118,
1644418048,B11,1,1,job58_scenario3_111,118,0,0,,118,
1644418048,cn12,1,0,,118,0,0,,118,
1644418048,B54,1,1,job41_scenario1_86,118,0,0,,118,
1644418048,B51,1,1,job51_scenario0_101,118,0,0,,118,
1644418048,os4,1,0,,118,0,0,,118,
1644418048,in4,1,0,,118,0,0,,118,
1644418048,B33,1,0,,118,0,0,,118,
1644418048,in27,1,0,,119,0,0,,119,
1644418048,B14,1,0,,119,0,0,,119,
1644418048,B11,1,0,,119,0,0,,119,
1644418048,cn12,1,0,,119,0,0,,119,
1644418048,B54,1,1,job41_scenario1_86,119,0,0,,119,
1644418048,B51,1,1,job51_scenario0_101,119,0,0,,119,
1644418048,os4,1,0,,119,0,0,,119,
1644418048,in4,1,0,,119,0,0,,119,
1644418048,B33,1,0,,119,0,0,,119,
1644418048,in27,1,0,,120,0,0,,120,
1644418048,B14,1,0,,120,0,0,,120,
1644418048,B11,1,0,,120,0,0,,120,
1644418048,cn12,1,0,,120,0,0,,120,
1644418048,B54,1,1,job41_scenario1_86,120,0,0,,120,
1644418048,B51,1,1,job51_scenario0_101,120,0,0,,120,
1644418048,os4,1,0,,120,0,0,,120,
1644418048,in4,1,0,,120,0,0,,120,
1644418048,B33,1,0,,120,0,0,,120,
1644418048,in27,1,0,,121,0,0,,121,
1644418048,B14,1,0,,121,0,0,,121,
1644418048,B11,1,0,,121,0,0,,121,
1644418048,cn12,1,0,,121,0,0,,121,
1644418048,B54,1,1,job41_scenario1_86,121,0,0,,121,
1644418048,B51,1,1,job51_scenario0_101,121,0,0,,121,
1644418048,os4,1,0,,121,0,0,,121,
1644418048,in4,1,0,,121,0,0,,121,
1644418048,B33,1,0,,121,0,0,,121,
1644418048,in27,1,0,,122,0,0,,122,
1644418048,B14,1,0,,122,0,0,,122,
1644418048,B11,1,0,,122,0,0,,122,
1644418048,cn12,1,0,,122,0,0,,122,
1644418048,B54,1,1,job41_scenario1_86,122,0,0,,122,
1644418048,B51,1,1,job51_scenario0_101,122,0,0,,122,
1644418048,os4,1,0,,122,0,0,,122,
1644418048,in4,1,0,,122,0,0,,122,
1644418048,B33,1,0,,122,0,0,,122,
1644418048,in27,1,0,,123,0,0,,123,
1644418048,B14,1,0,,123,0,0,,123,
1644418048,B11,1,0,,123,0,0,,123,
1644418048,cn12,1,0,,123,0,0,,123,
1644418048,B54,1,1,job41_scenario1_86,123,0,0,,123,
1644418048,B51,1,1,job51_scenario0_101,123,0,0,,123,
1644418048,os4,1,0,,123,0,0,,123,
1644418048,in4,1,0,,123,0,0,,123,
1644418048,B33,1,1,job52_scenario2_102,123,0,0,,123,
1644418048,in27,1,0,,124,0,0,,124,
1644418048,B14,1,0,,124,0,0,,124,
1644418048,B11,1,0,,124,0,0,,124,
1644418048,cn12,1,0,,124,0,0,,124,
1644418048,B54,1,1,job41_scenario1_86,124,0,0,,124,
1644418048,B51,1,1,job51_scenario0_101,124,0,0,,124,
1644418048,os4,1,0,,124,0,0,,124,
1644418048,in4,1,0,,124,0,0,,124,
1644418048,B33,1,1,job52_scenario2_102,124,0,0,,124,
1644418048,in27,1,0,,125,0,0,,125,
1644418048,B14,1,0,,125,0,0,,125,
1644418048,B11,1,0,,125,0,0,,125,
1644418048,cn12,1,0,,125,0,0,,125,
1644418048,B54,1,0,,125,0,0,,125,
1644418048,B51,1,1,job51_scenario0_101,125,0,0,,125,
1644418048,os4,1,0,,125,0,0,,125,
1644418048,in4,1,0,,125,0,0,,125,
1644418048,B33,1,1,job52_scenario2_102,125,0,0,,125,
1644418048,in27,1,0,,126,0,0,,126,
1644418048,B14,1,0,,126,0,0,,126,
1644418048,B11,1,0,,126,0,0,,126,
1644418048,cn12,1,0,,126,0,0,,126,
1644418048,B54,1,0,,126,0,0,,126,
1644418048,B51,1,1,job51_scenario0_101,126,0,0,,126,
1644418048,os4,1,0,,126,0,0,,126,
1644418048,in4,1,0,,126,0,0,,126,
1644418048,B33,1,1,job52_scenario2_102,126,0,0,,126,
1644418049,in27,1,0,,127,0,0,,127,
1644418049,B14,1,0,,127,0,0,,127,
1644418049,B11,1,0,,127,0,0,,127,
1644418049,cn12,1,0,,127,0,0,,127,
1644418049,B54,1,1,job50_scenario1_99,127,0,0,,127,
1644418049,B51,1,0,,127,0,0,,127,
1644418049,os4,1,0,,127,0,0,,127,
1644418049,in4,1,0,,127,0,0,,127,
1644418049,B33,1,1,job52_scenario2_102,127,0,0,,127,
1644418049,in27,1,0,,128,0,0,,128,
1644418049,B14,1,0,,128,0,0,,128,
1644418049,B11,1,0,,128,0,0,,128,
1644418049,cn12,1,0,,128,0,0,,128,
1644418049,B54,1,1,job50_scenario1_99,128,0,0,,128,
1644418049,B51,1,1,job42_scenario0_87,128,0,0,,128,
1644418049,os4,1,0,,128,0,0,,128,
1644418049,in4,1,0,,128,0,0,,128,
1644418049,B33,1,0,,128,0,0,,128,
1644418049,in27,1,0,,129,0,0,,129,
1644418049,B14,1,0,,129,0,0,,129,
1644418049,B11,1,0,,129,0,0,,129,
1644418049,cn12,1,0,,129,0,0,,129,
1644418049,B54,1,1,job50_scenario1_99,129,0,0,,129,
1644418049,B51,1,1,job42_scenario0_87,129,0,0,,129,
1644418049,os4,1,0,,129,0,0,,129,
1644418049,in4,1,0,,129,0,0,,129,
1644418049,B33,1,0,,129,0,0,,129,
1644418049,in27,1,0,,130,0,0,,130,
1644418049,B14,1,0,,130,0,0,,130,
1644418049,B11,1,0,,130,0,0,,130,
1644418049,cn12,1,0,,130,0,0,,130,
1644418049,B54,1,1,job50_scenario1_99,130,0,0,,130,
1644418049,B51,1,1,job42_scenario0_87,130,0,0,,130,
1644418049,os4,1,0,,130,0,0,,130,
1644418049,in4,1,0,,130,0,0,,130,
1644418049,B33,1,0,,130,0,0,,130,
1644418049,in27,1,0,,131,0,0,,131,
1644418049,B14,1,0,,131,0,0,,131,
1644418049,B11,1,0,,131,0,0,,131,
1644418049,cn12,1,0,,131,0,0,,131,
1644418049,B54,1,1,job50_scenario1_99,131,0,0,,131,
1644418049,B51,1,1,job42_scenario0_87,131,0,0,,131,
1644418049,os4,1,0,,131,0,0,,131,
1644418049,in4,1,0,,131,0,0,,131,
1644418049,B33,1,0,,131,0,0,,131,
1644418049,in27,1,0,,132,0,0,,132,
1644418049,B14,1,0,,132,0,0,,132,
1644418049,B11,1,0,,132,0,0,,132,
1644418049,cn12,1,0,,132,0,0,,132,
1644418049,B54,1,1,job50_scenario1_99,132,0,0,,132,
1644418049,B51,1,1,job42_scenario0_87,132,0,0,,132,
1644418049,os4,1,0,,132,0,0,,132,
1644418049,in4,1,0,,132,0,0,,132,
1644418049,B33,1,0,,132,0,0,,132,
1644418049,in27,1,0,,133,0,0,,133,
1644418049,B14,1,0,,133,0,0,,133,
1644418049,B11,1,0,,133,0,0,,133,
1644418049,cn12,1,0,,133,0,0,,133,
1644418049,B54,1,1,job50_scenario1_99,133,0,0,,133,
1644418049,B51,1,1,job42_scenario0_87,133,0,0,,133,
1644418049,os4,1,0,,133,0,0,,133,
1644418049,in4,1,0,,133,0,0,,133,
1644418049,B33,1,0,,133,0,0,,133,
1644418049,in27,1,0,,134,0,0,,134,
1644418049,B14,1,0,,134,0,0,,134,
1644418049,B11,1,0,,134,0,0,,134,
1644418049,cn12,1,0,,134,0,0,,134,
1644418049,B54,1,0,,134,0,0,,134,
1644418049,B51,1,1,job42_scenario0_87,134,0,0,,134,
1644418049,os4,1,0,,134,0,0,,134,
1644418049,in4,1,0,,134,0,0,,134,
1644418049,B33,1,0,,134,0,0,,134,
1644418049,in27,1,0,,135,0,0,,135,
1644418049,B14,1,0,,135,0,0,,135,
1644418049,B11,1,0,,135,0,0,,135,
1644418049,cn12,1,0,,135,0,0,,135,
1644418049,B54,1,0,,135,0,0,,135,
1644418049,B51,1,1,job42_scenario0_87,135,0,0,,135,
1644418049,os4,1,0,,135,0,0,,135,
1644418049,in4,1,0,,135,0,0,,135,
1644418049,B33,1,0,,135,0,0,,135,
1644418049,in27,1,0,,136,0,0,,136,
1644418049,B14,1,0,,136,0,0,,136,
1644418049,B11,1,0,,136,0,0,,136,
1644418049,cn12,1,0,,136,0,0,,136,
1644418049,B54,1,0,,136,0,0,,136,
1644418049,B51,1,1,job42_scenario0_87,136,0,0,,136,
1644418049,os4,1,0,,136,0,0,,136,
1644418049,in4,1,0,,136,0,0,,136,
1644418049,B33,1,1,job48_scenario2_95,136,0,0,,136,
1644418049,in27,1,0,,137,0,0,,137,
1644418049,B14,1,0,,137,0,0,,137,
1644418049,B11,1,0,,137,0,0,,137,
1644418049,cn12,1,0,,137,0,0,,137,
1644418049,B54,1,0,,137,0,0,,137,
1644418049,B51,1,1,job42_scenario0_87,137,0,0,,137,
1644418049,os4,1,0,,137,0,0,,137,
1644418049,in4,1,0,,137,0,0,,137,
1644418049,B33,1,1,job48_scenario2_95,137,0,0,,137,
1644418049,in27,1,0,,138,0,0,,138,
1644418049,B14,1,0,,138,0,0,,138,
1644418049,B11,1,0,,138,0,0,,138,
1644418049,cn12,1,0,,138,0,0,,138,
1644418049,B54,1,0,,138,0,0,,138,
1644418049,B51,1,1,job42_scenario0_87,138,0,0,,138,
1644418049,os4,1,0,,138,0,0,,138,
1644418049,in4,1,0,,138,0,0,,138,
1644418049,B33,1,0,,138,0,0,,138,
1644418049,in27,1,0,,139,0,0,,139,
1644418049,B14,1,0,,139,0,0,,139,
1644418049,B11,1,0,,139,0,0,,139,
1644418049,cn12,1,0,,139,0,0,,139,
1644418049,B54,1,0,,139,0,0,,139,
1644418049,B51,1,0,,139,0,0,,139,
1644418049,os4,1,0,,139,0,0,,139,
1644418049,in4,1,0,,139,0,0,,139,
1644418049,B33,1,0,,139,0,0,,139,
1644418049,in27,1,0,,140,0,0,,140,
1644418049,B14,1,0,,140,0,0,,140,
1644418049,B11,1,0,,140,0,0,,140,
1644418049,cn12,1,0,,140,0,0,,140,
1644418049,B54,1,0,,140,0,0,,140,
1644418049,B51,1,0,,140,0,0,,140,
1644418049,os4,1,0,,140,0,0,,140,
1644418049,in4,1,0,,140,0,0,,140,
1644418049,B33,1,0,,140,0,0,,140,
1644418049,in27,1,0,,141,0,0,,141,
1644418049,B14,1,0,,141,0,0,,141,
1644418049,B11,1,0,,141,0,0,,141,
1644418049,cn12,1,0,,141,0,0,,141,
1644418049,B54,1,0,,141,0,0,,141,
1644418049,B51,1,0,,141,0,0,,141,
1644418049,os4,1,1,job67_scenario4_135,141,0,0,,141,
1644418049,in4,1,0,,141,0,0,,141,
1644418049,B33,1,0,,141,0,0,,141,
1644418049,in27,1,0,,142,0,0,,142,
1644418049,B14,1,1,job70_scenario1_141,142,0,0,,142,
1644418049,B11,1,0,,142,0,0,,142,
1644418049,cn12,1,0,,142,0,0,,142,
1644418049,B54,1,0,,142,0,0,,142,
1644418049,B51,1,0,,142,0,0,,142,
1644418049,os4,1,1,job67_scenario4_135,142,0,0,,142,
1644418049,in4,1,0,,142,0,0,,142,
1644418049,B33,1,0,,142,0,0,,142,
1644418049,in27,1,0,,143,0,0,,143,
1644418049,B14,1,1,job70_scenario1_141,143,0,0,,143,
1644418049,B11,1,0,,143,0,0,,143,
1644418049,cn12,1,0,,143,0,0,,143,
1644418049,B54,1,0,,143,0,0,,143,
1644418049,B51,1,0,,143,0,0,,143,
1644418049,os4,1,1,job67_scenario4_135,143,0,0,,143,
1644418049,in4,1,0,,143,0,0,,143,
1644418049,B33,1,0,,143,0,0,,143,
1644418049,in27,1,0,,144,0,0,,144,
1644418049,B14,1,1,job70_scenario1_141,144,0,0,,144,
1644418049,B11,1,1,job68_scenario3_138,144,0,0,,144,
1644418049,cn12,1,0,,144,0,0,,144,
1644418049,B54,1,1,job53_scenario1_103,144,0,0,,144,
1644418049,B51,1,0,,144,0,0,,144,
1644418049,os4,1,1,job67_scenario4_135,144,0,0,,144,
1644418049,in4,1,0,,144,0,0,,144,
1644418049,B33,1,0,,144,0,0,,144,
1644418050,in27,1,0,,145,0,0,,145,
1644418050,B14,1,1,job70_scenario1_141,145,0,0,,145,
1644418050,B11,1,1,job68_scenario3_138,145,0,0,,145,
1644418050,cn12,1,0,,145,0,0,,145,
1644418050,B54,1,1,job53_scenario1_103,145,0,0,,145,
1644418050,B51,1,0,,145,0,0,,145,
1644418050,os4,1,1,job67_scenario4_135,145,0,0,,145,
1644418050,in4,1,0,,145,0,0,,145,
1644418050,B33,1,0,,145,0,0,,145,
1644418050,in27,1,0,,146,0,0,,146,
1644418050,B14,1,1,job70_scenario1_141,146,0,0,,146,
1644418050,B11,1,0,,146,0,0,,146,
1644418050,cn12,1,0,,146,0,0,,146,
1644418050,B54,1,1,job53_scenario1_103,146,0,0,,146,
1644418050,B51,1,0,,146,0,0,,146,
1644418050,os4,1,1,job67_scenario4_135,146,0,0,,146,
1644418050,in4,1,0,,146,0,0,,146,
1644418050,B33,1,0,,146,0,0,,146,
1644418050,in27,1,0,,147,0,0,,147,
1644418050,B14,1,1,job70_scenario1_141,147,0,0,,147,
1644418050,B11,1,0,,147,0,0,,147,
1644418050,cn12,1,0,,147,0,0,,147,
1644418050,B54,1,1,job53_scenario1_103,147,0,0,,147,
1644418050,B51,1,0,,147,0,0,,147,
1644418050,os4,1,0,,147,0,0,,147,
1644418050,in4,1,0,,147,0,0,,147,
1644418050,B33,1,0,,147,0,0,,147,
1644418050,in27,1,0,,148,0,0,,148,
1644418050,B14,1,1,job70_scenario1_141,148,0,0,,148,
1644418050,B11,1,0,,148,0,0,,148,
1644418050,cn12,1,0,,148,0,0,,148,
1644418050,B54,1,1,job53_scenario1_103,148,0,0,,148,
1644418050,B51,1,0,,148,0,0,,148,
1644418050,os4,1,0,,148,0,0,,148,
1644418050,in4,1,0,,148,0,0,,148,
1644418050,B33,1,0,,148,0,0,,148,
1644418050,in27,1,0,,149,0,0,,149,
1644418050,B14,1,0,,149,0,0,,149,
1644418050,B11,1,0,,149,0,0,,149,
1644418050,cn12,1,0,,149,0,0,,149,
1644418050,B54,1,1,job53_scenario1_103,149,0,0,,149,
1644418050,B51,1,0,,149,0,0,,149,
1644418050,os4,1,0,,149,0,0,,149,
1644418050,in4,1,0,,149,0,0,,149,
1644418050,B33,1,0,,149,0,0,,149,
1644418050,in27,1,0,,150,0,0,,150,
1644418050,B14,1,0,,150,0,0,,150,
1644418050,B11,1,0,,150,0,0,,150,
1644418050,cn12,1,0,,150,0,0,,150,
1644418050,B54,1,0,,150,0,0,,150,
1644418050,B51,1,0,,150,0,0,,150,
1644418050,os4,1,0,,150,0,0,,150,
1644418050,in4,1,0,,150,0,0,,150,
1644418050,B33,1,0,,150,0,0,,150,
1644418050,in27,1,0,,151,0,0,,151,
1644418050,B14,1,0,,151,0,0,,151,
1644418050,B11,1,0,,151,0,0,,151,
1644418050,cn12,1,0,,151,0,0,,151,
1644418050,B54,1,0,,151,0,0,,151,
1644418050,B51,1,0,,151,0,0,,151,
1644418050,os4,1,0,,151,0,0,,151,
1644418050,in4,1,0,,151,0,0,,151,
1644418050,B33,1,0,,151,0,0,,151,
1644418050,in27,1,0,,152,0,0,,152,
1644418050,B14,1,0,,152,0,0,,152,
1644418050,B11,1,0,,152,0,0,,152,
1644418050,cn12,1,0,,152,0,0,,152,
1644418050,B54,1,0,,152,0,0,,152,
1644418050,B51,1,0,,152,0,0,,152,
1644418050,os4,1,0,,152,0,0,,152,
1644418050,in4,1,0,,152,0,0,,152,
1644418050,B33,1,0,,152,0,0,,152,
1644418050,in27,1,0,,153,0,0,,153,
1644418050,B14,1,1,job63_scenario1_124,153,0,0,,153,
1644418050,B11,1,0,,153,0,0,,153,
1644418050,cn12,1,0,,153,0,0,,153,
1644418050,B54,1,0,,153,0,0,,153,
1644418050,B51,1,0,,153,0,0,,153,
1644418050,os4,1,0,,153,0,0,,153,
1644418050,in4,1,0,,153,0,0,,153,
1644418050,B33,1,0,,153,0,0,,153,
1644418050,in27,1,0,,154,0,0,,154,
1644418050,B14,1,1,job63_scenario1_124,154,0,0,,154,
1644418050,B11,1,0,,154,0,0,,154,
1644418050,cn12,1,0,,154,0,0,,154,
1644418050,B54,1,1,job74_scenario1_147,154,0,0,,154,
1644418050,B51,1,0,,154,0,0,,154,
1644418050,os4,1,1,job75_scenario4_148,154,0,0,,154,
1644418050,in4,1,0,,154,0,0,,154,
1644418050,B33,1,0,,154,0,0,,154,
1644418050,in27,1,0,,155,0,0,,155,
1644418050,B14,1,1,job63_scenario1_124,155,0,0,,155,
1644418050,B11,1,0,,155,0,0,,155,
1644418050,cn12,1,0,,155,0,0,,155,
1644418050,B54,1,1,job74_scenario1_147,155,0,0,,155,
1644418050,B51,1,0,,155,0,0,,155,
1644418050,os4,1,1,job75_scenario4_148,155,0,0,,155,
1644418050,in4,1,0,,155,0,0,,155,
1644418050,B33,1,0,,155,0,0,,155,
1644418050,in27,1,0,,156,0,0,,156,
1644418050,B14,1,1,job63_scenario1_124,156,0,0,,156,
1644418050,B11,1,0,,156,0,0,,156,
1644418050,cn12,1,0,,156,0,0,,156,
1644418050,B54,1,1,job74_scenario1_147,156,0,0,,156,
1644418050,B51,1,0,,156,0,0,,156,
1644418050,os4,1,1,job75_scenario4_148,156,0,0,,156,
1644418050,in4,1,0,,156,0,0,,156,
1644418050,B33,1,0,,156,0,0,,156,
1644418050,in27,1,0,,157,0,0,,157,
1644418050,B14,1,1,job63_scenario1_124,157,0,0,,157,
1644418050,B11,1,0,,157,0,0,,157,
1644418050,cn12,1,0,,157,0,0,,157,
1644418050,B54,1,1,job74_scenario1_147,157,0,0,,157,
1644418050,B51,1,0,,157,0,0,,157,
1644418050,os4,1,1,job75_scenario4_148,157,0,0,,157,
1644418050,in4,1,0,,157,0,0,,157,
1644418050,B33,1,0,,157,0,0,,157,
1644418050,in27,1,0,,158,0,0,,158,
1644418050,B14,1,1,job63_scenario1_124,158,0,0,,158,
1644418050,B11,1,0,,158,0,0,,158,
1644418050,cn12,1,0,,158,0,0,,158,
1644418050,B54,1,1,job74_scenario1_147,158,0,0,,158,
1644418050,B51,1,0,,158,0,0,,158,
1644418050,os4,1,1,job75_scenario4_148,158,0,0,,158,
1644418050,in4,1,0,,158,0,0,,158,
1644418050,B33,1,0,,158,0,0,,158,
1644418050,in27,1,0,,159,0,0,,159,
1644418050,B14,1,1,job63_scenario1_124,159,0,0,,159,
1644418050,B11,1,0,,159,0,0,,159,
1644418050,cn12,1,0,,159,0,0,,159,
1644418050,B54,1,1,job74_scenario1_147,159,0,0,,159,
1644418050,B51,1,0,,159,0,0,,159,
1644418050,os4,1,1,job75_scenario4_148,159,0,0,,159,
1644418050,in4,1,0,,159,0,0,,159,
1644418050,B33,1,0,,159,0,0,,159,
1644418050,in27,1,0,,160,0,0,,160,
1644418050,B14,1,1,job63_scenario1_124,160,0,0,,160,
1644418050,B11,1,0,,160,0,0,,160,
1644418050,cn12,1,0,,160,0,0,,160,
1644418050,B54,1,1,job74_scenario1_147,160,0,0,,160,
1644418050,B51,1,0,,160,0,0,,160,
1644418050,os4,1,0,,160,0,0,,160,
1644418050,in4,1,0,,160,0,0,,160,
1644418050,B33,1,0,,160,0,0,,160,
1644418050,in27,1,0,,161,0,0,,161,
1644418050,B14,1,0,,161,0,0,,161,
1644418050,B11,1,0,,161,0,0,,161,
1644418050,cn12,1,0,,161,0,0,,161,
1644418050,B54,1,1,job74_scenario1_147,161,0,0,,161,
1644418050,B51,1,0,,161,0,0,,161,
1644418050,os4,1,0,,161,0,0,,161,
1644418050,in4,1,0,,161,0,0,,161,
1644418050,B33,1,0,,161,0,0,,161,
1644418050,in27,1,0,,162,0,0,,162,
1644418050,B14,1,0,,162,0,0,,162,
1644418050,B11,1,0,,162,0,0,,162,
1644418050,cn12,1,0,,162,0,0,,162,
1644418050,B54,1,0,,162,0,0,,162,
1644418050,B51,1,0,,162,0,0,,162,
1644418050,os4,1,0,,162,0,0,,162,
1644418050,in4,1,0,,162,0,0,,162,
1644418050,B33,1,0,,162,0,0,,162,
1644418050,in27,1,0,,163,0,0,,163,
1644418050,B14,1,0,,163,0,0,,163,
1644418050,B11,1,0,,163,0,0,,163,
1644418050,cn12,1,0,,163,0,0,,163,
1644418050,B54,1,0,,163,0,0,,163,
1644418050,B51,1,0,,163,0,0,,163,
1644418050,os4,1,0,,163,0,0,,163,
1644418050,in4,1,0,,163,0,0,,163,
1644418050,B33,1,0,,163,0,0,,163,
1644418050,in27,1,0,,164,0,0,,164,
1644418050,B14,1,0,,164,0,0,,164,
1644418050,B11,1,0,,164,0,0,,164,
1644418050,cn12,1,0,,164,0,0,,164,
1644418050,B54,1,0,,164,0,0,,164,
1644418050,B51,1,0,,164,0,0,,164,
1644418050,os4,1,0,,164,0,0,,164,
1644418050,in4,1,0,,164,0,0,,164,
1644418050,B33,1,0,,164,0,0,,164,
1644418050,in27,1,0,,165,0,0,,165,
1644418051,B14,1,1,job87_scenario1_163,165,0,0,,165,
1644418051,B11,1,0,,165,0,0,,165,
1644418051,cn12,1,0,,165,0,0,,165,
1644418051,B54,1,0,,165,0,0,,165,
1644418051,B51,1,0,,165,0,0,,165,
1644418051,os4,1,0,,165,0,0,,165,
1644418051,in4,1,0,,165,0,0,,165,
1644418051,B33,1,0,,165,0,0,,165,
1644418051,in27,1,0,,166,0,0,,166,
1644418051,B14,1,1,job87_scenario1_163,166,0,0,,166,
1644418051,B11,1,0,,166,0,0,,166,
1644418051,cn12,1,0,,166,0,0,,166,
1644418051,B54,1,0,,166,0,0,,166,
1644418051,B51,1,0,,166,0,0,,166,
1644418051,os4,1,0,,166,0,0,,166,
1644418051,in4,1,0,,166,0,0,,166,
1644418051,B33,1,0,,166,0,0,,166,
1644418051,in27,1,0,,167,0,0,,167,
1644418051,B14,1,1,job87_scenario1_163,167,0,0,,167,
1644418051,B11,1,0,,167,0,0,,167,
1644418051,cn12,1,0,,167,0,0,,167,
1644418051,B54,1,0,,167,0,0,,167,
1644418051,B51,1,0,,167,0,0,,167,
1644418051,os4,1,0,,167,0,0,,167,
1644418051,in4,1,0,,167,0,0,,167,
1644418051,B33,1,0,,167,0,0,,167,
1644418051,in27,1,0,,168,0,0,,168,
1644418051,B14,1,1,job87_scenario1_163,168,0,0,,168,
1644418051,B11,1,0,,168,0,0,,168,
1644418051,cn12,1,0,,168,0,0,,168,
1644418051,B54,1,0,,168,0,0,,168,
1644418051,B51,1,1,job90_scenario0_167,168,0,0,,168,
1644418051,os4,1,0,,168,0,0,,168,
1644418051,in4,1,0,,168,0,0,,168,
1644418051,B33,1,0,,168,0,0,,168,
1644418051,in27,1,0,,169,0,0,,169,
1644418051,B14,1,1,job87_scenario1_163,169,0,0,,169,
1644418051,B11,1,0,,169,0,0,,169,
1644418051,cn12,1,0,,169,0,0,,169,
1644418051,B54,1,0,,169,0,0,,169,
1644418051,B51,1,1,job90_scenario0_167,169,0,0,,169,
1644418051,os4,1,0,,169,0,0,,169,
1644418051,in4,1,0,,169,0,0,,169,
1644418051,B33,1,0,,169,0,0,,169,
1644418051,in27,1,0,,170,0,0,,170,
1644418051,B14,1,1,job87_scenario1_163,170,0,0,,170,
1644418051,B11,1,0,,170,0,0,,170,
1644418051,cn12,1,0,,170,0,0,,170,
1644418051,B54,1,0,,170,0,0,,170,
1644418051,B51,1,1,job90_scenario0_167,170,0,0,,170,
1644418051,os4,1,0,,170,0,0,,170,
1644418051,in4,1,0,,170,0,0,,170,
1644418051,B33,1,0,,170,0,0,,170,
1644418051,in27,1,0,,171,0,0,,171,
1644418051,B14,1,0,,171,0,0,,171,
1644418051,B11,1,0,,171,0,0,,171,
1644418051,cn12,1,0,,171,0,0,,171,
1644418051,B54,1,0,,171,0,0,,171,
1644418051,B51,1,1,job90_scenario0_167,171,0,0,,171,
1644418051,os4,1,0,,171,0,0,,171,
1644418051,in4,1,0,,171,0,0,,171,
1644418051,B33,1,0,,171,0,0,,171,
1644418051,in27,1,0,,172,0,0,,172,
1644418051,B14,1,0,,172,0,0,,172,
1644418051,B11,1,1,job89_scenario3_166,172,0,0,,172,
1644418051,cn12,1,0,,172,0,0,,172,
1644418051,B54,1,0,,172,0,0,,172,
1644418051,B51,1,1,job90_scenario0_167,172,0,0,,172,
1644418051,os4,1,0,,172,0,0,,172,
1644418051,in4,1,0,,172,0,0,,172,
1644418051,B33,1,0,,172,0,0,,172,
1644418051,in27,1,0,,173,0,0,,173,
1644418051,B14,1,0,,173,0,0,,173,
1644418051,B11,1,0,,173,0,0,,173,
1644418051,cn12,1,0,,173,0,0,,173,
1644418051,B54,1,0,,173,0,0,,173,
1644418051,B51,1,1,job90_scenario0_167,173,0,0,,173,
1644418051,os4,1,0,,173,0,0,,173,
1644418051,in4,1,0,,173,0,0,,173,
1644418051,B33,1,0,,173,0,0,,173,
1644418051,in27,1,0,,174,0,0,,174,
1644418051,B14,1,0,,174,0,0,,174,
1644418051,B11,1,0,,174,0,0,,174,
1644418051,cn12,1,0,,174,0,0,,174,
1644418051,B54,1,0,,174,0,0,,174,
1644418051,B51,1,1,job90_scenario0_167,174,0,0,,174,
1644418051,os4,1,0,,174,0,0,,174,
1644418051,in4,1,0,,174,0,0,,174,
1644418051,B33,1,0,,174,0,0,,174,
1644418051,in27,1,0,,175,0,0,,175,
1644418051,B14,1,0,,175,0,0,,175,
1644418051,B11,1,0,,175,0,0,,175,
1644418051,cn12,1,0,,175,0,0,,175,
1644418051,B54,1,0,,175,0,0,,175,
1644418051,B51,1,1,job90_scenario0_167,175,0,0,,175,
1644418051,os4,1,0,,175,0,0,,175,
1644418051,in4,1,0,,175,0,0,,175,
1644418051,B33,1,0,,175,0,0,,175,
1644418051,in27,1,0,,176,0,0,,176,
1644418051,B14,1,1,job85_scenario1_161,176,0,0,,176,
1644418051,B11,1,0,,176,0,0,,176,
1644418051,cn12,1,0,,176,0,0,,176,
1644418051,B54,1,0,,176,0,0,,176,
1644418051,B51,1,1,job90_scenario0_167,176,0,0,,176,
1644418051,os4,1,0,,176,0,0,,176,
1644418051,in4,1,0,,176,0,0,,176,
1644418051,B33,1,0,,176,0,0,,176,
1644418051,in27,1,0,,177,0,0,,177,
1644418051,B14,1,1,job85_scenario1_161,177,0,0,,177,
1644418051,B11,1,0,,177,0,0,,177,
1644418051,cn12,1,0,,177,0,0,,177,
1644418051,B54,1,0,,177,0,0,,177,
1644418051,B51,1,1,job90_scenario0_167,177,0,0,,177,
1644418051,os4,1,0,,177,0,0,,177,
1644418051,in4,1,0,,177,0,0,,177,
1644418051,B33,1,0,,177,0,0,,177,
1644418051,in27,1,0,,178,0,0,,178,
1644418051,B14,1,1,job85_scenario1_161,178,0,0,,178,
1644418051,B11,1,0,,178,0,0,,178,
1644418051,cn12,1,0,,178,0,0,,178,
1644418051,B54,1,0,,178,0,0,,178,
1644418051,B51,1,1,job90_scenario0_167,178,0,0,,178,
1644418051,os4,1,0,,178,0,0,,178,
1644418051,in4,1,0,,178,0,0,,178,
1644418051,B33,1,0,,178,0,0,,178,
1644418051,in27,1,0,,179,0,0,,179,
1644418051,B14,1,1,job85_scenario1_161,179,0,0,,179,
1644418051,B11,1,0,,179,0,0,,179,
1644418051,cn12,1,0,,179,0,0,,179,
1644418051,B54,1,1,job80_scenario1_156,179,0,0,,179,
1644418051,B51,1,1,job90_scenario0_167,179,0,0,,179,
1644418051,os4,1,0,,179,0,0,,179,
1644418051,in4,1,0,,179,0,0,,179,
1644418051,B33,1,0,,179,0,0,,179,
1644418051,in27,1,0,,180,0,0,,180,
1644418051,B14,1,1,job85_scenario1_161,180,0,0,,180,
1644418051,B11,1,0,,180,0,0,,180,
1644418051,cn12,1,0,,180,0,0,,180,
1644418051,B54,1,1,job80_scenario1_156,180,0,0,,180,
1644418051,B51,1,0,,180,0,0,,180,
1644418051,os4,1,0,,180,0,0,,180,
1644418051,in4,1,0,,180,0,0,,180,
1644418051,B33,1,0,,180,0,0,,180,
1644418052,in27,1,0,,181,0,0,,181,
1644418052,B14,1,0,,181,0,0,,181,
1644418052,B11,1,1,job95_scenario3_175,181,0,0,,181,
1644418052,cn12,1,0,,181,0,0,,181,
1644418052,B54,1,1,job80_scenario1_156,181,0,0,,181,
1644418052,B51,1,0,,181,0,0,,181,
1644418052,os4,1,0,,181,0,0,,181,
1644418052,in4,1,0,,181,0,0,,181,
1644418052,B33,1,0,,181,0,0,,181,
1644418052,in27,1,0,,182,0,0,,182,
1644418052,B14,1,0,,182,0,0,,182,
1644418052,B11,1,1,job95_scenario3_175,182,0,0,,182,
1644418052,cn12,1,0,,182,0,0,,182,
1644418052,B54,1,1,job80_scenario1_156,182,0,0,,182,
1644418052,B51,1,0,,182,0,0,,182,
1644418052,os4,1,0,,182,0,0,,182,
1644418052,in4,1,0,,182,0,0,,182,
1644418052,B33,1,0,,182,0,0,,182,
1644418052,in27,1,0,,183,0,0,,183,
1644418052,B14,1,0,,183,0,0,,183,
1644418052,B11,1,1,job95_scenario3_175,183,0,0,,183,
1644418052,cn12,1,0,,183,0,0,,183,
1644418052,B54,1,1,job80_scenario1_156,183,0,0,,183,
1644418052,B51,1,0,,183,0,0,,183,
1644418052,os4,1,0,,183,0,0,,183,
1644418052,in4,1,0,,183,0,0,,183,
1644418052,B33,1,0,,183,0,0,,183,
1644418052,in27,1,0,,184,0,0,,184,
1644418052,B14,1,0,,184,0,0,,184,
1644418052,B11,1,1,job95_scenario3_175,184,0,0,,184,
1644418052,cn12,1,0,,184,0,0,,184,
1644418052,B54,1,1,job80_scenario1_156,184,0,0,,184,
1644418052,B51,1,0,,184,0,0,,184,
1644418052,os4,1,0,,184,0,0,,184,
1644418052,in4,1,0,,184,0,0,,184,
1644418052,B33,1,0,,184,0,0,,184,
1644418052,in27,1,0,,185,0,0,,185,
1644418052,B14,1,0,,185,0,0,,185,
1644418052,B11,1,1,job95_scenario3_175,185,0,0,,185,
1644418052,cn12,1,0,,185,0,0,,185,
1644418052,B54,1,1,job80_scenario1_156,185,0,0,,185,
1644418052,B51,1,0,,185,0,0,,185,
1644418052,os4,1,0,,185,0,0,,185,
1644418052,in4,1,0,,185,0,0,,185,
1644418052,B33,1,0,,185,0,0,,185,
1644418052,in27,1,0,,186,0,0,,186,
1644418052,B14,1,0,,186,0,0,,186,
1644418052,B11,1,0,,186,0,0,,186,
1644418052,cn12,1,0,,186,0,0,,186,
1644418052,B54,1,1,job80_scenario1_156,186,0,0,,186,
1644418052,B51,1,0,,186,0,0,,186,
1644418052,os4,1,0,,186,0,0,,186,
1644418052,in4,1,0,,186,0,0,,186,
1644418052,B33,1,0,,186,0,0,,186,
1644418052,in27,1,0,,187,0,0,,187,
1644418052,B14,1,0,,187,0,0,,187,
1644418052,B11,1,0,,187,0,0,,187,
1644418052,cn12,1,0,,187,0,0,,187,
1644418052,B54,1,0,,187,0,0,,187,
1644418052,B51,1,0,,187,0,0,,187,
1644418052,os4,1,0,,187,0,0,,187,
1644418052,in4,1,0,,187,0,0,,187,
1644418052,B33,1,0,,187,0,0,,187,
1644418052,in27,1,0,,188,0,0,,188,
1644418052,B14,1,0,,188,0,0,,188,
1644418052,B11,1,0,,188,0,0,,188,
1644418052,cn12,1,0,,188,0,0,,188,
1644418052,B54,1,0,,188,0,0,,188,
1644418052,B51,1,0,,188,0,0,,188,
1644418052,os4,1,0,,188,0,0,,188,
1644418052,in4,1,0,,188,0,0,,188,
1644418052,B33,1,0,,188,0,0,,188,
1644418052,in27,1,0,,189,0,0,,189,
1644418052,B14,1,0,,189,0,0,,189,
1644418052,B11,1,0,,189,0,0,,189,
1644418052,cn12,1,0,,189,0,0,,189,
1644418052,B54,1,0,,189,0,0,,189,
1644418052,B51,1,1,job98_scenario0_185,189,0,0,,189,
1644418052,os4,1,0,,189,0,0,,189,
1644418052,in4,1,0,,189,0,0,,189,
1644418052,B33,1,0,,189,0,0,,189,
1644418052,in27,1,0,,190,0,0,,190,
1644418052,B14,1,0,,190,0,0,,190,
1644418052,B11,1,0,,190,0,0,,190,
1644418052,cn12,1,0,,190,0,0,,190,
1644418052,B54,1,0,,190,0,0,,190,
1644418052,B51,1,1,job98_scenario0_185,190,0,0,,190,
1644418052,os4,1,0,,190,0,0,,190,
1644418052,in4,1,0,,190,0,0,,190,
1644418052,B33,1,0,,190,0,0,,190,
1644418052,in27,1,0,,191,0,0,,191,
1644418052,B14,1,0,,191,0,0,,191,
1644418052,B11,1,0,,191,0,0,,191,
1644418052,cn12,1,0,,191,0,0,,191,
1644418052,B54,1,0,,191,0,0,,191,
1644418052,B51,1,1,job98_scenario0_185,191,0,0,,191,
1644418052,os4,1,0,,191,0,0,,191,
1644418052,in4,1,0,,191,0,0,,191,
1644418052,B33,1,0,,191,0,0,,191,
1644418052,in27,1,0,,192,0,0,,192,
1644418052,B14,1,0,,192,0,0,,192,
1644418052,B11,1,0,,192,0,0,,192,
1644418052,cn12,1,0,,192,0,0,,192,
1644418052,B54,1,0,,192,0,0,,192,
1644418052,B51,1,1,job98_scenario0_185,192,0,0,,192,
1644418052,os4,1,0,,192,0,0,,192,
1644418052,in4,1,0,,192,0,0,,192,
1644418052,B33,1,0,,192,0,0,,192,
1644418052,in27,1,0,,193,0,0,,193,
1644418052,B14,1,0,,193,0,0,,193,
1644418052,B11,1,0,,193,0,0,,193,
1644418052,cn12,1,0,,193,0,0,,193,
1644418052,B54,1,0,,193,0,0,,193,
1644418052,B51,1,1,job98_scenario0_185,193,0,0,,193,
1644418052,os4,1,0,,193,0,0,,193,
1644418052,in4,1,0,,193,0,0,,193,
1644418052,B33,1,0,,193,0,0,,193,
1644418052,in27,1,0,,194,0,0,,194,
1644418052,B14,1,0,,194,0,0,,194,
1644418052,B11,1,0,,194,0,0,,194,
1644418052,cn12,1,0,,194,0,0,,194,
1644418052,B54,1,0,,194,0,0,,194,
1644418052,B51,1,1,job98_scenario0_185,194,0,0,,194,
1644418052,os4,1,0,,194,0,0,,194,
1644418052,in4,1,0,,194,0,0,,194,
1644418052,B33,1,0,,194,0,0,,194,
1644418052,in27,1,0,,195,0,0,,195,
1644418052,B14,1,0,,195,0,0,,195,
1644418052,B11,1,0,,195,0,0,,195,
1644418052,cn12,1,0,,195,0,0,,195,
1644418052,B54,1,0,,195,0,0,,195,
1644418052,B51,1,1,job98_scenario0_185,195,0,0,,195,
1644418052,os4,1,0,,195,0,0,,195,
1644418052,in4,1,0,,195,0,0,,195,
1644418052,B33,1,0,,195,0,0,,195,
1644418052,in27,1,0,,196,0,0,,196,
1644418052,B14,1,0,,196,0,0,,196,
1644418052,B11,1,0,,196,0,0,,196,
1644418052,cn12,1,0,,196,0,0,,196,
1644418052,B54,1,0,,196,0,0,,196,
1644418052,B51,1,1,job98_scenario0_185,196,0,0,,196,
1644418052,os4,1,0,,196,0,0,,196,
1644418052,in4,1,0,,196,0,0,,196,
1644418052,B33,1,0,,196,0,0,,196,
1644418052,in27,1,0,,197,0,0,,197,
1644418052,B14,1,0,,197,0,0,,197,
1644418052,B11,1,0,,197,0,0,,197,
1644418052,cn12,1,0,,197,0,0,,197,
1644418052,B54,1,0,,197,0,0,,197,
1644418052,B51,1,1,job98_scenario0_185,197,0,0,,197,
1644418052,os4,1,0,,197,0,0,,197,
1644418052,in4,1,0,,197,0,0,,197,
1644418052,B33,1,0,,197,0,0,,197,
1644418052,in27,1,0,,198,0,0,,198,
1644418052,B14,1,0,,198,0,0,,198,
1644418052,B11,1,0,,198,0,0,,198,
1644418052,cn12,1,0,,198,0,0,,198,
1644418052,B54,1,1,job93_scenario1_172,198,0,0,,198,
1644418052,B51,1,1,job98_scenario0_185,198,0,0,,198,
1644418052,os4,1,0,,198,0,0,,198,
1644418052,in4,1,0,,198,0,0,,198,
1644418052,B33,1,0,,198,0,0,,198,
1644418052,in27,1,0,,199,0,0,,199,
1644418052,B14,1,0,,199,0,0,,199,
1644418052,B11,1,0,,199,0,0,,199,
1644418052,cn12,1,0,,199,0,0,,199,
1644418052,B54,1,1,job93_scenario1_172,199,0,0,,199,
1644418052,B51,1,1,job98_scenario0_185,199,0,0,,199,
1644418052,os4,1,0,,199,0,0,,199,
1644418052,in4,1,0,,199,0,0,,199,
1644418052,B33,1,0,,199,0,0,,199,
1644418052,in27,1,0,,200,0,0,,200,
1644418052,B14,1,0,,200,0,0,,200,
1644418052,B11,1,0,,200,0,0,,200,
1644418052,cn12,1,0,,200,0,0,,200,
1644418052,B54,1,1,job93_scenario1_172,200,0,0,,200,
1644418052,B51,1,0,,200,0,0,,200,
1644418052,os4,1,0,,200,0,0,,200,
1644418052,in4,1,0,,200,0,0,,200,
1644418052,B33,1,0,,200,0,0,,200,
1644418053,in27,1,0,,201,0,0,,201,
1644418053,B14,1,1,job104_scenario1_200,201,0,0,,201,
1644418053,B11,1,1,job101_scenario3_195,201,0,0,,201,
1644418053,cn12,1,0,,201,0,0,,201,
1644418053,B54,1,1,job93_scenario1_172,201,0,0,,201,
1644418053,B51,1,0,,201,0,0,,201,
1644418053,os4,1,0,,201,0,0,,201,
1644418053,in4,1,0,,201,0,0,,201,
1644418053,B33,1,0,,201,0,0,,201,
1644418053,in27,1,0,,202,0,0,,202,
1644418053,B14,1,1,job104_scenario1_200,202,0,0,,202,
1644418053,B11,1,1,job101_scenario3_195,202,0,0,,202,
1644418053,cn12,1,0,,202,0,0,,202,
1644418053,B54,1,1,job93_scenario1_172,202,0,0,,202,
1644418053,B51,1,0,,202,0,0,,202,
1644418053,os4,1,0,,202,0,0,,202,
1644418053,in4,1,0,,202,0,0,,202,
1644418053,B33,1,0,,202,0,0,,202,
1644418053,in27,1,0,,203,0,0,,203,
1644418053,B14,1,1,job104_scenario1_200,203,0,0,,203,
1644418053,B11,1,0,,203,0,0,,203,
1644418053,cn12,1,0,,203,0,0,,203,
1644418053,B54,1,0,,203,0,0,,203,
1644418053,B51,1,0,,203,0,0,,203,
1644418053,os4,1,0,,203,0,0,,203,
1644418053,in4,1,0,,203,0,0,,203,
1644418053,B33,1,0,,203,0,0,,203,
1644418053,in27,1,0,,204,0,0,,204,
1644418053,B14,1,1,job104_scenario1_200,204,0,0,,204,
1644418053,B11,1,0,,204,0,0,,204,
1644418053,cn12,1,0,,204,0,0,,204,
1644418053,B54,1,0,,204,0,0,,204,
1644418053,B51,1,1,job91_scenario0_168,204,0,0,,204,
1644418053,os4,1,0,,204,0,0,,204,
1644418053,in4,1,0,,204,0,0,,204,
1644418053,B33,1,0,,204,0,0,,204,
1644418053,in27,1,0,,205,0,0,,205,
1644418053,B14,1,1,job104_scenario1_200,205,0,0,,205,
1644418053,B11,1,0,,205,0,0,,205,
1644418053,cn12,1,0,,205,0,0,,205,
1644418053,B54,1,1,job107_scenario0_204,205,0,0,,205,
1644418053,B51,1,1,job91_scenario0_168,205,0,0,,205,
1644418053,os4,1,0,,205,0,0,,205,
1644418053,in4,1,0,,205,0,0,,205,
1644418053,B33,1,0,,205,0,0,,205,
1644418053,in27,1,0,,206,0,0,,206,
1644418053,B14,1,1,job104_scenario1_200,206,0,0,,206,
1644418053,B11,1,0,,206,0,0,,206,
1644418053,cn12,1,0,,206,0,0,,206,
1644418053,B54,1,1,job107_scenario0_204,206,0,0,,206,
1644418053,B51,1,1,job91_scenario0_168,206,0,0,,206,
1644418053,os4,1,0,,206,0,0,,206,
1644418053,in4,1,0,,206,0,0,,206,
1644418053,B33,1,0,,206,0,0,,206,
1644418053,in27,1,0,,207,0,0,,207,
1644418053,B14,1,1,job104_scenario1_200,207,0,0,,207,
1644418053,B11,1,0,,207,0,0,,207,
1644418053,cn12,1,0,,207,0,0,,207,
1644418053,B54,1,1,job107_scenario0_204,207,0,0,,207,
1644418053,B51,1,1,job91_scenario0_168,207,0,0,,207,
1644418053,os4,1,0,,207,0,0,,207,
1644418053,in4,1,0,,207,0,0,,207,
1644418053,B33,1,0,,207,0,0,,207,
1644418053,in27,1,0,,208,0,0,,208,
1644418053,B14,1,1,job104_scenario1_200,208,0,0,,208,
1644418053,B11,1,0,,208,0,0,,208,
1644418053,cn12,1,0,,208,0,0,,208,
1644418053,B54,1,1,job107_scenario0_204,208,0,0,,208,
1644418053,B51,1,1,job91_scenario0_168,208,0,0,,208,
1644418053,os4,1,0,,208,0,0,,208,
1644418053,in4,1,0,,208,0,0,,208,
1644418053,B33,1,0,,208,0,0,,208,
1644418053,in27,1,0,,209,0,0,,209,
1644418053,B14,1,0,,209,0,0,,209,
1644418053,B11,1,0,,209,0,0,,209,
1644418053,cn12,1,0,,209,0,0,,209,
1644418053,B54,1,1,job107_scenario0_204,209,0,0,,209,
1644418053,B51,1,1,job91_scenario0_168,209,0,0,,209,
1644418053,os4,1,0,,209,0,0,,209,
1644418053,in4,1,0,,209,0,0,,209,
1644418053,B33,1,1,job111_scenario2_208,209,0,0,,209,
1644418053,in27,1,0,,210,0,0,,210,
1644418053,B14,1,0,,210,0,0,,210,
1644418053,B11,1,0,,210,0,0,,210,
1644418053,cn12,1,0,,210,0,0,,210,
1644418053,B54,1,1,job107_scenario0_204,210,0,0,,210,
1644418053,B51,1,1,job91_scenario0_168,210,0,0,,210,
1644418053,os4,1,0,,210,0,0,,210,
1644418053,in4,1,0,,210,0,0,,210,
1644418053,B33,1,1,job111_scenario2_208,210,0,0,,210,
1644418053,in27,1,0,,211,0,0,,211,
1644418053,B14,1,0,,211,0,0,,211,
1644418053,B11,1,0,,211,0,0,,211,
1644418053,cn12,1,0,,211,0,0,,211,
1644418053,B54,1,1,job107_scenario0_204,211,0,0,,211,
1644418053,B51,1,1,job91_scenario0_168,211,0,0,,211,
1644418053,os4,1,0,,211,0,0,,211,
1644418053,in4,1,0,,211,0,0,,211,
1644418053,B33,1,1,job111_scenario2_208,211,0,0,,211,
1644418053,in27,1,0,,212,0,0,,212,
1644418053,B14,1,0,,212,0,0,,212,
1644418053,B11,1,0,,212,0,0,,212,
1644418053,cn12,1,0,,212,0,0,,212,
1644418053,B54,1,1,job107_scenario0_204,212,0,0,,212,
1644418053,B51,1,1,job91_scenario0_168,212,0,0,,212,
1644418053,os4,1,0,,212,0,0,,212,
1644418053,in4,1,0,,212,0,0,,212,
1644418053,B33,1,1,job111_scenario2_208,212,0,0,,212,
1644418053,in27,1,0,,213,0,0,,213,
1644418053,B14,1,0,,213,0,0,,213,
1644418053,B11,1,0,,213,0,0,,213,
1644418053,cn12,1,0,,213,0,0,,213,
1644418053,B54,1,1,job107_scenario0_204,213,0,0,,213,
1644418053,B51,1,1,job91_scenario0_168,213,0,0,,213,
1644418053,os4,1,0,,213,0,0,,213,
1644418053,in4,1,0,,213,0,0,,213,
1644418053,B33,1,0,,213,0,0,,213,
1644418053,in27,1,0,,214,0,0,,214,
1644418053,B14,1,0,,214,0,0,,214,
1644418053,B11,1,0,,214,0,0,,214,
1644418053,cn12,1,0,,214,0,0,,214,
1644418053,B54,1,1,job107_scenario0_204,214,0,0,,214,
1644418053,B51,1,1,job91_scenario0_168,214,0,0,,214,
1644418053,os4,1,0,,214,0,0,,214,
1644418053,in4,1,0,,214,0,0,,214,
1644418053,B33,1,0,,214,0,0,,214,
1644418053,in27,1,0,,215,0,0,,215,
1644418053,B14,1,0,,215,0,0,,215,
1644418053,B11,1,0,,215,0,0,,215,
1644418053,cn12,1,0,,215,0,0,,215,
1644418053,B54,1,1,job107_scenario0_204,215,0,0,,215,
1644418053,B51,1,1,job91_scenario0_168,215,0,0,,215,
1644418053,os4,1,0,,215,0,0,,215,
1644418053,in4,1,0,,215,0,0,,215,
1644418053,B33,1,0,,215,0,0,,215,
1644418053,in27,1,0,,216,0,0,,216,
1644418053,B14,1,0,,216,0,0,,216,
1644418053,B11,1,0,,216,0,0,,216,
1644418053,cn12,1,0,,216,0,0,,216,
1644418053,B54,1,1,job107_scenario0_204,216,0,0,,216,
1644418053,B51,1,0,,216,0,0,,216,
1644418053,os4,1,0,,216,0,0,,216,
1644418053,in4,1,0,,216,0,0,,216,
1644418053,B33,1,0,,216,0,0,,216,
1644418053,in27,1,0,,217,0,0,,217,
1644418053,B14,1,0,,217,0,0,,217,
1644418053,B11,1,0,,217,0,0,,217,
1644418053,cn12,1,0,,217,0,0,,217,
1644418053,B54,1,1,job107_scenario0_204,217,0,0,,217,
1644418053,B51,1,0,,217,0,0,,217,
1644418053,os4,1,0,,217,0,0,,217,
1644418053,in4,1,0,,217,0,0,,217,
1644418053,B33,1,0,,217,0,0,,217,
1644418053,in27,1,0,,218,0,0,,218,
1644418053,B14,1,0,,218,0,0,,218,
1644418053,B11,1,0,,218,0,0,,218,
1644418053,cn12,1,0,,218,0,0,,218,
1644418053,B54,1,1,job107_scenario0_204,218,0,0,,218,
1644418053,B51,1,0,,218,0,0,,218,
1644418053,os4,1,0,,218,0,0,,218,
1644418054,in4,1,0,,218,0,0,,218,
1644418054,B33,1,0,,218,0,0,,218,
1644418054,in27,1,0,,219,0,0,,219,
1644418054,B14,1,0,,219,0,0,,219,
1644418054,B11,1,0,,219,0,0,,219,
1644418054,cn12,1,0,,219,0,0,,219,
1644418054,B54,1,1,job107_scenario0_204,219,0,0,,219,
1644418054,B51,1,0,,219,0,0,,219,
1644418054,os4,1,0,,219,0,0,,219,
1644418054,in4,1,0,,219,0,0,,219,
1644418054,B33,1,0,,219,0,0,,219,
1644418054,in27,1,0,,220,0,0,,220,
1644418054,B14,1,0,,220,0,0,,220,
1644418054,B11,1,0,,220,0,0,,220,
1644418054,cn12,1,0,,220,0,0,,220,
1644418054,B54,1,0,,220,0,0,,220,
1644418054,B51,1,0,,220,0,0,,220,
1644418054,os4,1,0,,220,0,0,,220,
1644418054,in4,1,0,,220,0,0,,220,
1644418054,B33,1,0,,220,0,0,,220,
1644418054,in27,1,0,,221,0,0,,221,
1644418054,B14,1,0,,221,0,0,,221,
1644418054,B11,1,0,,221,0,0,,221,
1644418054,cn12,1,0,,221,0,0,,221,
1644418054,B54,1,0,,221,0,0,,221,
1644418054,B51,1,0,,221,0,0,,221,
1644418054,os4,1,0,,221,0,0,,221,
1644418054,in4,1,0,,221,0,0,,221,
1644418054,B33,1,0,,221,0,0,,221,
1644418054,in27,1,0,,222,0,0,,222,
1644418054,B14,1,0,,222,0,0,,222,
1644418054,B11,1,0,,222,0,0,,222,
1644418054,cn12,1,0,,222,0,0,,222,
1644418054,B54,1,0,,222,0,0,,222,
1644418054,B51,1,0,,222,0,0,,222,
1644418054,os4,1,0,,222,0,0,,222,
1644418054,in4,1,0,,222,0,0,,222,
1644418054,B33,1,0,,222,0,0,,222,
1644418054,in27,1,0,,223,0,0,,223,
1644418054,B14,1,0,,223,0,0,,223,
1644418054,B11,1,0,,223,0,0,,223,
1644418054,cn12,1,0,,223,0,0,,223,
1644418054,B54,1,0,,223,0,0,,223,
1644418054,B51,1,0,,223,0,0,,223,
1644418054,os4,1,0,,223,0,0,,223,
1644418054,in4,1,0,,223,0,0,,223,
1644418054,B33,1,0,,223,0,0,,223,
1644418054,in27,1,0,,224,0,0,,224,
1644418054,B14,1,0,,224,0,0,,224,
1644418054,B11,1,0,,224,0,0,,224,
1644418054,cn12,1,0,,224,0,0,,224,
1644418054,B54,1,0,,224,0,0,,224,
1644418054,B51,1,1,job113_scenario0_212,224,0,0,,224,
1644418054,os4,1,0,,224,0,0,,224,
1644418054,in4,1,0,,224,0,0,,224,
1644418054,B33,1,0,,224,0,0,,224,
1644418054,in27,1,0,,225,0,0,,225,
1644418054,B14,1,0,,225,0,0,,225,
1644418054,B11,1,0,,225,0,0,,225,
1644418054,cn12,1,0,,225,0,0,,225,
1644418054,B54,1,0,,225,0,0,,225,
1644418054,B51,1,1,job113_scenario0_212,225,0,0,,225,
1644418054,os4,1,0,,225,0,0,,225,
1644418054,in4,1,0,,225,0,0,,225,
1644418054,B33,1,0,,225,0,0,,225,
1644418054,in27,1,0,,226,0,0,,226,
1644418054,B14,1,0,,226,0,0,,226,
1644418054,B11,1,0,,226,0,0,,226,
1644418054,cn12,1,0,,226,0,0,,226,
1644418054,B54,1,0,,226,0,0,,226,
1644418054,B51,1,1,job113_scenario0_212,226,0,0,,226,
1644418054,os4,1,0,,226,0,0,,226,
1644418054,in4,1,0,,226,0,0,,226,
1644418054,B33,1,0,,226,0,0,,226,
1644418054,in27,1,0,,227,0,0,,227,
1644418054,B14,1,0,,227,0,0,,227,
1644418054,B11,1,0,,227,0,0,,227,
1644418054,cn12,1,0,,227,0,0,,227,
1644418054,B54,1,0,,227,0,0,,227,
1644418054,B51,1,1,job113_scenario0_212,227,0,0,,227,
1644418054,os4,1,0,,227,0,0,,227,
1644418054,in4,1,0,,227,0,0,,227,
1644418054,B33,1,0,,227,0,0,,227,
1644418054,in27,1,0,,228,0,0,,228,
1644418054,B14,1,0,,228,0,0,,228,
1644418054,B11,1,0,,228,0,0,,228,
1644418054,cn12,1,0,,228,0,0,,228,
1644418054,B54,1,0,,228,0,0,,228,
1644418054,B51,1,1,job113_scenario0_212,228,0,0,,228,
1644418054,os4,1,0,,228,0,0,,228,
1644418054,in4,1,0,,228,0,0,,228,
1644418054,B33,1,0,,228,0,0,,228,
1644418054,in27,1,0,,229,0,0,,229,
1644418054,B14,1,0,,229,0,0,,229,
1644418054,B11,1,0,,229,0,0,,229,
1644418054,cn12,1,0,,229,0,0,,229,
1644418054,B54,1,1,job106_scenario1_203,229,0,0,,229,
1644418054,B51,1,1,job113_scenario0_212,229,0,0,,229,
1644418054,os4,1,0,,229,0,0,,229,
1644418054,in4,1,0,,229,0,0,,229,
1644418054,B33,1,0,,229,0,0,,229,
1644418054,in27,1,0,,230,0,0,,230,
1644418054,B14,1,0,,230,0,0,,230,
1644418054,B11,1,0,,230,0,0,,230,
1644418054,cn12,1,0,,230,0,0,,230,
1644418054,B54,1,1,job106_scenario1_203,230,0,0,,230,
1644418054,B51,1,0,,230,0,0,,230,
1644418054,os4,1,0,,230,0,0,,230,
1644418054,in4,1,0,,230,0,0,,230,
1644418054,B33,1,0,,230,0,0,,230,
1644418054,in27,1,0,,231,0,0,,231,
1644418054,B14,1,0,,231,0,0,,231,
1644418054,B11,1,0,,231,0,0,,231,
1644418054,cn12,1,0,,231,0,0,,231,
1644418054,B54,1,1,job106_scenario1_203,231,0,0,,231,
1644418054,B51,1,1,job99_scenario0_190,231,0,0,,231,
1644418054,os4,1,0,,231,0,0,,231,
1644418054,in4,1,0,,231,0,0,,231,
1644418054,B33,1,0,,231,0,0,,231,
1644418054,in27,1,0,,232,0,0,,232,
1644418054,B14,1,0,,232,0,0,,232,
1644418054,B11,1,0,,232,0,0,,232,
1644418054,cn12,1,0,,232,0,0,,232,
1644418054,B54,1,1,job106_scenario1_203,232,0,0,,232,
1644418054,B51,1,1,job99_scenario0_190,232,0,0,,232,
1644418054,os4,1,0,,232,0,0,,232,
1644418054,in4,1,0,,232,0,0,,232,
1644418054,B33,1,0,,232,0,0,,232,
1644418054,in27,1,0,,233,0,0,,233,
1644418054,B14,1,0,,233,0,0,,233,
1644418054,B11,1,0,,233,0,0,,233,
1644418054,cn12,1,0,,233,0,0,,233,
1644418054,B54,1,1,job106_scenario1_203,233,0,0,,233,
1644418054,B51,1,1,job99_scenario0_190,233,0,0,,233,
1644418054,os4,1,1,job121_scenario4_227,233,0,0,,233,
1644418054,in4,1,0,,233,0,0,,233,
1644418054,B33,1,0,,233,0,0,,233,
1644418055,in27,1,0,,234,0,0,,234,
1644418055,B14,1,0,,234,0,0,,234,
1644418055,B11,1,0,,234,0,0,,234,
1644418055,cn12,1,0,,234,0,0,,234,
1644418055,B54,1,0,,234,0,0,,234,
1644418055,B51,1,0,,234,0,0,,234,
1644418055,os4,1,1,job121_scenario4_227,234,0,0,,234,
1644418055,in4,1,0,,234,0,0,,234,
1644418055,B33,1,0,,234,0,0,,234,
1644418055,in27,1,0,,235,0,0,,235,
1644418055,B14,1,0,,235,0,0,,235,
1644418055,B11,1,0,,235,0,0,,235,
1644418055,cn12,1,0,,235,0,0,,235,
1644418055,B54,1,0,,235,0,0,,235,
1644418055,B51,1,0,,235,0,0,,235,
1644418055,os4,1,1,job121_scenario4_227,235,0,0,,235,
1644418055,in4,1,0,,235,0,0,,235,
1644418055,B33,1,0,,235,0,0,,235,
1644418055,in27,1,0,,236,0,0,,236,
1644418055,B14,1,0,,236,0,0,,236,
1644418055,B11,1,0,,236,0,0,,236,
1644418055,cn12,1,0,,236,0,0,,236,
1644418055,B54,1,0,,236,0,0,,236,
1644418055,B51,1,0,,236,0,0,,236,
1644418055,os4,1,1,job121_scenario4_227,236,0,0,,236,
1644418055,in4,1,0,,236,0,0,,236,
1644418055,B33,1,0,,236,0,0,,236,
1644418055,in27,1,0,,237,0,0,,237,
1644418055,B14,1,0,,237,0,0,,237,
1644418055,B11,1,0,,237,0,0,,237,
1644418055,cn12,1,0,,237,0,0,,237,
1644418055,B54,1,0,,237,0,0,,237,
1644418055,B51,1,0,,237,0,0,,237,
1644418055,os4,1,1,job121_scenario4_227,237,0,0,,237,
1644418055,in4,1,0,,237,0,0,,237,
1644418055,B33,1,0,,237,0,0,,237,
1644418055,in27,1,0,,238,0,0,,238,
1644418055,B14,1,0,,238,0,0,,238,
1644418055,B11,1,0,,238,0,0,,238,
1644418055,cn12,1,0,,238,0,0,,238,
1644418055,B54,1,0,,238,0,0,,238,
1644418055,B51,1,1,job103_scenario0_199,238,0,0,,238,
1644418055,os4,1,1,job121_scenario4_227,238,0,0,,238,
1644418055,in4,1,0,,238,0,0,,238,
1644418055,B33,1,0,,238,0,0,,238,
1644418055,in27,1,0,,239,0,0,,239,
1644418055,B14,1,0,,239,0,0,,239,
1644418055,B11,1,0,,239,0,0,,239,
1644418055,cn12,1,0,,239,0,0,,239,
1644418055,B54,1,1,job102_scenario0_198,239,0,0,,239,
1644418055,B51,1,1,job103_scenario0_199,239,0,0,,239,
1644418055,os4,1,1,job121_scenario4_227,239,0,0,,239,
1644418055,in4,1,0,,239,0,0,,239,
1644418055,B33,1,0,,239,0,0,,239,
1644418055,in27,1,0,,240,0,0,,240,
1644418055,B14,1,0,,240,0,0,,240,
1644418055,B11,1,0,,240,0,0,,240,
1644418055,cn12,1,0,,240,0,0,,240,
1644418055,B54,1,1,job102_scenario0_198,240,0,0,,240,
1644418055,B51,1,1,job103_scenario0_199,240,0,0,,240,
1644418055,os4,1,0,,240,0,0,,240,
1644418055,in4,1,0,,240,0,0,,240,
1644418055,B33,1,0,,240,0,0,,240,
1644418055,in27,1,0,,241,0,0,,241,
1644418055,B14,1,0,,241,0,0,,241,
1644418055,B11,1,0,,241,0,0,,241,
1644418055,cn12,1,0,,241,0,0,,241,
1644418055,B54,1,1,job102_scenario0_198,241,0,0,,241,
1644418055,B51,1,1,job103_scenario0_199,241,0,0,,241,
1644418055,os4,1,0,,241,0,0,,241,
1644418055,in4,1,0,,241,0,0,,241,
1644418055,B33,1,0,,241,0,0,,241,
1644418055,in27,1,0,,242,0,0,,242,
1644418055,B14,1,0,,242,0,0,,242,
1644418055,B11,1,0,,242,0,0,,242,
1644418055,cn12,1,0,,242,0,0,,242,
1644418055,B54,1,0,,242,0,0,,242,
1644418055,B51,1,1,job103_scenario0_199,242,0,0,,242,
1644418055,os4,1,0,,242,0,0,,242,
1644418055,in4,1,0,,242,0,0,,242,
1644418055,B33,1,0,,242,0,0,,242,
1644418055,in27,1,0,,243,0,0,,243,
1644418055,B14,1,0,,243,0,0,,243,
1644418055,B11,1,0,,243,0,0,,243,
1644418055,cn12,1,0,,243,0,0,,243,
1644418055,B54,1,0,,243,0,0,,243,
1644418055,B51,1,1,job103_scenario0_199,243,0,0,,243,
1644418055,os4,1,0,,243,0,0,,243,
1644418055,in4,1,0,,243,0,0,,243,
1644418055,B33,1,0,,243,0,0,,243,
1644418055,in27,1,0,,244,0,0,,244,
1644418055,B14,1,0,,244,0,0,,244,
1644418055,B11,1,0,,244,0,0,,244,
1644418055,cn12,1,0,,244,0,0,,244,
1644418055,B54,1,0,,244,0,0,,244,
1644418055,B51,1,0,,244,0,0,,244,
1644418055,os4,1,0,,244,0,0,,244,
1644418055,in4,1,0,,244,0,0,,244,
1644418055,B33,1,0,,244,0,0,,244,
1644418055,in27,1,0,,245,0,0,,245,
1644418055,B14,1,0,,245,0,0,,245,
1644418055,B11,1,0,,245,0,0,,245,
1644418055,cn12,1,0,,245,0,0,,245,
1644418055,B54,1,0,,245,0,0,,245,
1644418055,B51,1,0,,245,0,0,,245,
1644418055,os4,1,0,,245,0,0,,245,
1644418055,in4,1,0,,245,0,0,,245,
1644418055,B33,1,0,,245,0,0,,245,
1644418055,in27,1,0,,246,0,0,,246,
1644418055,B14,1,0,,246,0,0,,246,
1644418055,B11,1,0,,246,0,0,,246,
1644418055,cn12,1,0,,246,0,0,,246,
1644418055,B54,1,0,,246,0,0,,246,
1644418055,B51,1,0,,246,0,0,,246,
1644418055,os4,1,0,,246,0,0,,246,
1644418055,in4,1,0,,246,0,0,,246,
1644418055,B33,1,0,,246,0,0,,246,
1644418055,in27,1,0,,247,0,0,,247,
1644418055,B14,1,0,,247,0,0,,247,
1644418055,B11,1,1,job126_scenario3_240,247,0,0,,247,
1644418055,cn12,1,0,,247,0,0,,247,
1644418055,B54,1,0,,247,0,0,,247,
1644418055,B51,1,0,,247,0,0,,247,
1644418055,os4,1,0,,247,0,0,,247,
1644418055,in4,1,0,,247,0,0,,247,
1644418055,B33,1,0,,247,0,0,,247,
1644418055,in27,1,0,,248,0,0,,248,
1644418055,B14,1,0,,248,0,0,,248,
1644418055,B11,1,1,job126_scenario3_240,248,0,0,,248,
1644418055,cn12,1,0,,248,0,0,,248,
1644418055,B54,1,1,job115_scenario1_217,248,0,0,,248,
1644418055,B51,1,0,,248,0,0,,248,
1644418055,os4,1,0,,248,0,0,,248,
1644418055,in4,1,0,,248,0,0,,248,
1644418055,B33,1,0,,248,0,0,,248,
1644418055,in27,1,0,,249,0,0,,249,
1644418055,B14,1,0,,249,0,0,,249,
1644418055,B11,1,1,job126_scenario3_240,249,0,0,,249,
1644418055,cn12,1,0,,249,0,0,,249,
1644418055,B54,1,1,job115_scenario1_217,249,0,0,,249,
1644418055,B51,1,0,,249,0,0,,249,
1644418055,os4,1,0,,249,0,0,,249,
1644418055,in4,1,0,,249,0,0,,249,
1644418055,B33,1,0,,249,0,0,,249,
1644418055,in27,1,0,,250,0,0,,250,
1644418055,B14,1,0,,250,0,0,,250,
1644418055,B11,1,0,,250,0,0,,250,
1644418056,cn12,1,0,,250,0,0,,250,
1644418056,B54,1,0,,250,0,0,,250,
1644418056,B51,1,0,,250,0,0,,250,
1644418056,os4,1,0,,250,0,0,,250,
1644418056,in4,1,0,,250,0,0,,250,
1644418056,B33,1,0,,250,0,0,,250,
1644418056,in27,1,0,,251,0,0,,251,
1644418056,B14,1,0,,251,0,0,,251,
1644418056,B11,1,0,,251,0,0,,251,
1644418056,cn12,1,0,,251,0,0,,251,
1644418056,B54,1,0,,251,0,0,,251,
1644418056,B51,1,0,,251,0,0,,251,
1644418056,os4,1,0,,251,0,0,,251,
1644418056,in4,1,0,,251,0,0,,251,
1644418056,B33,1,1,job128_scenario2_246,251,0,0,,251,
1644418056,in27,1,0,,252,0,0,,252,
1644418056,B14,1,0,,252,0,0,,252,
1644418056,B11,1,0,,252,0,0,,252,
1644418056,cn12,1,0,,252,0,0,,252,
1644418056,B54,1,0,,252,0,0,,252,
1644418056,B51,1,0,,252,0,0,,252,
1644418056,os4,1,0,,252,0,0,,252,
1644418056,in4,1,0,,252,0,0,,252,
1644418056,B33,1,0,,252,0,0,,252,
1644418056,in27,1,0,,253,0,0,,253,
1644418056,B14,1,0,,253,0,0,,253,
1644418056,B11,1,0,,253,0,0,,253,
1644418056,cn12,1,0,,253,0,0,,253,
1644418056,B54,1,0,,253,0,0,,253,
1644418056,B51,1,0,,253,0,0,,253,
1644418056,os4,1,0,,253,0,0,,253,
1644418056,in4,1,0,,253,0,0,,253,
1644418056,B33,1,1,job130_scenario2_248,253,0,0,,253,
1644418056,in27,1,0,,254,0,0,,254,
1644418056,B14,1,0,,254,0,0,,254,
1644418056,B11,1,0,,254,0,0,,254,
1644418056,cn12,1,0,,254,0,0,,254,
1644418056,B54,1,0,,254,0,0,,254,
1644418056,B51,1,0,,254,0,0,,254,
1644418056,os4,1,0,,254,0,0,,254,
1644418056,in4,1,0,,254,0,0,,254,
1644418056,B33,1,1,job130_scenario2_248,254,0,0,,254,
1644418056,in27,1,0,,255,0,0,,255,
1644418056,B14,1,0,,255,0,0,,255,
1644418056,B11,1,0,,255,0,0,,255,
1644418056,cn12,1,0,,255,0,0,,255,
1644418056,B54,1,0,,255,0,0,,255,
1644418056,B51,1,0,,255,0,0,,255,
1644418056,os4,1,0,,255,0,0,,255,
1644418056,in4,1,0,,255,0,0,,255,
1644418056,B33,1,1,job130_scenario2_248,255,0,0,,255,
1644418056,in27,1,0,,256,0,0,,256,
1644418056,B14,1,0,,256,0,0,,256,
1644418056,B11,1,0,,256,0,0,,256,
1644418056,cn12,1,0,,256,0,0,,256,
1644418056,B54,1,0,,256,0,0,,256,
1644418056,B51,1,0,,256,0,0,,256,
1644418056,os4,1,0,,256,0,0,,256,
1644418056,in4,1,0,,256,0,0,,256,
1644418056,B33,1,1,job130_scenario2_248,256,0,0,,256,
1644418056,in27,1,0,,257,0,0,,257,
1644418056,B14,1,0,,257,0,0,,257,
1644418056,B11,1,0,,257,0,0,,257,
1644418056,cn12,1,0,,257,0,0,,257,
1644418056,B54,1,0,,257,0,0,,257,
1644418056,B51,1,0,,257,0,0,,257,
1644418056,os4,1,0,,257,0,0,,257,
1644418056,in4,1,0,,257,0,0,,257,
1644418056,B33,1,1,job130_scenario2_248,257,0,0,,257,
1644418056,in27,1,0,,258,0,0,,258,
1644418056,B14,1,0,,258,0,0,,258,
1644418056,B11,1,0,,258,0,0,,258,
1644418056,cn12,1,0,,258,0,0,,258,
1644418056,B54,1,0,,258,0,0,,258,
1644418056,B51,1,0,,258,0,0,,258,
1644418056,os4,1,0,,258,0,0,,258,
1644418056,in4,1,0,,258,0,0,,258,
1644418056,B33,1,0,,258,0,0,,258,
1644418056,in27,1,0,,259,0,0,,259,
1644418056,B14,1,0,,259,0,0,,259,
1644418056,B11,1,0,,259,0,0,,259,
1644418056,cn12,1,0,,259,0,0,,259,
1644418056,B54,1,0,,259,0,0,,259,
1644418056,B51,1,0,,259,0,0,,259,
1644418056,os4,1,0,,259,0,0,,259,
1644418056,in4,1,0,,259,0,0,,259,
1644418056,B33,1,0,,259,0,0,,259,
1644418056,in27,1,0,,260,0,0,,260,
1644418056,B14,1,0,,260,0,0,,260,
1644418056,B11,1,0,,260,0,0,,260,
1644418056,cn12,1,0,,260,0,0,,260,
1644418056,B54,1,0,,260,0,0,,260,
1644418056,B51,1,0,,260,0,0,,260,
1644418056,os4,1,0,,260,0,0,,260,
1644418056,in4,1,0,,260,0,0,,260,
1644418056,B33,1,0,,260,0,0,,260,
1644418056,in27,1,0,,261,0,0,,261,
1644418056,B14,1,0,,261,0,0,,261,
1644418056,B11,1,0,,261,0,0,,261,
1644418056,cn12,1,0,,261,0,0,,261,
1644418056,B54,1,1,job125_scenario1_239,261,0,0,,261,
1644418056,B51,1,0,,261,0,0,,261,
1644418056,os4,1,0,,261,0,0,,261,
1644418056,in4,1,0,,261,0,0,,261,
1644418056,B33,1,0,,261,0,0,,261,
1644418056,in27,1,0,,262,0,0,,262,
1644418056,B14,1,0,,262,0,0,,262,
1644418056,B11,1,0,,262,0,0,,262,
1644418056,cn12,1,0,,262,0,0,,262,
1644418056,B54,1,1,job125_scenario1_239,262,0,0,,262,
1644418056,B51,1,0,,262,0,0,,262,
1644418056,os4,1,0,,262,0,0,,262,
1644418056,in4,1,0,,262,0,0,,262,
1644418056,B33,1,0,,262,0,0,,262,
1644418056,in27,1,0,,263,0,0,,263,
1644418056,B14,1,0,,263,0,0,,263,
1644418056,B11,1,0,,263,0,0,,263,
1644418056,cn12,1,0,,263,0,0,,263,
1644418056,B54,1,1,job125_scenario1_239,263,0,0,,263,
1644418056,B51,1,0,,263,0,0,,263,
1644418056,os4,1,0,,263,0,0,,263,
1644418056,in4,1,0,,263,0,0,,263,
1644418056,B33,1,0,,263,0,0,,263,
1644418056,in27,1,0,,264,0,0,,264,
1644418056,B14,1,0,,264,0,0,,264,
1644418056,B11,1,0,,264,0,0,,264,
1644418056,cn12,1,0,,264,0,0,,264,
1644418056,B54,1,1,job125_scenario1_239,264,0,0,,264,
1644418056,B51,1,1,job132_scenario0_251,264,0,0,,264,
1644418056,os4,1,0,,264,0,0,,264,
1644418056,in4,1,0,,264,0,0,,264,
1644418056,B33,1,1,job135_scenario2_259,264,0,0,,264,
1644418056,in27,1,0,,265,0,0,,265,
1644418056,B14,1,0,,265,0,0,,265,
1644418056,B11,1,0,,265,0,0,,265,
1644418056,cn12,1,0,,265,0,0,,265,
1644418056,B54,1,0,,265,0,0,,265,
1644418056,B51,1,1,job132_scenario0_251,265,0,0,,265,
1644418056,os4,1,0,,265,0,0,,265,
1644418056,in4,1,0,,265,0,0,,265,
1644418056,B33,1,1,job135_scenario2_259,265,0,0,,265,
1644418056,in27,1,0,,266,0,0,,266,
1644418056,B14,1,0,,266,0,0,,266,
1644418056,B11,1,0,,266,0,0,,266,
1644418056,cn12,1,0,,266,0,0,,266,
1644418056,B54,1,0,,266,0,0,,266,
1644418056,B51,1,1,job132_scenario0_251,266,0,0,,266,
1644418056,os4,1,0,,266,0,0,,266,
1644418056,in4,1,0,,266,0,0,,266,
1644418056,B33,1,0,,266,0,0,,266,
1644418056,in27,1,0,,267,0,0,,267,
1644418056,B14,1,0,,267,0,0,,267,
1644418056,B11,1,0,,267,0,0,,267,
1644418056,cn12,1,0,,267,0,0,,267,
1644418056,B54,1,0,,267,0,0,,267,
1644418056,B51,1,1,job132_scenario0_251,267,0,0,,267,
1644418057,os4,1,0,,267,0,0,,267,
1644418057,in4,1,0,,267,0,0,,267,
1644418057,B33,1,0,,267,0,0,,267,
1644418057,in27,1,0,,268,0,0,,268,
1644418057,B14,1,0,,268,0,0,,268,
1644418057,B11,1,0,,268,0,0,,268,
1644418057,cn12,1,0,,268,0,0,,268,
1644418057,B54,1,0,,268,0,0,,268,
1644418057,B51,1,1,job132_scenario0_251,268,0,0,,268,
1644418057,os4,1,0,,268,0,0,,268,
1644418057,in4,1,0,,268,0,0,,268,
1644418057,B33,1,0,,268,0,0,,268,
1644418057,in27,1,0,,269,0,0,,269,
1644418057,B14,1,0,,269,0,0,,269,
1644418057,B11,1,0,,269,0,0,,269,
1644418057,cn12,1,0,,269,0,0,,269,
1644418057,B54,1,0,,269,0,0,,269,
1644418057,B51,1,1,job132_scenario0_251,269,0,0,,269,
1644418057,os4,1,0,,269,0,0,,269,
1644418057,in4,1,0,,269,0,0,,269,
1644418057,B33,1,0,,269,0,0,,269,
1644418057,in27,1,0,,270,0,0,,270,
1644418057,B14,1,0,,270,0,0,,270,
1644418057,B11,1,0,,270,0,0,,270,
1644418057,cn12,1,0,,270,0,0,,270,
1644418057,B54,1,0,,270,0,0,,270,
1644418057,B51,1,1,job132_scenario0_251,270,0,0,,270,
1644418057,os4,1,0,,270,0,0,,270,
1644418057,in4,1,0,,270,0,0,,270,
1644418057,B33,1,0,,270,0,0,,270,
1644418057,in27,1,0,,271,0,0,,271,
1644418057,B14,1,0,,271,0,0,,271,
1644418057,B11,1,0,,271,0,0,,271,
1644418057,cn12,1,0,,271,0,0,,271,
1644418057,B54,1,0,,271,0,0,,271,
1644418057,B51,1,1,job132_scenario0_251,271,0,0,,271,
1644418057,os4,1,0,,271,0,0,,271,
1644418057,in4,1,0,,271,0,0,,271,
1644418057,B33,1,0,,271,0,0,,271,
1644418057,in27,1,0,,272,0,0,,272,
1644418057,B14,1,0,,272,0,0,,272,
1644418057,B11,1,0,,272,0,0,,272,
1644418057,cn12,1,0,,272,0,0,,272,
1644418057,B54,1,0,,272,0,0,,272,
1644418057,B51,1,1,job132_scenario0_251,272,0,0,,272,
1644418057,os4,1,0,,272,0,0,,272,
1644418057,in4,1,0,,272,0,0,,272,
1644418057,B33,1,1,job138_scenario2_267,272,0,0,,272,
1644418057,in27,1,0,,273,0,0,,273,
1644418057,B14,1,0,,273,0,0,,273,
1644418057,B11,1,0,,273,0,0,,273,
1644418057,cn12,1,0,,273,0,0,,273,
1644418057,B54,1,1,job124_scenario1_238,273,0,0,,273,
1644418057,B51,1,1,job132_scenario0_251,273,0,0,,273,
1644418057,os4,1,0,,273,0,0,,273,
1644418057,in4,1,0,,273,0,0,,273,
1644418057,B33,1,1,job138_scenario2_267,273,0,0,,273,
1644418057,in27,1,0,,274,0,0,,274,
1644418057,B14,1,0,,274,0,0,,274,
1644418057,B11,1,0,,274,0,0,,274,
1644418057,cn12,1,0,,274,0,0,,274,
1644418057,B54,1,1,job124_scenario1_238,274,0,0,,274,
1644418057,B51,1,1,job132_scenario0_251,274,0,0,,274,
1644418057,os4,1,0,,274,0,0,,274,
1644418057,in4,1,0,,274,0,0,,274,
1644418057,B33,1,0,,274,0,0,,274,
1644418057,in27,1,0,,275,0,0,,275,
1644418057,B14,1,0,,275,0,0,,275,
1644418057,B11,1,0,,275,0,0,,275,
1644418057,cn12,1,0,,275,0,0,,275,
1644418057,B54,1,1,job124_scenario1_238,275,0,0,,275,
1644418057,B51,1,1,job132_scenario0_251,275,0,0,,275,
1644418057,os4,1,0,,275,0,0,,275,
1644418057,in4,1,0,,275,0,0,,275,
1644418057,B33,1,0,,275,0,0,,275,
1644418057,in27,1,0,,276,0,0,,276,
1644418057,B14,1,0,,276,0,0,,276,
1644418057,B11,1,1,job140_scenario3_269,276,0,0,,276,
1644418057,cn12,1,0,,276,0,0,,276,
1644418057,B54,1,1,job124_scenario1_238,276,0,0,,276,
1644418057,B51,1,1,job132_scenario0_251,276,0,0,,276,
1644418057,os4,1,0,,276,0,0,,276,
1644418057,in4,1,0,,276,0,0,,276,
1644418057,B33,1,0,,276,0,0,,276,
1644418057,in27,1,0,,277,0,0,,277,
1644418057,B14,1,0,,277,0,0,,277,
1644418057,B11,1,1,job140_scenario3_269,277,0,0,,277,
1644418057,cn12,1,0,,277,0,0,,277,
1644418057,B54,1,1,job124_scenario1_238,277,0,0,,277,
1644418057,B51,1,1,job132_scenario0_251,277,0,0,,277,
1644418057,os4,1,0,,277,0,0,,277,
1644418057,in4,1,0,,277,0,0,,277,
1644418057,B33,1,0,,277,0,0,,277,
1644418057,in27,1,0,,278,0,0,,278,
1644418057,B14,1,0,,278,0,0,,278,
1644418057,B11,1,1,job140_scenario3_269,278,0,0,,278,
1644418057,cn12,1,0,,278,0,0,,278,
1644418057,B54,1,1,job124_scenario1_238,278,0,0,,278,
1644418057,B51,1,1,job132_scenario0_251,278,0,0,,278,
1644418057,os4,1,0,,278,0,0,,278,
1644418057,in4,1,0,,278,0,0,,278,
1644418057,B33,1,0,,278,0,0,,278,
1644418057,in27,1,0,,279,0,0,,279,
1644418057,B14,1,0,,279,0,0,,279,
1644418057,B11,1,0,,279,0,0,,279,
1644418057,cn12,1,0,,279,0,0,,279,
1644418057,B54,1,0,,279,0,0,,279,
1644418057,B51,1,0,,279,0,0,,279,
1644418057,os4,1,0,,279,0,0,,279,
1644418057,in4,1,0,,279,0,0,,279,
1644418057,B33,1,0,,279,0,0,,279,
1644418057,in27,1,0,,280,0,0,,280,
1644418057,B14,1,0,,280,0,0,,280,
1644418057,B11,1,0,,280,0,0,,280,
1644418057,cn12,1,0,,280,0,0,,280,
1644418057,B54,1,0,,280,0,0,,280,
1644418057,B51,1,0,,280,0,0,,280,
1644418057,os4,1,0,,280,0,0,,280,
1644418057,in4,1,0,,280,0,0,,280,
1644418057,B33,1,0,,280,0,0,,280,
1644418057,in27,1,0,,281,0,0,,281,
1644418057,B14,1,1,job134_scenario1_256,281,0,0,,281,
1644418057,B11,1,0,,281,0,0,,281,
1644418057,cn12,1,0,,281,0,0,,281,
1644418057,B54,1,0,,281,0,0,,281,
1644418057,B51,1,0,,281,0,0,,281,
1644418057,os4,1,0,,281,0,0,,281,
1644418057,in4,1,0,,281,0,0,,281,
1644418057,B33,1,0,,281,0,0,,281,
1644418057,in27,1,0,,282,0,0,,282,
1644418057,B14,1,1,job134_scenario1_256,282,0,0,,282,
1644418057,B11,1,0,,282,0,0,,282,
1644418057,cn12,1,0,,282,0,0,,282,
1644418057,B54,1,0,,282,0,0,,282,
1644418057,B51,1,0,,282,0,0,,282,
1644418057,os4,1,0,,282,0,0,,282,
1644418057,in4,1,0,,282,0,0,,282,
1644418057,B33,1,0,,282,0,0,,282,
1644418057,in27,1,0,,283,0,0,,283,
1644418057,B14,1,1,job134_scenario1_256,283,0,0,,283,
1644418057,B11,1,0,,283,0,0,,283,
1644418057,cn12,1,0,,283,0,0,,283,
1644418057,B54,1,0,,283,0,0,,283,
1644418057,B51,1,0,,283,0,0,,283,
1644418057,os4,1,0,,283,0,0,,283,
1644418057,in4,1,0,,283,0,0,,283,
1644418057,B33,1,0,,283,0,0,,283,
1644418057,in27,1,0,,284,0,0,,284,
1644418057,B14,1,1,job134_scenario1_256,284,0,0,,284,
1644418057,B11,1,0,,284,0,0,,284,
1644418057,cn12,1,0,,284,0,0,,284,
1644418057,B54,1,0,,284,0,0,,284,
1644418057,B51,1,1,job136_scenario0_262,284,0,0,,284,
1644418057,os4,1,0,,284,0,0,,284,
1644418057,in4,1,0,,284,0,0,,284,
1644418057,B33,1,0,,284,0,0,,284,
1644418057,in27,1,0,,285,0,0,,285,
1644418057,B14,1,1,job134_scenario1_256,285,0,0,,285,
1644418057,B11,1,0,,285,0,0,,285,
1644418057,cn12,1,0,,285,0,0,,285,
1644418057,B54,1,0,,285,0,0,,285,
1644418057,B51,1,1,job136_scenario0_262,285,0,0,,285,
1644418057,os4,1,0,,285,0,0,,285,
1644418057,in4,1,0,,285,0,0,,285,
1644418057,B33,1,0,,285,0,0,,285,
1644418058,in27,1,0,,286,0,0,,286,
1644418058,B14,1,1,job134_scenario1_256,286,0,0,,286,
1644418058,B11,1,0,,286,0,0,,286,
1644418058,cn12,1,0,,286,0,0,,286,
1644418058,B54,1,0,,286,0,0,,286,
1644418058,B51,1,1,job136_scenario0_262,286,0,0,,286,
1644418058,os4,1,1,job146_scenario4_280,286,0,0,,286,
1644418058,in4,1,0,,286,0,0,,286,
1644418058,B33,1,0,,286,0,0,,286,
1644418058,in27,1,0,,287,0,0,,287,
1644418058,B14,1,1,job134_scenario1_256,287,0,0,,287,
1644418058,B11,1,0,,287,0,0,,287,
1644418058,cn12,1,0,,287,0,0,,287,
1644418058,B54,1,0,,287,0,0,,287,
1644418058,B51,1,1,job136_scenario0_262,287,0,0,,287,
1644418058,os4,1,1,job146_scenario4_280,287,0,0,,287,
1644418058,in4,1,0,,287,0,0,,287,
1644418058,B33,1,0,,287,0,0,,287,
1644418058,in27,1,0,,288,0,0,,288,
1644418058,B14,1,0,,288,0,0,,288,
1644418058,B11,1,0,,288,0,0,,288,
1644418058,cn12,1,0,,288,0,0,,288,
1644418058,B54,1,1,job131_scenario0_249,288,0,0,,288,
1644418058,B51,1,1,job136_scenario0_262,288,0,0,,288,
1644418058,os4,1,0,,288,0,0,,288,
1644418058,in4,1,0,,288,0,0,,288,
1644418058,B33,1,1,job133_scenario2_254,288,0,0,,288,
1644418058,in27,1,0,,289,0,0,,289,
1644418058,B14,1,0,,289,0,0,,289,
1644418058,B11,1,0,,289,0,0,,289,
1644418058,cn12,1,0,,289,0,0,,289,
1644418058,B54,1,1,job131_scenario0_249,289,0,0,,289,
1644418058,B51,1,1,job136_scenario0_262,289,0,0,,289,
1644418058,os4,1,0,,289,0,0,,289,
1644418058,in4,1,0,,289,0,0,,289,
1644418058,B33,1,1,job133_scenario2_254,289,0,0,,289,
1644418058,in27,1,0,,290,0,0,,290,
1644418058,B14,1,0,,290,0,0,,290,
1644418058,B11,1,0,,290,0,0,,290,
1644418058,cn12,1,0,,290,0,0,,290,
1644418058,B54,1,1,job131_scenario0_249,290,0,0,,290,
1644418058,B51,1,1,job136_scenario0_262,290,0,0,,290,
1644418058,os4,1,0,,290,0,0,,290,
1644418058,in4,1,0,,290,0,0,,290,
1644418058,B33,1,1,job133_scenario2_254,290,0,0,,290,
1644418058,in27,1,0,,291,0,0,,291,
1644418058,B14,1,0,,291,0,0,,291,
1644418058,B11,1,0,,291,0,0,,291,
1644418058,cn12,1,0,,291,0,0,,291,
1644418058,B54,1,1,job131_scenario0_249,291,0,0,,291,
1644418058,B51,1,1,job136_scenario0_262,291,0,0,,291,
1644418058,os4,1,0,,291,0,0,,291,
1644418058,in4,1,0,,291,0,0,,291,
1644418058,B33,1,0,,291,0,0,,291,
1644418058,in27,1,0,,292,0,0,,292,
1644418058,B14,1,0,,292,0,0,,292,
1644418058,B11,1,0,,292,0,0,,292,
1644418058,cn12,1,0,,292,0,0,,292,
1644418058,B54,1,1,job131_scenario0_249,292,0,0,,292,
1644418058,B51,1,1,job136_scenario0_262,292,0,0,,292,
1644418058,os4,1,0,,292,0,0,,292,
1644418058,in4,1,0,,292,0,0,,292,
1644418058,B33,1,0,,292,0,0,,292,
1644418058,in27,1,0,,293,0,0,,293,
1644418058,B14,1,0,,293,0,0,,293,
1644418058,B11,1,0,,293,0,0,,293,
1644418058,cn12,1,0,,293,0,0,,293,
1644418058,B54,1,1,job131_scenario0_249,293,0,0,,293,
1644418058,B51,1,1,job136_scenario0_262,293,0,0,,293,
1644418058,os4,1,0,,293,0,0,,293,
1644418058,in4,1,0,,293,0,0,,293,
1644418058,B33,1,0,,293,0,0,,293,
1644418058,in27,1,0,,294,0,0,,294,
1644418058,B14,1,0,,294,0,0,,294,
1644418058,B11,1,0,,294,0,0,,294,
1644418058,cn12,1,0,,294,0,0,,294,
1644418058,B54,1,1,job131_scenario0_249,294,0,0,,294,
1644418058,B51,1,1,job136_scenario0_262,294,0,0,,294,
1644418058,os4,1,0,,294,0,0,,294,
1644418058,in4,1,0,,294,0,0,,294,
1644418058,B33,1,0,,294,0,0,,294,
1644418058,in27,1,0,,295,0,0,,295,
1644418058,B14,1,0,,295,0,0,,295,
1644418058,B11,1,0,,295,0,0,,295,
1644418058,cn12,1,0,,295,0,0,,295,
1644418058,B54,1,1,job131_scenario0_249,295,0,0,,295,
1644418058,B51,1,1,job136_scenario0_262,295,0,0,,295,
1644418058,os4,1,0,,295,0,0,,295,
1644418058,in4,1,0,,295,0,0,,295,
1644418058,B33,1,0,,295,0,0,,295,
1644418058,in27,1,0,,296,0,0,,296,
1644418058,B14,1,0,,296,0,0,,296,
1644418058,B11,1,0,,296,0,0,,296,
1644418058,cn12,1,0,,296,0,0,,296,
1644418058,B54,1,1,job131_scenario0_249,296,0,0,,296,
1644418058,B51,1,1,job136_scenario0_262,296,0,0,,296,
1644418058,os4,1,0,,296,0,0,,296,
1644418058,in4,1,0,,296,0,0,,296,
1644418058,B33,1,0,,296,0,0,,296,
1644418058,in27,1,0,,297,0,0,,297,
1644418058,B14,1,0,,297,0,0,,297,
1644418058,B11,1,0,,297,0,0,,297,
1644418058,cn12,1,0,,297,0,0,,297,
1644418058,B54,1,1,job131_scenario0_249,297,0,0,,297,
1644418058,B51,1,1,job136_scenario0_262,297,0,0,,297,
1644418058,os4,1,0,,297,0,0,,297,
1644418058,in4,1,0,,297,0,0,,297,
1644418058,B33,1,0,,297,0,0,,297,
1644418058,in27,1,0,,298,0,0,,298,
1644418058,B14,1,0,,298,0,0,,298,
1644418058,B11,1,0,,298,0,0,,298,
1644418058,cn12,1,0,,298,0,0,,298,
1644418058,B54,1,1,job131_scenario0_249,298,0,0,,298,
1644418058,B51,1,1,job136_scenario0_262,298,0,0,,298,
1644418058,os4,1,0,,298,0,0,,298,
1644418058,in4,1,0,,298,0,0,,298,
1644418058,B33,1,0,,298,0,0,,298,
1644418058,in27,1,0,,299,0,0,,299,
1644418058,B14,1,0,,299,0,0,,299,
1644418058,B11,1,0,,299,0,0,,299,
1644418058,cn12,1,0,,299,0,0,,299,
1644418058,B54,1,1,job131_scenario0_249,299,0,0,,299,
1644418058,B51,1,0,,299,0,0,,299,
1644418058,os4,1,0,,299,0,0,,299,
1644418058,in4,1,0,,299,0,0,,299,
1644418058,B33,1,0,,299,0,0,,299,
1644418058,in27,1,0,,300,0,0,,300,
1644418058,B14,1,0,,300,0,0,,300,
1644418058,B11,1,0,,300,0,0,,300,
1644418058,cn12,1,0,,300,0,0,,300,
1644418058,B54,1,1,job131_scenario0_249,300,0,0,,300,
1644418058,B51,1,0,,300,0,0,,300,
1644418058,os4,1,0,,300,0,0,,300,
1644418058,in4,1,0,,300,0,0,,300,
1644418058,B33,1,0,,300,0,0,,300,
1644418058,in27,1,0,,301,0,0,,301,
1644418058,B14,1,0,,301,0,0,,301,
1644418058,B11,1,0,,301,0,0,,301,
1644418058,cn12,1,0,,301,0,0,,301,
1644418058,B54,1,1,job131_scenario0_249,301,0,0,,301,
1644418058,B51,1,0,,301,0,0,,301,
1644418058,os4,1,0,,301,0,0,,301,
1644418058,in4,1,0,,301,0,0,,301,
1644418058,B33,1,0,,301,0,0,,301,
1644418059,in27,1,0,,302,0,0,,302,
1644418059,B14,1,0,,302,0,0,,302,
1644418059,B11,1,0,,302,0,0,,302,
1644418059,cn12,1,0,,302,0,0,,302,
1644418059,B54,1,1,job131_scenario0_249,302,0,0,,302,
1644418059,B51,1,0,,302,0,0,,302,
1644418059,os4,1,0,,302,0,0,,302,
1644418059,in4,1,0,,302,0,0,,302,
1644418059,B33,1,0,,302,0,0,,302,
1644418059,in27,1,0,,303,0,0,,303,
1644418059,B14,1,0,,303,0,0,,303,
1644418059,B11,1,0,,303,0,0,,303,
1644418059,cn12,1,0,,303,0,0,,303,
1644418059,B54,1,0,,303,0,0,,303,
1644418059,B51,1,0,,303,0,0,,303,
1644418059,os4,1,0,,303,0,0,,303,
1644418059,in4,1,0,,303,0,0,,303,
1644418059,B33,1,0,,303,0,0,,303,
1644418059,in27,1,0,,304,0,0,,304,
1644418059,B14,1,0,,304,0,0,,304,
1644418059,B11,1,0,,304,0,0,,304,
1644418059,cn12,1,0,,304,0,0,,304,
1644418059,B54,1,0,,304,0,0,,304,
1644418059,B51,1,0,,304,0,0,,304,
1644418059,os4,1,0,,304,0,0,,304,
1644418059,in4,1,0,,304,0,0,,304,
1644418059,B33,1,0,,304,0,0,,304,
1644418059,in27,1,0,,305,0,0,,305,
1644418059,B14,1,0,,305,0,0,,305,
1644418059,B11,1,0,,305,0,0,,305,
1644418059,cn12,1,0,,305,0,0,,305,
1644418059,B54,1,0,,305,0,0,,305,
1644418059,B51,1,0,,305,0,0,,305,
1644418059,os4,1,0,,305,0,0,,305,
1644418059,in4,1,0,,305,0,0,,305,
1644418059,B33,1,0,,305,0,0,,305,
1644418059,in27,1,0,,306,0,0,,306,
1644418059,B14,1,1,job158_scenario1_305,306,0,0,,306,
1644418059,B11,1,0,,306,0,0,,306,
1644418059,cn12,1,0,,306,0,0,,306,
1644418059,B54,1,0,,306,0,0,,306,
1644418059,B51,1,0,,306,0,0,,306,
1644418059,os4,1,0,,306,0,0,,306,
1644418059,in4,1,0,,306,0,0,,306,
1644418059,B33,1,0,,306,0,0,,306,
1644418059,in27,1,0,,307,0,0,,307,
1644418059,B14,1,1,job158_scenario1_305,307,0,0,,307,
1644418059,B11,1,0,,307,0,0,,307,
1644418059,cn12,1,0,,307,0,0,,307,
1644418059,B54,1,0,,307,0,0,,307,
1644418059,B51,1,0,,307,0,0,,307,
1644418059,os4,1,0,,307,0,0,,307,
1644418059,in4,1,0,,307,0,0,,307,
1644418059,B33,1,0,,307,0,0,,307,
1644418059,in27,1,0,,308,0,0,,308,
1644418059,B14,1,1,job158_scenario1_305,308,0,0,,308,
1644418059,B11,1,0,,308,0,0,,308,
1644418059,cn12,1,0,,308,0,0,,308,
1644418059,B54,1,0,,308,0,0,,308,
1644418059,B51,1,0,,308,0,0,,308,
1644418059,os4,1,0,,308,0,0,,308,
1644418059,in4,1,0,,308,0,0,,308,
1644418059,B33,1,0,,308,0,0,,308,
1644418059,in27,1,0,,309,0,0,,309,
1644418059,B14,1,1,job158_scenario1_305,309,0,0,,309,
1644418059,B11,1,0,,309,0,0,,309,
1644418059,cn12,1,0,,309,0,0,,309,
1644418059,B54,1,0,,309,0,0,,309,
1644418059,B51,1,0,,309,0,0,,309,
1644418059,os4,1,0,,309,0,0,,309,
1644418059,in4,1,0,,309,0,0,,309,
1644418059,B33,1,0,,309,0,0,,309,
1644418059,in27,1,0,,310,0,0,,310,
1644418059,B14,1,0,,310,0,0,,310,
1644418059,B11,1,0,,310,0,0,,310,
1644418059,cn12,1,0,,310,0,0,,310,
1644418059,B54,1,0,,310,0,0,,310,
1644418059,B51,1,0,,310,0,0,,310,
1644418059,os4,1,0,,310,0,0,,310,
1644418059,in4,1,0,,310,0,0,,310,
1644418059,B33,1,0,,310,0,0,,310,
1644418059,in27,1,0,,311,0,0,,311,
1644418059,B14,1,0,,311,0,0,,311,
1644418059,B11,1,0,,311,0,0,,311,
1644418059,cn12,1,0,,311,0,0,,311,
1644418059,B54,1,0,,311,0,0,,311,
1644418059,B51,1,0,,311,0,0,,311,
1644418059,os4,1,0,,311,0,0,,311,
1644418059,in4,1,0,,311,0,0,,311,
1644418059,B33,1,0,,311,0,0,,311,
1644418059,in27,1,0,,312,0,0,,312,
1644418059,B14,1,0,,312,0,0,,312,
1644418059,B11,1,0,,312,0,0,,312,
1644418059,cn12,1,0,,312,0,0,,312,
1644418059,B54,1,0,,312,0,0,,312,
1644418059,B51,1,0,,312,0,0,,312,
1644418059,os4,1,0,,312,0,0,,312,
1644418059,in4,1,0,,312,0,0,,312,
1644418059,B33,1,0,,312,0,0,,312,
1644418059,in27,1,0,,313,0,0,,313,
1644418059,B14,1,0,,313,0,0,,313,
1644418059,B11,1,0,,313,0,0,,313,
1644418059,cn12,1,0,,313,0,0,,313,
1644418059,B54,1,0,,313,0,0,,313,
1644418059,B51,1,0,,313,0,0,,313,
1644418059,os4,1,0,,313,0,0,,313,
1644418059,in4,1,0,,313,0,0,,313,
1644418059,B33,1,0,,313,0,0,,313,
1644418059,in27,1,0,,314,0,0,,314,
1644418059,B14,1,0,,314,0,0,,314,
1644418059,B11,1,0,,314,0,0,,314,
1644418059,cn12,1,0,,314,0,0,,314,
1644418059,B54,1,0,,314,0,0,,314,
1644418059,B51,1,1,job142_scenario0_273,314,0,0,,314,
1644418059,os4,1,0,,314,0,0,,314,
1644418059,in4,1,0,,314,0,0,,314,
1644418059,B33,1,0,,314,0,0,,314,
1644418059,in27,1,0,,315,0,0,,315,
1644418059,B14,1,0,,315,0,0,,315,
1644418059,B11,1,0,,315,0,0,,315,
1644418059,cn12,1,0,,315,0,0,,315,
1644418059,B54,1,0,,315,0,0,,315,
1644418059,B51,1,1,job142_scenario0_273,315,0,0,,315,
1644418059,os4,1,0,,315,0,0,,315,
1644418059,in4,1,0,,315,0,0,,315,
1644418059,B33,1,0,,315,0,0,,315,
1644418059,in27,1,0,,316,0,0,,316,
1644418059,B14,1,1,job145_scenario1_279,316,0,0,,316,
1644418059,B11,1,0,,316,0,0,,316,
1644418059,cn12,1,0,,316,0,0,,316,
1644418059,B54,1,0,,316,0,0,,316,
1644418059,B51,1,1,job142_scenario0_273,316,0,0,,316,
1644418059,os4,1,0,,316,0,0,,316,
1644418059,in4,1,0,,316,0,0,,316,
1644418059,B33,1,0,,316,0,0,,316,
1644418059,in27,1,0,,317,0,0,,317,
1644418059,B14,1,1,job145_scenario1_279,317,0,0,,317,
1644418059,B11,1,0,,317,0,0,,317,
1644418059,cn12,1,0,,317,0,0,,317,
1644418059,B54,1,0,,317,0,0,,317,
1644418059,B51,1,1,job142_scenario0_273,317,0,0,,317,
1644418059,os4,1,0,,317,0,0,,317,
1644418059,in4,1,0,,317,0,0,,317,
1644418059,B33,1,0,,317,0,0,,317,
1644418059,in27,1,0,,318,0,0,,318,
1644418059,B14,1,1,job145_scenario1_279,318,0,0,,318,
1644418059,B11,1,0,,318,0,0,,318,
1644418059,cn12,1,0,,318,0,0,,318,
1644418059,B54,1,0,,318,0,0,,318,
1644418059,B51,1,1,job142_scenario0_273,318,0,0,,318,
1644418059,os4,1,0,,318,0,0,,318,
1644418059,in4,1,0,,318,0,0,,318,
1644418059,B33,1,0,,318,0,0,,318,
1644418060,in27,1,0,,319,0,0,,319,
1644418060,B14,1,1,job145_scenario1_279,319,0,0,,319,
1644418060,B11,1,0,,319,0,0,,319,
1644418060,cn12,1,0,,319,0,0,,319,
1644418060,B54,1,0,,319,0,0,,319,
1644418060,B51,1,1,job142_scenario0_273,319,0,0,,319,
1644418060,os4,1,0,,319,0,0,,319,
1644418060,in4,1,0,,319,0,0,,319,
1644418060,B33,1,1,job144_scenario2_278,319,0,0,,319,
1644418060,in27,1,0,,320,0,0,,320,
1644418060,B14,1,1,job145_scenario1_279,320,0,0,,320,
1644418060,B11,1,0,,320,0,0,,320,
1644418060,cn12,1,0,,320,0,0,,320,
1644418060,B54,1,0,,320,0,0,,320,
1644418060,B51,1,1,job142_scenario0_273,320,0,0,,320,
1644418060,os4,1,0,,320,0,0,,320,
1644418060,in4,1,0,,320,0,0,,320,
1644418060,B33,1,1,job144_scenario2_278,320,0,0,,320,
1644418060,in27,1,0,,321,0,0,,321,
1644418060,B14,1,1,job145_scenario1_279,321,0,0,,321,
1644418060,B11,1,0,,321,0,0,,321,
1644418060,cn12,1,0,,321,0,0,,321,
1644418060,B54,1,0,,321,0,0,,321,
1644418060,B51,1,1,job142_scenario0_273,321,0,0,,321,
1644418060,os4,1,0,,321,0,0,,321,
1644418060,in4,1,0,,321,0,0,,321,
1644418060,B33,1,1,job144_scenario2_278,321,0,0,,321,
1644418060,in27,1,0,,322,0,0,,322,
1644418060,B14,1,1,job145_scenario1_279,322,0,0,,322,
1644418060,B11,1,0,,322,0,0,,322,
1644418060,cn12,1,0,,322,0,0,,322,
1644418060,B54,1,0,,322,0,0,,322,
1644418060,B51,1,1,job142_scenario0_273,322,0,0,,322,
1644418060,os4,1,1,job156_scenario4_303,322,0,0,,322,
1644418060,in4,1,0,,322,0,0,,322,
1644418060,B33,1,1,job144_scenario2_278,322,0,0,,322,
1644418060,in27,1,0,,323,0,0,,323,
1644418060,B14,1,0,,323,0,0,,323,
1644418060,B11,1,0,,323,0,0,,323,
1644418060,cn12,1,0,,323,0,0,,323,
1644418060,B54,1,0,,323,0,0,,323,
1644418060,B51,1,0,,323,0,0,,323,
1644418060,os4,1,1,job156_scenario4_303,323,0,0,,323,
1644418060,in4,1,0,,323,0,0,,323,
1644418060,B33,1,1,job144_scenario2_278,323,0,0,,323,
1644418060,in27,1,0,,324,0,0,,324,
1644418060,B14,1,0,,324,0,0,,324,
1644418060,B11,1,0,,324,0,0,,324,
1644418060,cn12,1,0,,324,0,0,,324,
1644418060,B54,1,0,,324,0,0,,324,
1644418060,B51,1,0,,324,0,0,,324,
1644418060,os4,1,1,job156_scenario4_303,324,0,0,,324,
1644418060,in4,1,0,,324,0,0,,324,
1644418060,B33,1,1,job144_scenario2_278,324,0,0,,324,
1644418060,in27,1,0,,325,0,0,,325,
1644418060,B14,1,0,,325,0,0,,325,
1644418060,B11,1,0,,325,0,0,,325,
1644418060,cn12,1,0,,325,0,0,,325,
1644418060,B54,1,0,,325,0,0,,325,
1644418060,B51,1,0,,325,0,0,,325,
1644418060,os4,1,1,job156_scenario4_303,325,0,0,,325,
1644418060,in4,1,0,,325,0,0,,325,
1644418060,B33,1,1,job144_scenario2_278,325,0,0,,325,
1644418060,in27,1,0,,326,0,0,,326,
1644418060,B14,1,0,,326,0,0,,326,
1644418060,B11,1,0,,326,0,0,,326,
1644418060,cn12,1,0,,326,0,0,,326,
1644418060,B54,1,0,,326,0,0,,326,
1644418060,B51,1,0,,326,0,0,,326,
1644418060,os4,1,1,job156_scenario4_303,326,0,0,,326,
1644418060,in4,1,0,,326,0,0,,326,
1644418060,B33,1,0,,326,0,0,,326,
1644418060,in27,1,0,,327,0,0,,327,
1644418060,B14,1,0,,327,0,0,,327,
1644418060,B11,1,0,,327,0,0,,327,
1644418060,cn12,1,0,,327,0,0,,327,
1644418060,B54,1,0,,327,0,0,,327,
1644418060,B51,1,0,,327,0,0,,327,
1644418060,os4,1,1,job156_scenario4_303,327,0,0,,327,
1644418060,in4,1,0,,327,0,0,,327,
1644418060,B33,1,0,,327,0,0,,327,
1644418060,in27,1,0,,328,0,0,,328,
1644418060,B14,1,0,,328,0,0,,328,
1644418060,B11,1,0,,328,0,0,,328,
1644418060,cn12,1,0,,328,0,0,,328,
1644418060,B54,1,0,,328,0,0,,328,
1644418060,B51,1,0,,328,0,0,,328,
1644418060,os4,1,1,job156_scenario4_303,328,0,0,,328,
1644418060,in4,1,0,,328,0,0,,328,
1644418060,B33,1,0,,328,0,0,,328,
1644418060,in27,1,0,,329,0,0,,329,
1644418060,B14,1,0,,329,0,0,,329,
1644418060,B11,1,0,,329,0,0,,329,
1644418060,cn12,1,0,,329,0,0,,329,
1644418060,B54,1,0,,329,0,0,,329,
1644418060,B51,1,0,,329,0,0,,329,
1644418060,os4,1,0,,329,0,0,,329,
1644418060,in4,1,0,,329,0,0,,329,
1644418060,B33,1,0,,329,0,0,,329,
1644418060,in27,1,0,,330,0,0,,330,
1644418060,B14,1,0,,330,0,0,,330,
1644418060,B11,1,0,,330,0,0,,330,
1644418060,cn12,1,0,,330,0,0,,330,
1644418060,B54,1,0,,330,0,0,,330,
1644418060,B51,1,0,,330,0,0,,330,
1644418060,os4,1,0,,330,0,0,,330,
1644418060,in4,1,0,,330,0,0,,330,
1644418060,B33,1,0,,330,0,0,,330,
1644418060,in27,1,0,,331,0,0,,331,
1644418060,B14,1,0,,331,0,0,,331,
1644418060,B11,1,1,job159_scenario3_306,331,0,0,,331,
1644418060,cn12,1,0,,331,0,0,,331,
1644418060,B54,1,0,,331,0,0,,331,
1644418060,B51,1,0,,331,0,0,,331,
1644418060,os4,1,0,,331,0,0,,331,
1644418060,in4,1,0,,331,0,0,,331,
1644418060,B33,1,0,,331,0,0,,331,
1644418060,in27,1,0,,332,0,0,,332,
1644418060,B14,1,0,,332,0,0,,332,
1644418060,B11,1,1,job159_scenario3_306,332,0,0,,332,
1644418060,cn12,1,0,,332,0,0,,332,
1644418060,B54,1,0,,332,0,0,,332,
1644418060,B51,1,0,,332,0,0,,332,
1644418060,os4,1,0,,332,0,0,,332,
1644418060,in4,1,0,,332,0,0,,332,
1644418060,B33,1,1,job174_scenario2_327,332,0,0,,332,
1644418060,in27,1,0,,333,0,0,,333,
1644418060,B14,1,0,,333,0,0,,333,
1644418060,B11,1,1,job159_scenario3_306,333,0,0,,333,
1644418060,cn12,1,0,,333,0,0,,333,
1644418060,B54,1,0,,333,0,0,,333,
1644418060,B51,1,0,,333,0,0,,333,
1644418060,os4,1,0,,333,0,0,,333,
1644418060,in4,1,0,,333,0,0,,333,
1644418060,B33,1,1,job174_scenario2_327,333,0,0,,333,
1644418060,in27,1,0,,334,0,0,,334,
1644418060,B14,1,0,,334,0,0,,334,
1644418060,B11,1,0,,334,0,0,,334,
1644418060,cn12,1,0,,334,0,0,,334,
1644418060,B54,1,0,,334,0,0,,334,
1644418060,B51,1,1,job175_scenario0_329,334,0,0,,334,
1644418060,os4,1,0,,334,0,0,,334,
1644418060,in4,1,0,,334,0,0,,334,
1644418060,B33,1,1,job174_scenario2_327,334,0,0,,334,
1644418060,in27,1,0,,335,0,0,,335,
1644418060,B14,1,0,,335,0,0,,335,
1644418060,B11,1,0,,335,0,0,,335,
1644418060,cn12,1,0,,335,0,0,,335,
1644418060,B54,1,0,,335,0,0,,335,
1644418060,B51,1,1,job175_scenario0_329,335,0,0,,335,
1644418061,os4,1,0,,335,0,0,,335,
1644418061,in4,1,0,,335,0,0,,335,
1644418061,B33,1,0,,335,0,0,,335,
1644418061,in27,1,0,,336,0,0,,336,
1644418061,B14,1,0,,336,0,0,,336,
1644418061,B11,1,0,,336,0,0,,336,
1644418061,cn12,1,0,,336,0,0,,336,
1644418061,B54,1,0,,336,0,0,,336,
1644418061,B51,1,1,job175_scenario0_329,336,0,0,,336,
1644418061,os4,1,0,,336,0,0,,336,
1644418061,in4,1,0,,336,0,0,,336,
1644418061,B33,1,1,job180_scenario2_335,336,0,0,,336,
1644418061,in27,1,0,,337,0,0,,337,
1644418061,B14,1,0,,337,0,0,,337,
1644418061,B11,1,0,,337,0,0,,337,
1644418061,cn12,1,0,,337,0,0,,337,
1644418061,B54,1,0,,337,0,0,,337,
1644418061,B51,1,1,job175_scenario0_329,337,0,0,,337,
1644418061,os4,1,0,,337,0,0,,337,
1644418061,in4,1,0,,337,0,0,,337,
1644418061,B33,1,1,job180_scenario2_335,337,0,0,,337,
1644418061,in27,1,0,,338,0,0,,338,
1644418061,B14,1,0,,338,0,0,,338,
1644418061,B11,1,0,,338,0,0,,338,
1644418061,cn12,1,0,,338,0,0,,338,
1644418061,B54,1,0,,338,0,0,,338,
1644418061,B51,1,1,job175_scenario0_329,338,0,0,,338,
1644418061,os4,1,0,,338,0,0,,338,
1644418061,in4,1,0,,338,0,0,,338,
1644418061,B33,1,1,job180_scenario2_335,338,0,0,,338,
1644418061,in27,1,0,,339,0,0,,339,
1644418061,B14,1,1,job171_scenario1_322,339,0,0,,339,
1644418061,B11,1,0,,339,0,0,,339,
1644418061,cn12,1,0,,339,0,0,,339,
1644418061,B54,1,1,job178_scenario1_333,339,0,0,,339,
1644418061,B51,1,1,job175_scenario0_329,339,0,0,,339,
1644418061,os4,1,1,job166_scenario4_314,339,0,0,,339,
1644418061,in4,1,0,,339,0,0,,339,
1644418061,B33,1,1,job180_scenario2_335,339,0,0,,339,
1644418061,in27,1,0,,340,0,0,,340,
1644418061,B14,1,1,job171_scenario1_322,340,0,0,,340,
1644418061,B11,1,0,,340,0,0,,340,
1644418061,cn12,1,0,,340,0,0,,340,
1644418061,B54,1,1,job178_scenario1_333,340,0,0,,340,
1644418061,B51,1,1,job175_scenario0_329,340,0,0,,340,
1644418061,os4,1,1,job166_scenario4_314,340,0,0,,340,
1644418061,in4,1,0,,340,0,0,,340,
1644418061,B33,1,0,,340,0,0,,340,
1644418061,in27,1,0,,341,0,0,,341,
1644418061,B14,1,1,job171_scenario1_322,341,0,0,,341,
1644418061,B11,1,0,,341,0,0,,341,
1644418061,cn12,1,0,,341,0,0,,341,
1644418061,B54,1,1,job178_scenario1_333,341,0,0,,341,
1644418061,B51,1,1,job175_scenario0_329,341,0,0,,341,
1644418061,os4,1,1,job166_scenario4_314,341,0,0,,341,
1644418061,in4,1,0,,341,0,0,,341,
1644418061,B33,1,0,,341,0,0,,341,
1644418061,in27,1,0,,342,0,0,,342,
1644418061,B14,1,1,job171_scenario1_322,342,0,0,,342,
1644418061,B11,1,0,,342,0,0,,342,
1644418061,cn12,1,0,,342,0,0,,342,
1644418061,B54,1,1,job178_scenario1_333,342,0,0,,342,
1644418061,B51,1,1,job175_scenario0_329,342,0,0,,342,
1644418061,os4,1,0,,342,0,0,,342,
1644418061,in4,1,0,,342,0,0,,342,
1644418061,B33,1,0,,342,0,0,,342,
1644418061,in27,1,0,,343,0,0,,343,
1644418061,B14,1,1,job171_scenario1_322,343,0,0,,343,
1644418061,B11,1,0,,343,0,0,,343,
1644418061,cn12,1,0,,343,0,0,,343,
1644418061,B54,1,0,,343,0,0,,343,
1644418061,B51,1,1,job175_scenario0_329,343,0,0,,343,
1644418061,os4,1,0,,343,0,0,,343,
1644418061,in4,1,0,,343,0,0,,343,
1644418061,B33,1,0,,343,0,0,,343,
1644418061,in27,1,0,,344,0,0,,344,
1644418061,B14,1,1,job171_scenario1_322,344,0,0,,344,
1644418061,B11,1,0,,344,0,0,,344,
1644418061,cn12,1,0,,344,0,0,,344,
1644418061,B54,1,0,,344,0,0,,344,
1644418061,B51,1,1,job175_scenario0_329,344,0,0,,344,
1644418061,os4,1,0,,344,0,0,,344,
1644418061,in4,1,0,,344,0,0,,344,
1644418061,B33,1,0,,344,0,0,,344,
1644418061,in27,1,0,,345,0,0,,345,
1644418061,B14,1,1,job171_scenario1_322,345,0,0,,345,
1644418062,B11,1,0,,345,0,0,,345,
1644418062,cn12,1,0,,345,0,0,,345,
1644418062,B54,1,0,,345,0,0,,345,
1644418062,B51,1,0,,345,0,0,,345,
1644418062,os4,1,0,,345,0,0,,345,
1644418062,in4,1,0,,345,0,0,,345,
1644418062,B33,1,0,,345,0,0,,345,
1644418062,in27,1,0,,346,0,0,,346,
1644418062,B14,1,1,job171_scenario1_322,346,0,0,,346,
1644418062,B11,1,0,,346,0,0,,346,
1644418062,cn12,1,0,,346,0,0,,346,
1644418062,B54,1,0,,346,0,0,,346,
1644418062,B51,1,0,,346,0,0,,346,
1644418062,os4,1,0,,346,0,0,,346,
1644418062,in4,1,0,,346,0,0,,346,
1644418062,B33,1,0,,346,0,0,,346,
1644418062,in27,1,0,,347,0,0,,347,
1644418062,B14,1,1,job171_scenario1_322,347,0,0,,347,
1644418062,B11,1,0,,347,0,0,,347,
1644418062,cn12,1,0,,347,0,0,,347,
1644418062,B54,1,0,,347,0,0,,347,
1644418062,B51,1,1,job161_scenario0_308,347,0,0,,347,
1644418062,os4,1,0,,347,0,0,,347,
1644418062,in4,1,0,,347,0,0,,347,
1644418062,B33,1,0,,347,0,0,,347,
1644418062,in27,1,0,,348,0,0,,348,
1644418062,B14,1,1,job171_scenario1_322,348,0,0,,348,
1644418062,B11,1,0,,348,0,0,,348,
1644418062,cn12,1,0,,348,0,0,,348,
1644418062,B54,1,0,,348,0,0,,348,
1644418062,B51,1,1,job161_scenario0_308,348,0,0,,348,
1644418062,os4,1,0,,348,0,0,,348,
1644418062,in4,1,0,,348,0,0,,348,
1644418062,B33,1,0,,348,0,0,,348,
1644418062,in27,1,0,,349,0,0,,349,
1644418062,B14,1,1,job171_scenario1_322,349,0,0,,349,
1644418062,B11,1,0,,349,0,0,,349,
1644418062,cn12,1,0,,349,0,0,,349,
1644418062,B54,1,1,job189_scenario0_348,349,0,0,,349,
1644418062,B51,1,1,job161_scenario0_308,349,0,0,,349,
1644418062,os4,1,0,,349,0,0,,349,
1644418062,in4,1,0,,349,0,0,,349,
1644418062,B33,1,0,,349,0,0,,349,
1644418062,in27,1,0,,350,0,0,,350,
1644418062,B14,1,1,job171_scenario1_322,350,0,0,,350,
1644418062,B11,1,0,,350,0,0,,350,
1644418062,cn12,1,0,,350,0,0,,350,
1644418062,B54,1,1,job189_scenario0_348,350,0,0,,350,
1644418062,B51,1,1,job161_scenario0_308,350,0,0,,350,
1644418062,os4,1,0,,350,0,0,,350,
1644418062,in4,1,0,,350,0,0,,350,
1644418062,B33,1,0,,350,0,0,,350,
1644418062,in27,1,0,,351,0,0,,351,
1644418062,B14,1,0,,351,0,0,,351,
1644418062,B11,1,0,,351,0,0,,351,
1644418062,cn12,1,0,,351,0,0,,351,
1644418062,B54,1,1,job189_scenario0_348,351,0,0,,351,
1644418062,B51,1,1,job161_scenario0_308,351,0,0,,351,
1644418062,os4,1,0,,351,0,0,,351,
1644418062,in4,1,0,,351,0,0,,351,
1644418062,B33,1,0,,351,0,0,,351,
1644418062,in27,1,0,,352,0,0,,352,
1644418062,B14,1,0,,352,0,0,,352,
1644418062,B11,1,0,,352,0,0,,352,
1644418062,cn12,1,0,,352,0,0,,352,
1644418062,B54,1,1,job189_scenario0_348,352,0,0,,352,
1644418062,B51,1,1,job161_scenario0_308,352,0,0,,352,
1644418062,os4,1,0,,352,0,0,,352,
1644418062,in4,1,0,,352,0,0,,352,
1644418062,B33,1,0,,352,0,0,,352,
1644418062,in27,1,0,,353,0,0,,353,
1644418062,B14,1,0,,353,0,0,,353,
1644418062,B11,1,0,,353,0,0,,353,
1644418062,cn12,1,0,,353,0,0,,353,
1644418062,B54,1,1,job189_scenario0_348,353,0,0,,353,
1644418062,B51,1,1,job161_scenario0_308,353,0,0,,353,
1644418062,os4,1,0,,353,0,0,,353,
1644418062,in4,1,0,,353,0,0,,353,
1644418062,B33,1,0,,353,0,0,,353,
1644418062,in27,1,0,,354,0,0,,354,
1644418062,B14,1,0,,354,0,0,,354,
1644418062,B11,1,0,,354,0,0,,354,
1644418062,cn12,1,0,,354,0,0,,354,
1644418062,B54,1,1,job189_scenario0_348,354,0,0,,354,
1644418062,B51,1,1,job161_scenario0_308,354,0,0,,354,
1644418062,os4,1,0,,354,0,0,,354,
1644418062,in4,1,0,,354,0,0,,354,
1644418062,B33,1,0,,354,0,0,,354,
1644418062,in27,1,0,,355,0,0,,355,
1644418062,B14,1,0,,355,0,0,,355,
1644418062,B11,1,0,,355,0,0,,355,
1644418062,cn12,1,0,,355,0,0,,355,
1644418062,B54,1,1,job189_scenario0_348,355,0,0,,355,
1644418062,B51,1,1,job161_scenario0_308,355,0,0,,355,
1644418062,os4,1,0,,355,0,0,,355,
1644418062,in4,1,0,,355,0,0,,355,
1644418062,B33,1,0,,355,0,0,,355,
1644418062,in27,1,0,,356,0,0,,356,
1644418062,B14,1,0,,356,0,0,,356,
1644418062,B11,1,1,job181_scenario3_337,356,0,0,,356,
1644418062,cn12,1,0,,356,0,0,,356,
1644418062,B54,1,1,job189_scenario0_348,356,0,0,,356,
1644418062,B51,1,1,job161_scenario0_308,356,0,0,,356,
1644418062,os4,1,0,,356,0,0,,356,
1644418062,in4,1,0,,356,0,0,,356,
1644418062,B33,1,0,,356,0,0,,356,
1644418062,in27,1,0,,357,0,0,,357,
1644418062,B14,1,1,job192_scenario1_356,357,0,0,,357,
1644418062,B11,1,1,job181_scenario3_337,357,0,0,,357,
1644418063,cn12,1,0,,357,0,0,,357,
1644418063,B54,1,1,job189_scenario0_348,357,0,0,,357,
1644418063,B51,1,0,,357,0,0,,357,
1644418063,os4,1,0,,357,0,0,,357,
1644418063,in4,1,0,,357,0,0,,357,
1644418063,B33,1,0,,357,0,0,,357,
1644418063,in27,1,0,,358,0,0,,358,
1644418063,B14,1,1,job192_scenario1_356,358,0,0,,358,
1644418063,B11,1,1,job181_scenario3_337,358,0,0,,358,
1644418063,cn12,1,0,,358,0,0,,358,
1644418063,B54,1,1,job189_scenario0_348,358,0,0,,358,
1644418063,B51,1,0,,358,0,0,,358,
1644418063,os4,1,0,,358,0,0,,358,
1644418063,in4,1,0,,358,0,0,,358,
1644418063,B33,1,1,job185_scenario2_343,358,0,0,,358,
1644418063,in27,1,0,,359,0,0,,359,
1644418063,B14,1,1,job192_scenario1_356,359,0,0,,359,
1644418063,B11,1,1,job181_scenario3_337,359,0,0,,359,
1644418063,cn12,1,0,,359,0,0,,359,
1644418063,B54,1,1,job189_scenario0_348,359,0,0,,359,
1644418063,B51,1,0,,359,0,0,,359,
1644418063,os4,1,0,,359,0,0,,359,
1644418063,in4,1,0,,359,0,0,,359,
1644418063,B33,1,1,job185_scenario2_343,359,0,0,,359,
1644418063,in27,1,0,,360,0,0,,360,
1644418063,B14,1,1,job192_scenario1_356,360,0,0,,360,
1644418063,B11,1,1,job181_scenario3_337,360,0,0,,360,
1644418063,cn12,1,0,,360,0,0,,360,
1644418063,B54,1,1,job189_scenario0_348,360,0,0,,360,
1644418063,B51,1,0,,360,0,0,,360,
1644418063,os4,1,0,,360,0,0,,360,
1644418063,in4,1,0,,360,0,0,,360,
1644418063,B33,1,1,job185_scenario2_343,360,0,0,,360,
1644418063,in27,1,0,,361,0,0,,361,
1644418063,B14,1,1,job192_scenario1_356,361,0,0,,361,
1644418063,B11,1,1,job181_scenario3_337,361,0,0,,361,
1644418063,cn12,1,0,,361,0,0,,361,
1644418063,B54,1,1,job189_scenario0_348,361,0,0,,361,
1644418063,B51,1,1,job169_scenario0_320,361,0,0,,361,
1644418063,os4,1,0,,361,0,0,,361,
1644418063,in4,1,0,,361,0,0,,361,
1644418063,B33,1,1,job185_scenario2_343,361,0,0,,361,
1644418063,in27,1,0,,362,0,0,,362,
1644418063,B14,1,1,job192_scenario1_356,362,0,0,,362,
1644418063,B11,1,1,job181_scenario3_337,362,0,0,,362,
1644418063,cn12,1,0,,362,0,0,,362,
1644418063,B54,1,1,job189_scenario0_348,362,0,0,,362,
1644418063,B51,1,1,job169_scenario0_320,362,0,0,,362,
1644418063,os4,1,0,,362,0,0,,362,
1644418063,in4,1,0,,362,0,0,,362,
1644418063,B33,1,0,,362,0,0,,362,
1644418063,in27,1,0,,363,0,0,,363,
1644418063,B14,1,0,,363,0,0,,363,
1644418063,B11,1,0,,363,0,0,,363,
1644418063,cn12,1,0,,363,0,0,,363,
1644418063,B54,1,1,job189_scenario0_348,363,0,0,,363,
1644418063,B51,1,1,job169_scenario0_320,363,0,0,,363,
1644418063,os4,1,0,,363,0,0,,363,
1644418063,in4,1,0,,363,0,0,,363,
1644418063,B33,1,0,,363,0,0,,363,
1644418063,in27,1,0,,364,0,0,,364,
1644418063,B14,1,0,,364,0,0,,364,
1644418063,B11,1,0,,364,0,0,,364,
1644418063,cn12,1,0,,364,0,0,,364,
1644418063,B54,1,1,job189_scenario0_348,364,0,0,,364,
1644418063,B51,1,1,job169_scenario0_320,364,0,0,,364,
1644418063,os4,1,0,,364,0,0,,364,
1644418063,in4,1,0,,364,0,0,,364,
1644418063,B33,1,0,,364,0,0,,364,
1644418063,in27,1,0,,365,0,0,,365,
1644418063,B14,1,0,,365,0,0,,365,
1644418063,B11,1,1,job187_scenario3_346,365,0,0,,365,
1644418063,cn12,1,0,,365,0,0,,365,
1644418063,B54,1,1,job189_scenario0_348,365,0,0,,365,
1644418063,B51,1,1,job169_scenario0_320,365,0,0,,365,
1644418063,os4,1,0,,365,0,0,,365,
1644418063,in4,1,0,,365,0,0,,365,
1644418063,B33,1,0,,365,0,0,,365,
1644418063,in27,1,0,,366,0,0,,366,
1644418063,B14,1,0,,366,0,0,,366,
1644418063,B11,1,1,job187_scenario3_346,366,0,0,,366,
1644418063,cn12,1,0,,366,0,0,,366,
1644418063,B54,1,0,,366,0,0,,366,
1644418063,B51,1,1,job169_scenario0_320,366,0,0,,366,
1644418063,os4,1,0,,366,0,0,,366,
1644418063,in4,1,0,,366,0,0,,366,
1644418063,B33,1,0,,366,0,0,,366,
1644418063,in27,1,0,,367,0,0,,367,
1644418063,B14,1,0,,367,0,0,,367,
1644418063,B11,1,0,,367,0,0,,367,
1644418063,cn12,1,0,,367,0,0,,367,
1644418063,B54,1,0,,367,0,0,,367,
1644418063,B51,1,1,job169_scenario0_320,367,0,0,,367,
1644418063,os4,1,0,,367,0,0,,367,
1644418063,in4,1,0,,367,0,0,,367,
1644418063,B33,1,0,,367,0,0,,367,
1644418063,in27,1,0,,368,0,0,,368,
1644418063,B14,1,0,,368,0,0,,368,
1644418063,B11,1,0,,368,0,0,,368,
1644418063,cn12,1,0,,368,0,0,,368,
1644418063,B54,1,0,,368,0,0,,368,
1644418063,B51,1,1,job169_scenario0_320,368,0,0,,368,
1644418063,os4,1,0,,368,0,0,,368,
1644418063,in4,1,0,,368,0,0,,368,
1644418063,B33,1,0,,368,0,0,,368,
1644418063,in27,1,0,,369,0,0,,369,
1644418063,B14,1,0,,369,0,0,,369,
1644418063,B11,1,0,,369,0,0,,369,
1644418063,cn12,1,0,,369,0,0,,369,
1644418063,B54,1,0,,369,0,0,,369,
1644418063,B51,1,1,job169_scenario0_320,369,0,0,,369,
1644418063,os4,1,0,,369,0,0,,369,
1644418063,in4,1,0,,369,0,0,,369,
1644418063,B33,1,0,,369,0,0,,369,
1644418063,in27,1,0,,370,0,0,,370,
1644418063,B14,1,0,,370,0,0,,370,
1644418063,B11,1,0,,370,0,0,,370,
1644418063,cn12,1,0,,370,0,0,,370,
1644418063,B54,1,0,,370,0,0,,370,
1644418063,B51,1,1,job169_scenario0_320,370,0,0,,370,
1644418063,os4,1,0,,370,0,0,,370,
1644418063,in4,1,0,,370,0,0,,370,
1644418063,B33,1,0,,370,0,0,,370,
1644418063,in27,1,0,,371,0,0,,371,
1644418063,B14,1,0,,371,0,0,,371,
1644418063,B11,1,0,,371,0,0,,371,
1644418063,cn12,1,0,,371,0,0,,371,
1644418063,B54,1,1,job179_scenario1_334,371,0,0,,371,
1644418063,B51,1,0,,371,0,0,,371,
1644418063,os4,1,0,,371,0,0,,371,
1644418063,in4,1,0,,371,0,0,,371,
1644418063,B33,1,0,,371,0,0,,371,
1644418063,in27,1,0,,372,0,0,,372,
1644418063,B14,1,0,,372,0,0,,372,
1644418063,B11,1,0,,372,0,0,,372,
1644418063,cn12,1,0,,372,0,0,,372,
1644418063,B54,1,1,job179_scenario1_334,372,0,0,,372,
1644418063,B51,1,0,,372,0,0,,372,
1644418063,os4,1,0,,372,0,0,,372,
1644418063,in4,1,0,,372,0,0,,372,
1644418063,B33,1,0,,372,0,0,,372,
1644418064,in27,1,0,,373,0,0,,373,
1644418064,B14,1,0,,373,0,0,,373,
1644418064,B11,1,0,,373,0,0,,373,
1644418064,cn12,1,0,,373,0,0,,373,
1644418064,B54,1,1,job179_scenario1_334,373,0,0,,373,
1644418064,B51,1,1,job184_scenario0_342,373,0,0,,373,
1644418064,os4,1,0,,373,0,0,,373,
1644418064,in4,1,0,,373,0,0,,373,
1644418064,B33,1,0,,373,0,0,,373,
1644418064,in27,1,0,,374,0,0,,374,
1644418064,B14,1,0,,374,0,0,,374,
1644418064,B11,1,0,,374,0,0,,374,
1644418064,cn12,1,0,,374,0,0,,374,
1644418064,B54,1,1,job179_scenario1_334,374,0,0,,374,
1644418064,B51,1,1,job184_scenario0_342,374,0,0,,374,
1644418064,os4,1,0,,374,0,0,,374,
1644418064,in4,1,0,,374,0,0,,374,
1644418064,B33,1,0,,374,0,0,,374,
1644418064,in27,1,0,,375,0,0,,375,
1644418064,B14,1,0,,375,0,0,,375,
1644418064,B11,1,0,,375,0,0,,375,
1644418064,cn12,1,0,,375,0,0,,375,
1644418064,B54,1,0,,375,0,0,,375,
1644418064,B51,1,1,job184_scenario0_342,375,0,0,,375,
1644418064,os4,1,0,,375,0,0,,375,
1644418064,in4,1,0,,375,0,0,,375,
1644418064,B33,1,0,,375,0,0,,375,
1644418064,in27,1,0,,376,0,0,,376,
1644418064,B14,1,0,,376,0,0,,376,
1644418064,B11,1,0,,376,0,0,,376,
1644418064,cn12,1,0,,376,0,0,,376,
1644418064,B54,1,0,,376,0,0,,376,
1644418064,B51,1,1,job184_scenario0_342,376,0,0,,376,
1644418064,os4,1,0,,376,0,0,,376,
1644418064,in4,1,0,,376,0,0,,376,
1644418064,B33,1,0,,376,0,0,,376,
1644418064,in27,1,0,,377,0,0,,377,
1644418064,B14,1,0,,377,0,0,,377,
1644418064,B11,1,0,,377,0,0,,377,
1644418064,cn12,1,0,,377,0,0,,377,
1644418064,B54,1,0,,377,0,0,,377,
1644418064,B51,1,1,job184_scenario0_342,377,0,0,,377,
1644418064,os4,1,0,,377,0,0,,377,
1644418064,in4,1,0,,377,0,0,,377,
1644418064,B33,1,0,,377,0,0,,377,
1644418064,in27,1,0,,378,0,0,,378,
1644418064,B14,1,0,,378,0,0,,378,
1644418064,B11,1,0,,378,0,0,,378,
1644418064,cn12,1,0,,378,0,0,,378,
1644418064,B54,1,0,,378,0,0,,378,
1644418064,B51,1,1,job184_scenario0_342,378,0,0,,378,
1644418064,os4,1,0,,378,0,0,,378,
1644418064,in4,1,0,,378,0,0,,378,
1644418064,B33,1,0,,378,0,0,,378,
1644418064,in27,1,0,,379,0,0,,379,
1644418064,B14,1,0,,379,0,0,,379,
1644418064,B11,1,0,,379,0,0,,379,
1644418064,cn12,1,0,,379,0,0,,379,
1644418064,B54,1,0,,379,0,0,,379,
1644418064,B51,1,1,job184_scenario0_342,379,0,0,,379,
1644418064,os4,1,0,,379,0,0,,379,
1644418064,in4,1,0,,379,0,0,,379,
1644418064,B33,1,0,,379,0,0,,379,
1644418064,in27,1,0,,380,0,0,,380,
1644418064,B14,1,0,,380,0,0,,380,
1644418064,B11,1,0,,380,0,0,,380,
1644418064,cn12,1,0,,380,0,0,,380,
1644418064,B54,1,0,,380,0,0,,380,
1644418064,B51,1,1,job184_scenario0_342,380,0,0,,380,
1644418064,os4,1,0,,380,0,0,,380,
1644418064,in4,1,0,,380,0,0,,380,
1644418064,B33,1,0,,380,0,0,,380,
1644418064,in27,1,0,,381,0,0,,381,
1644418064,B14,1,0,,381,0,0,,381,
1644418064,B11,1,0,,381,0,0,,381,
1644418064,cn12,1,0,,381,0,0,,381,
1644418064,B54,1,0,,381,0,0,,381,
1644418064,B51,1,1,job184_scenario0_342,381,0,0,,381,
1644418064,os4,1,0,,381,0,0,,381,
1644418064,in4,1,0,,381,0,0,,381,
1644418064,B33,1,0,,381,0,0,,381,
1644418064,in27,1,0,,382,0,0,,382,
1644418064,B14,1,0,,382,0,0,,382,
1644418064,B11,1,0,,382,0,0,,382,
1644418064,cn12,1,0,,382,0,0,,382,
1644418064,B54,1,0,,382,0,0,,382,
1644418064,B51,1,0,,382,0,0,,382,
1644418064,os4,1,0,,382,0,0,,382,
1644418064,in4,1,0,,382,0,0,,382,
1644418064,B33,1,0,,382,0,0,,382,
1644418064,in27,1,0,,383,0,0,,383,
1644418064,B14,1,0,,383,0,0,,383,
1644418064,B11,1,0,,383,0,0,,383,
1644418064,cn12,1,0,,383,0,0,,383,
1644418064,B54,1,0,,383,0,0,,383,
1644418064,B51,1,0,,383,0,0,,383,
1644418064,os4,1,0,,383,0,0,,383,
1644418064,in4,1,0,,383,0,0,,383,
1644418064,B33,1,0,,383,0,0,,383,
1644418064,in27,1,0,,384,0,0,,384,
1644418064,B14,1,0,,384,0,0,,384,
1644418064,B11,1,1,job195_scenario3_360,384,0,0,,384,
1644418064,cn12,1,0,,384,0,0,,384,
1644418064,B54,1,0,,384,0,0,,384,
1644418064,B51,1,0,,384,0,0,,384,
1644418064,os4,1,0,,384,0,0,,384,
1644418064,in4,1,0,,384,0,0,,384,
1644418064,B33,1,0,,384,0,0,,384,
1644418064,in27,1,0,,385,0,0,,385,
1644418064,B14,1,0,,385,0,0,,385,
1644418064,B11,1,1,job195_scenario3_360,385,0,0,,385,
1644418064,cn12,1,0,,385,0,0,,385,
1644418064,B54,1,0,,385,0,0,,385,
1644418064,B51,1,0,,385,0,0,,385,
1644418064,os4,1,0,,385,0,0,,385,
1644418064,in4,1,0,,385,0,0,,385,
1644418064,B33,1,0,,385,0,0,,385,
1644418064,in27,1,0,,386,0,0,,386,
1644418064,B14,1,0,,386,0,0,,386,
1644418064,B11,1,1,job195_scenario3_360,386,0,0,,386,
1644418064,cn12,1,0,,386,0,0,,386,
1644418064,B54,1,0,,386,0,0,,386,
1644418064,B51,1,1,job186_scenario0_345,386,0,0,,386,
1644418064,os4,1,0,,386,0,0,,386,
1644418064,in4,1,0,,386,0,0,,386,
1644418064,B33,1,0,,386,0,0,,386,
1644418064,in27,1,0,,387,0,0,,387,
1644418064,B14,1,1,job209_scenario1_386,387,0,0,,387,
1644418064,B11,1,1,job195_scenario3_360,387,0,0,,387,
1644418064,cn12,1,0,,387,0,0,,387,
1644418064,B54,1,0,,387,0,0,,387,
1644418064,B51,1,1,job186_scenario0_345,387,0,0,,387,
1644418064,os4,1,0,,387,0,0,,387,
1644418064,in4,1,0,,387,0,0,,387,
1644418064,B33,1,0,,387,0,0,,387,
1644418064,in27,1,0,,388,0,0,,388,
1644418064,B14,1,1,job209_scenario1_386,388,0,0,,388,
1644418064,B11,1,1,job195_scenario3_360,388,0,0,,388,
1644418064,cn12,1,0,,388,0,0,,388,
1644418064,B54,1,0,,388,0,0,,388,
1644418064,B51,1,1,job186_scenario0_345,388,0,0,,388,
1644418064,os4,1,0,,388,0,0,,388,
1644418064,in4,1,0,,388,0,0,,388,
1644418064,B33,1,0,,388,0,0,,388,
1644418064,in27,1,0,,389,0,0,,389,
1644418064,B14,1,1,job209_scenario1_386,389,0,0,,389,
1644418064,B11,1,1,job195_scenario3_360,389,0,0,,389,
1644418064,cn12,1,0,,389,0,0,,389,
1644418064,B54,1,0,,389,0,0,,389,
1644418064,B51,1,1,job186_scenario0_345,389,0,0,,389,
1644418064,os4,1,0,,389,0,0,,389,
1644418064,in4,1,0,,389,0,0,,389,
1644418064,B33,1,0,,389,0,0,,389,
1644418065,in27,1,0,,390,0,0,,390,
1644418065,B14,1,1,job209_scenario1_386,390,0,0,,390,
1644418065,B11,1,0,,390,0,0,,390,
1644418065,cn12,1,0,,390,0,0,,390,
1644418065,B54,1,1,job191_scenario1_355,390,0,0,,390,
1644418065,B51,1,1,job186_scenario0_345,390,0,0,,390,
1644418065,os4,1,0,,390,0,0,,390,
1644418065,in4,1,0,,390,0,0,,390,
1644418065,B33,1,0,,390,0,0,,390,
1644418065,in27,1,0,,391,0,0,,391,
1644418065,B14,1,1,job209_scenario1_386,391,0,0,,391,
1644418065,B11,1,0,,391,0,0,,391,
1644418065,cn12,1,0,,391,0,0,,391,
1644418065,B54,1,1,job191_scenario1_355,391,0,0,,391,
1644418065,B51,1,1,job186_scenario0_345,391,0,0,,391,
1644418065,os4,1,0,,391,0,0,,391,
1644418065,in4,1,0,,391,0,0,,391,
1644418065,B33,1,0,,391,0,0,,391,
1644418065,in27,1,0,,392,0,0,,392,
1644418065,B14,1,1,job209_scenario1_386,392,0,0,,392,
1644418065,B11,1,0,,392,0,0,,392,
1644418065,cn12,1,0,,392,0,0,,392,
1644418065,B54,1,1,job191_scenario1_355,392,0,0,,392,
1644418065,B51,1,1,job186_scenario0_345,392,0,0,,392,
1644418065,os4,1,0,,392,0,0,,392,
1644418065,in4,1,0,,392,0,0,,392,
1644418065,B33,1,0,,392,0,0,,392,
1644418065,in27,1,0,,393,0,0,,393,
1644418065,B14,1,1,job209_scenario1_386,393,0,0,,393,
1644418065,B11,1,0,,393,0,0,,393,
1644418065,cn12,1,0,,393,0,0,,393,
1644418065,B54,1,1,job191_scenario1_355,393,0,0,,393,
1644418065,B51,1,1,job186_scenario0_345,393,0,0,,393,
1644418065,os4,1,0,,393,0,0,,393,
1644418065,in4,1,0,,393,0,0,,393,
1644418065,B33,1,0,,393,0,0,,393,
1644418065,in27,1,0,,394,0,0,,394,
1644418065,B14,1,0,,394,0,0,,394,
1644418065,B11,1,0,,394,0,0,,394,
1644418065,cn12,1,0,,394,0,0,,394,
1644418065,B54,1,1,job191_scenario1_355,394,0,0,,394,
1644418065,B51,1,1,job186_scenario0_345,394,0,0,,394,
1644418065,os4,1,0,,394,0,0,,394,
1644418065,in4,1,0,,394,0,0,,394,
1644418065,B33,1,0,,394,0,0,,394,
1644418065,in27,1,0,,395,0,0,,395,
1644418065,B14,1,0,,395,0,0,,395,
1644418065,B11,1,0,,395,0,0,,395,
1644418065,cn12,1,0,,395,0,0,,395,
1644418065,B54,1,1,job191_scenario1_355,395,0,0,,395,
1644418065,B51,1,1,job186_scenario0_345,395,0,0,,395,
1644418065,os4,1,0,,395,0,0,,395,
1644418065,in4,1,0,,395,0,0,,395,
1644418065,B33,1,0,,395,0,0,,395,
1644418065,in27,1,0,,396,0,0,,396,
1644418065,B14,1,0,,396,0,0,,396,
1644418065,B11,1,0,,396,0,0,,396,
1644418065,cn12,1,0,,396,0,0,,396,
1644418065,B54,1,1,job191_scenario1_355,396,0,0,,396,
1644418065,B51,1,0,,396,0,0,,396,
1644418065,os4,1,0,,396,0,0,,396,
1644418065,in4,1,0,,396,0,0,,396,
1644418065,B33,1,0,,396,0,0,,396,
1644418065,in27,1,0,,397,0,0,,397,
1644418065,B14,1,0,,397,0,0,,397,
1644418065,B11,1,0,,397,0,0,,397,
1644418065,cn12,1,0,,397,0,0,,397,
1644418065,B54,1,1,job191_scenario1_355,397,0,0,,397,
1644418065,B51,1,0,,397,0,0,,397,
1644418065,os4,1,0,,397,0,0,,397,
1644418065,in4,1,0,,397,0,0,,397,
1644418065,B33,1,0,,397,0,0,,397,
1644418065,in27,1,0,,398,0,0,,398,
1644418065,B14,1,0,,398,0,0,,398,
1644418065,B11,1,0,,398,0,0,,398,
1644418065,cn12,1,0,,398,0,0,,398,
1644418065,B54,1,1,job191_scenario1_355,398,0,0,,398,
1644418065,B51,1,0,,398,0,0,,398,
1644418065,os4,1,0,,398,0,0,,398,
1644418065,in4,1,0,,398,0,0,,398,
1644418065,B33,1,0,,398,0,0,,398,
1644418065,in27,1,0,,399,0,0,,399,
1644418065,B14,1,0,,399,0,0,,399,
1644418065,B11,1,0,,399,0,0,,399,
1644418065,cn12,1,0,,399,0,0,,399,
1644418065,B54,1,0,,399,0,0,,399,
1644418065,B51,1,0,,399,0,0,,399,
1644418065,os4,1,0,,399,0,0,,399,
1644418065,in4,1,0,,399,0,0,,399,
1644418065,B33,1,0,,399,0,0,,399,
1644418065,in27,1,0,,400,0,0,,400,
1644418065,B14,1,0,,400,0,0,,400,
1644418065,B11,1,0,,400,0,0,,400,
1644418065,cn12,1,0,,400,0,0,,400,
1644418065,B54,1,0,,400,0,0,,400,
1644418065,B51,1,0,,400,0,0,,400,
1644418065,os4,1,1,job203_scenario4_373,400,0,0,,400,
1644418065,in4,1,0,,400,0,0,,400,
1644418065,B33,1,0,,400,0,0,,400,
1644418065,in27,1,0,,401,0,0,,401,
1644418065,B14,1,0,,401,0,0,,401,
1644418065,B11,1,0,,401,0,0,,401,
1644418065,cn12,1,0,,401,0,0,,401,
1644418065,B54,1,1,job198_scenario1_365,401,0,0,,401,
1644418065,B51,1,0,,401,0,0,,401,
1644418065,os4,1,1,job203_scenario4_373,401,0,0,,401,
1644418065,in4,1,0,,401,0,0,,401,
1644418065,B33,1,0,,401,0,0,,401,
1644418065,in27,1,0,,402,0,0,,402,
1644418065,B14,1,0,,402,0,0,,402,
1644418065,B11,1,1,job208_scenario3_383,402,0,0,,402,
1644418065,cn12,1,0,,402,0,0,,402,
1644418065,B54,1,1,job198_scenario1_365,402,0,0,,402,
1644418065,B51,1,1,job197_scenario0_362,402,0,0,,402,
1644418065,os4,1,1,job203_scenario4_373,402,0,0,,402,
1644418065,in4,1,0,,402,0,0,,402,
1644418065,B33,1,0,,402,0,0,,402,
1644418066,in27,1,0,,403,0,0,,403,
1644418066,B14,1,0,,403,0,0,,403,
1644418066,B11,1,1,job208_scenario3_383,403,0,0,,403,
1644418066,cn12,1,0,,403,0,0,,403,
1644418066,B54,1,1,job198_scenario1_365,403,0,0,,403,
1644418066,B51,1,1,job197_scenario0_362,403,0,0,,403,
1644418066,os4,1,1,job203_scenario4_373,403,0,0,,403,
1644418066,in4,1,0,,403,0,0,,403,
1644418066,B33,1,0,,403,0,0,,403,
1644418066,in27,1,0,,404,0,0,,404,
1644418066,B14,1,0,,404,0,0,,404,
1644418066,B11,1,1,job208_scenario3_383,404,0,0,,404,
1644418066,cn12,1,0,,404,0,0,,404,
1644418066,B54,1,1,job198_scenario1_365,404,0,0,,404,
1644418066,B51,1,1,job197_scenario0_362,404,0,0,,404,
1644418066,os4,1,1,job203_scenario4_373,404,0,0,,404,
1644418066,in4,1,0,,404,0,0,,404,
1644418066,B33,1,0,,404,0,0,,404,
1644418066,in27,1,0,,405,0,0,,405,
1644418066,B14,1,1,job205_scenario1_377,405,0,0,,405,
1644418066,B11,1,1,job208_scenario3_383,405,0,0,,405,
1644418066,cn12,1,0,,405,0,0,,405,
1644418066,B54,1,1,job198_scenario1_365,405,0,0,,405,
1644418066,B51,1,1,job197_scenario0_362,405,0,0,,405,
1644418066,os4,1,1,job203_scenario4_373,405,0,0,,405,
1644418066,in4,1,0,,405,0,0,,405,
1644418066,B33,1,0,,405,0,0,,405,
1644418066,in27,1,0,,406,0,0,,406,
1644418066,B14,1,1,job205_scenario1_377,406,0,0,,406,
1644418066,B11,1,0,,406,0,0,,406,
1644418066,cn12,1,0,,406,0,0,,406,
1644418066,B54,1,0,,406,0,0,,406,
1644418066,B51,1,1,job197_scenario0_362,406,0,0,,406,
1644418066,os4,1,0,,406,0,0,,406,
1644418066,in4,1,0,,406,0,0,,406,
1644418066,B33,1,0,,406,0,0,,406,
1644418066,in27,1,0,,407,0,0,,407,
1644418066,B14,1,1,job205_scenario1_377,407,0,0,,407,
1644418066,B11,1,0,,407,0,0,,407,
1644418066,cn12,1,0,,407,0,0,,407,
1644418066,B54,1,0,,407,0,0,,407,
1644418066,B51,1,1,job197_scenario0_362,407,0,0,,407,
1644418066,os4,1,0,,407,0,0,,407,
1644418066,in4,1,0,,407,0,0,,407,
1644418066,B33,1,0,,407,0,0,,407,
1644418066,in27,1,0,,408,0,0,,408,
1644418066,B14,1,1,job205_scenario1_377,408,0,0,,408,
1644418066,B11,1,0,,408,0,0,,408,
1644418066,cn12,1,0,,408,0,0,,408,
1644418066,B54,1,0,,408,0,0,,408,
1644418066,B51,1,1,job197_scenario0_362,408,0,0,,408,
1644418066,os4,1,0,,408,0,0,,408,
1644418066,in4,1,0,,408,0,0,,408,
1644418066,B33,1,0,,408,0,0,,408,
1644418066,in27,1,0,,409,0,0,,409,
1644418066,B14,1,1,job205_scenario1_377,409,0,0,,409,
1644418066,B11,1,0,,409,0,0,,409,
1644418066,cn12,1,0,,409,0,0,,409,
1644418066,B54,1,0,,409,0,0,,409,
1644418066,B51,1,1,job197_scenario0_362,409,0,0,,409,
1644418066,os4,1,0,,409,0,0,,409,
1644418066,in4,1,0,,409,0,0,,409,
1644418066,B33,1,0,,409,0,0,,409,
1644418066,in27,1,0,,410,0,0,,410,
1644418066,B14,1,1,job205_scenario1_377,410,0,0,,410,
1644418066,B11,1,0,,410,0,0,,410,
1644418066,cn12,1,0,,410,0,0,,410,
1644418066,B54,1,1,job220_scenario0_406,410,0,0,,410,
1644418066,B51,1,1,job197_scenario0_362,410,0,0,,410,
1644418066,os4,1,0,,410,0,0,,410,
1644418066,in4,1,0,,410,0,0,,410,
1644418066,B33,1,0,,410,0,0,,410,
1644418066,in27,1,0,,411,0,0,,411,
1644418066,B14,1,1,job205_scenario1_377,411,0,0,,411,
1644418066,B11,1,0,,411,0,0,,411,
1644418066,cn12,1,0,,411,0,0,,411,
1644418066,B54,1,1,job220_scenario0_406,411,0,0,,411,
1644418066,B51,1,1,job197_scenario0_362,411,0,0,,411,
1644418066,os4,1,0,,411,0,0,,411,
1644418066,in4,1,0,,411,0,0,,411,
1644418066,B33,1,0,,411,0,0,,411,
1644418066,in27,1,0,,412,0,0,,412,
1644418066,B14,1,1,job205_scenario1_377,412,0,0,,412,
1644418066,B11,1,0,,412,0,0,,412,
1644418066,cn12,1,0,,412,0,0,,412,
1644418066,B54,1,1,job220_scenario0_406,412,0,0,,412,
1644418066,B51,1,0,,412,0,0,,412,
1644418066,os4,1,0,,412,0,0,,412,
1644418066,in4,1,0,,412,0,0,,412,
1644418066,B33,1,0,,412,0,0,,412,
1644418066,in27,1,0,,413,0,0,,413,
1644418066,B14,1,1,job205_scenario1_377,413,0,0,,413,
1644418066,B11,1,0,,413,0,0,,413,
1644418066,cn12,1,0,,413,0,0,,413,
1644418066,B54,1,0,,413,0,0,,413,
1644418066,B51,1,0,,413,0,0,,413,
1644418066,os4,1,0,,413,0,0,,413,
1644418066,in4,1,0,,413,0,0,,413,
1644418066,B33,1,0,,413,0,0,,413,
1644418066,in27,1,0,,414,0,0,,414,
1644418066,B14,1,1,job205_scenario1_377,414,0,0,,414,
1644418066,B11,1,0,,414,0,0,,414,
1644418066,cn12,1,0,,414,0,0,,414,
1644418066,B54,1,0,,414,0,0,,414,
1644418066,B51,1,0,,414,0,0,,414,
1644418066,os4,1,0,,414,0,0,,414,
1644418066,in4,1,0,,414,0,0,,414,
1644418066,B33,1,0,,414,0,0,,414,
1644418067,in27,1,0,,415,0,0,,415,
1644418067,B14,1,1,job205_scenario1_377,415,0,0,,415,
1644418067,B11,1,0,,415,0,0,,415,
1644418067,cn12,1,0,,415,0,0,,415,
1644418067,B54,1,1,job206_scenario1_379,415,0,0,,415,
1644418067,B51,1,0,,415,0,0,,415,
1644418067,os4,1,0,,415,0,0,,415,
1644418067,in4,1,0,,415,0,0,,415,
1644418067,B33,1,0,,415,0,0,,415,
1644418067,in27,1,0,,416,0,0,,416,
1644418067,B14,1,0,,416,0,0,,416,
1644418067,B11,1,0,,416,0,0,,416,
1644418067,cn12,1,0,,416,0,0,,416,
1644418067,B54,1,1,job206_scenario1_379,416,0,0,,416,
1644418067,B51,1,0,,416,0,0,,416,
1644418067,os4,1,0,,416,0,0,,416,
1644418067,in4,1,0,,416,0,0,,416,
1644418067,B33,1,0,,416,0,0,,416,
1644418067,in27,1,0,,417,0,0,,417,
1644418067,B14,1,0,,417,0,0,,417,
1644418067,B11,1,0,,417,0,0,,417,
1644418067,cn12,1,0,,417,0,0,,417,
1644418067,B54,1,0,,417,0,0,,417,
1644418067,B51,1,0,,417,0,0,,417,
1644418067,os4,1,0,,417,0,0,,417,
1644418067,in4,1,0,,417,0,0,,417,
1644418067,B33,1,0,,417,0,0,,417,
1644418067,in27,1,0,,418,0,0,,418,
1644418067,B14,1,0,,418,0,0,,418,
1644418067,B11,1,0,,418,0,0,,418,
1644418067,cn12,1,0,,418,0,0,,418,
1644418067,B54,1,0,,418,0,0,,418,
1644418067,B51,1,0,,418,0,0,,418,
1644418067,os4,1,0,,418,0,0,,418,
1644418067,in4,1,0,,418,0,0,,418,
1644418067,B33,1,0,,418,0,0,,418,
1644418067,in27,1,0,,419,0,0,,419,
1644418067,B14,1,0,,419,0,0,,419,
1644418067,B11,1,0,,419,0,0,,419,
1644418067,cn12,1,0,,419,0,0,,419,
1644418067,B54,1,0,,419,0,0,,419,
1644418067,B51,1,0,,419,0,0,,419,
1644418067,os4,1,0,,419,0,0,,419,
1644418067,in4,1,0,,419,0,0,,419,
1644418067,B33,1,0,,419,0,0,,419,
1644418067,in27,1,0,,420,0,0,,420,
1644418067,B14,1,0,,420,0,0,,420,
1644418067,B11,1,0,,420,0,0,,420,
1644418067,cn12,1,0,,420,0,0,,420,
1644418067,B54,1,0,,420,0,0,,420,
1644418067,B51,1,0,,420,0,0,,420,
1644418067,os4,1,0,,420,0,0,,420,
1644418067,in4,1,0,,420,0,0,,420,
1644418067,B33,1,0,,420,0,0,,420,
1644418067,in27,1,0,,421,0,0,,421,
1644418067,B14,1,0,,421,0,0,,421,
1644418067,B11,1,0,,421,0,0,,421,
1644418067,cn12,1,0,,421,0,0,,421,
1644418067,B54,1,0,,421,0,0,,421,
1644418067,B51,1,0,,421,0,0,,421,
1644418067,os4,1,0,,421,0,0,,421,
1644418067,in4,1,0,,421,0,0,,421,
1644418067,B33,1,0,,421,0,0,,421,
1644418067,in27,1,0,,422,0,0,,422,
1644418067,B14,1,0,,422,0,0,,422,
1644418067,B11,1,0,,422,0,0,,422,
1644418067,cn12,1,0,,422,0,0,,422,
1644418067,B54,1,0,,422,0,0,,422,
1644418067,B51,1,0,,422,0,0,,422,
1644418067,os4,1,0,,422,0,0,,422,
1644418067,in4,1,0,,422,0,0,,422,
1644418067,B33,1,0,,422,0,0,,422,
1644418067,in27,1,0,,423,0,0,,423,
1644418067,B14,1,0,,423,0,0,,423,
1644418067,B11,1,0,,423,0,0,,423,
1644418067,cn12,1,0,,423,0,0,,423,
1644418067,B54,1,0,,423,0,0,,423,
1644418067,B51,1,0,,423,0,0,,423,
1644418067,os4,1,0,,423,0,0,,423,
1644418067,in4,1,0,,423,0,0,,423,
1644418067,B33,1,0,,423,0,0,,423,
1644418067,in27,1,0,,424,0,0,,424,
1644418067,B14,1,0,,424,0,0,,424,
1644418067,B11,1,0,,424,0,0,,424,
1644418067,cn12,1,0,,424,0,0,,424,
1644418067,B54,1,0,,424,0,0,,424,
1644418067,B51,1,0,,424,0,0,,424,
1644418067,os4,1,0,,424,0,0,,424,
1644418067,in4,1,0,,424,0,0,,424,
1644418067,B33,1,0,,424,0,0,,424,
1644418067,in27,1,0,,425,0,0,,425,
1644418067,B14,1,0,,425,0,0,,425,
1644418067,B11,1,0,,425,0,0,,425,
1644418067,cn12,1,0,,425,0,0,,425,
1644418067,B54,1,0,,425,0,0,,425,
1644418067,B51,1,0,,425,0,0,,425,
1644418067,os4,1,0,,425,0,0,,425,
1644418067,in4,1,0,,425,0,0,,425,
1644418067,B33,1,0,,425,0,0,,425,
1644418068,in27,1,0,,426,0,0,,426,
1644418068,B14,1,0,,426,0,0,,426,
1644418068,B11,1,0,,426,0,0,,426,
1644418068,cn12,1,0,,426,0,0,,426,
1644418068,B54,1,1,job216_scenario1_400,426,0,0,,426,
1644418068,B51,1,0,,426,0,0,,426,
1644418068,os4,1,0,,426,0,0,,426,
1644418068,in4,1,0,,426,0,0,,426,
1644418068,B33,1,0,,426,0,0,,426,
1644418068,in27,1,0,,427,0,0,,427,
1644418068,B14,1,0,,427,0,0,,427,
1644418068,B11,1,0,,427,0,0,,427,
1644418068,cn12,1,0,,427,0,0,,427,
1644418068,B54,1,1,job216_scenario1_400,427,0,0,,427,
1644418068,B51,1,0,,427,0,0,,427,
1644418068,os4,1,0,,427,0,0,,427,
1644418068,in4,1,0,,427,0,0,,427,
1644418068,B33,1,0,,427,0,0,,427,
1644418068,in27,1,0,,428,0,0,,428,
1644418068,B14,1,0,,428,0,0,,428,
1644418068,B11,1,0,,428,0,0,,428,
1644418068,cn12,1,0,,428,0,0,,428,
1644418068,B54,1,0,,428,0,0,,428,
1644418068,B51,1,0,,428,0,0,,428,
1644418068,os4,1,0,,428,0,0,,428,
1644418068,in4,1,0,,428,0,0,,428,
1644418068,B33,1,0,,428,0,0,,428,
1644418068,in27,1,0,,429,0,0,,429,
1644418068,B14,1,0,,429,0,0,,429,
1644418068,B11,1,0,,429,0,0,,429,
1644418068,cn12,1,0,,429,0,0,,429,
1644418068,B54,1,0,,429,0,0,,429,
1644418068,B51,1,0,,429,0,0,,429,
1644418068,os4,1,0,,429,0,0,,429,
1644418068,in4,1,0,,429,0,0,,429,
1644418068,B33,1,0,,429,0,0,,429,
1644418068,in27,1,0,,430,0,0,,430,
1644418068,B14,1,0,,430,0,0,,430,
1644418068,B11,1,0,,430,0,0,,430,
1644418068,cn12,1,0,,430,0,0,,430,
1644418068,B54,1,0,,430,0,0,,430,
1644418068,B51,1,0,,430,0,0,,430,
1644418068,os4,1,0,,430,0,0,,430,
1644418068,in4,1,0,,430,0,0,,430,
1644418068,B33,1,0,,430,0,0,,430,
1644418068,in27,1,0,,431,0,0,,431,
1644418068,B14,1,0,,431,0,0,,431,
1644418068,B11,1,0,,431,0,0,,431,
1644418068,cn12,1,0,,431,0,0,,431,
1644418068,B54,1,1,job212_scenario1_392,431,0,0,,431,
1644418068,B51,1,0,,431,0,0,,431,
1644418068,os4,1,0,,431,0,0,,431,
1644418068,in4,1,0,,431,0,0,,431,
1644418068,B33,1,0,,431,0,0,,431,
1644418068,in27,1,0,,432,0,0,,432,
1644418068,B14,1,0,,432,0,0,,432,
1644418068,B11,1,0,,432,0,0,,432,
1644418068,cn12,1,0,,432,0,0,,432,
1644418068,B54,1,1,job212_scenario1_392,432,0,0,,432,
1644418068,B51,1,0,,432,0,0,,432,
1644418068,os4,1,0,,432,0,0,,432,
1644418068,in4,1,0,,432,0,0,,432,
1644418068,B33,1,1,job225_scenario2_415,432,0,0,,432,
1644418068,in27,1,0,,433,0,0,,433,
1644418068,B14,1,0,,433,0,0,,433,
1644418068,B11,1,0,,433,0,0,,433,
1644418068,cn12,1,0,,433,0,0,,433,
1644418068,B54,1,1,job212_scenario1_392,433,0,0,,433,
1644418068,B51,1,0,,433,0,0,,433,
1644418068,os4,1,0,,433,0,0,,433,
1644418068,in4,1,0,,433,0,0,,433,
1644418068,B33,1,0,,433,0,0,,433,
1644418068,in27,1,0,,434,0,0,,434,
1644418068,B14,1,0,,434,0,0,,434,
1644418068,B11,1,0,,434,0,0,,434,
1644418068,cn12,1,0,,434,0,0,,434,
1644418068,B54,1,0,,434,0,0,,434,
1644418068,B51,1,0,,434,0,0,,434,
1644418068,os4,1,0,,434,0,0,,434,
1644418068,in4,1,0,,434,0,0,,434,
1644418068,B33,1,0,,434,0,0,,434,
1644418068,in27,1,0,,435,0,0,,435,
1644418068,B14,1,0,,435,0,0,,435,
1644418068,B11,1,0,,435,0,0,,435,
1644418068,cn12,1,0,,435,0,0,,435,
1644418068,B54,1,0,,435,0,0,,435,
1644418068,B51,1,0,,435,0,0,,435,
1644418068,os4,1,0,,435,0,0,,435,
1644418068,in4,1,0,,435,0,0,,435,
1644418068,B33,1,0,,435,0,0,,435,
1644418068,in27,1,0,,436,0,0,,436,
1644418068,B14,1,0,,436,0,0,,436,
1644418068,B11,1,0,,436,0,0,,436,
1644418068,cn12,1,0,,436,0,0,,436,
1644418068,B54,1,0,,436,0,0,,436,
1644418068,B51,1,0,,436,0,0,,436,
1644418068,os4,1,0,,436,0,0,,436,
1644418068,in4,1,0,,436,0,0,,436,
1644418068,B33,1,0,,436,0,0,,436,
1644418069,in27,1,0,,437,0,0,,437,
1644418069,B14,1,0,,437,0,0,,437,
1644418069,B11,1,0,,437,0,0,,437,
1644418069,cn12,1,0,,437,0,0,,437,
1644418069,B54,1,1,job218_scenario1_403,437,0,0,,437,
1644418069,B51,1,0,,437,0,0,,437,
1644418069,os4,1,0,,437,0,0,,437,
1644418069,in4,1,0,,437,0,0,,437,
1644418069,B33,1,0,,437,0,0,,437,
1644418069,in27,1,0,,438,0,0,,438,
1644418069,B14,1,0,,438,0,0,,438,
1644418069,B11,1,0,,438,0,0,,438,
1644418069,cn12,1,0,,438,0,0,,438,
1644418069,B54,1,1,job218_scenario1_403,438,0,0,,438,
1644418069,B51,1,0,,438,0,0,,438,
1644418069,os4,1,0,,438,0,0,,438,
1644418069,in4,1,0,,438,0,0,,438,
1644418069,B33,1,0,,438,0,0,,438,
1644418069,in27,1,0,,439,0,0,,439,
1644418069,B14,1,0,,439,0,0,,439,
1644418069,B11,1,0,,439,0,0,,439,
1644418069,cn12,1,0,,439,0,0,,439,
1644418069,B54,1,1,job218_scenario1_403,439,0,0,,439,
1644418069,B51,1,0,,439,0,0,,439,
1644418069,os4,1,0,,439,0,0,,439,
1644418069,in4,1,0,,439,0,0,,439,
1644418069,B33,1,0,,439,0,0,,439,
1644418069,in27,1,0,,440,0,0,,440,
1644418069,B14,1,0,,440,0,0,,440,
1644418069,B11,1,0,,440,0,0,,440,
1644418069,cn12,1,0,,440,0,0,,440,
1644418069,B54,1,1,job218_scenario1_403,440,0,0,,440,
1644418069,B51,1,0,,440,0,0,,440,
1644418069,os4,1,0,,440,0,0,,440,
1644418069,in4,1,0,,440,0,0,,440,
1644418069,B33,1,0,,440,0,0,,440,
1644418069,in27,1,0,,441,0,0,,441,
1644418069,B14,1,0,,441,0,0,,441,
1644418069,B11,1,0,,441,0,0,,441,
1644418069,cn12,1,0,,441,0,0,,441,
1644418069,B54,1,1,job218_scenario1_403,441,0,0,,441,
1644418069,B51,1,0,,441,0,0,,441,
1644418069,os4,1,0,,441,0,0,,441,
1644418069,in4,1,0,,441,0,0,,441,
1644418069,B33,1,0,,441,0,0,,441,
1644418069,in27,1,0,,442,0,0,,442,
1644418069,B14,1,0,,442,0,0,,442,
1644418069,B11,1,0,,442,0,0,,442,
1644418069,cn12,1,0,,442,0,0,,442,
1644418069,B54,1,1,job218_scenario1_403,442,0,0,,442,
1644418069,B51,1,0,,442,0,0,,442,
1644418069,os4,1,0,,442,0,0,,442,
1644418069,in4,1,0,,442,0,0,,442,
1644418069,B33,1,0,,442,0,0,,442,
1644418069,in27,1,0,,443,0,0,,443,
1644418069,B14,1,0,,443,0,0,,443,
1644418069,B11,1,0,,443,0,0,,443,
1644418069,cn12,1,0,,443,0,0,,443,
1644418069,B54,1,1,job218_scenario1_403,443,0,0,,443,
1644418069,B51,1,0,,443,0,0,,443,
1644418069,os4,1,0,,443,0,0,,443,
1644418069,in4,1,0,,443,0,0,,443,
1644418069,B33,1,0,,443,0,0,,443,
1644418069,in27,1,0,,444,0,0,,444,
1644418069,B14,1,0,,444,0,0,,444,
1644418069,B11,1,0,,444,0,0,,444,
1644418069,cn12,1,0,,444,0,0,,444,
1644418069,B54,1,0,,444,0,0,,444,
1644418069,B51,1,0,,444,0,0,,444,
1644418069,os4,1,0,,444,0,0,,444,
1644418069,in4,1,0,,444,0,0,,444,
1644418069,B33,1,0,,444,0,0,,444,
1644418069,in27,1,0,,445,0,0,,445,
1644418069,B14,1,0,,445,0,0,,445,
1644418069,B11,1,0,,445,0,0,,445,
1644418069,cn12,1,0,,445,0,0,,445,
1644418069,B54,1,0,,445,0,0,,445,
1644418069,B51,1,0,,445,0,0,,445,
1644418069,os4,1,0,,445,0,0,,445,
1644418069,in4,1,0,,445,0,0,,445,
1644418069,B33,1,0,,445,0,0,,445,
1644418069,in27,1,0,,446,0,0,,446,
1644418069,B14,1,0,,446,0,0,,446,
1644418069,B11,1,0,,446,0,0,,446,
1644418069,cn12,1,0,,446,0,0,,446,
1644418069,B54,1,0,,446,0,0,,446,
1644418069,B51,1,0,,446,0,0,,446,
1644418069,os4,1,0,,446,0,0,,446,
1644418069,in4,1,0,,446,0,0,,446,
1644418069,B33,1,0,,446,0,0,,446,
1644418069,in27,1,0,,447,0,0,,447,
1644418069,B14,1,0,,447,0,0,,447,
1644418069,B11,1,0,,447,0,0,,447,
1644418069,cn12,1,0,,447,0,0,,447,
1644418069,B54,1,0,,447,0,0,,447,
1644418069,B51,1,0,,447,0,0,,447,
1644418069,os4,1,0,,447,0,0,,447,
1644418069,in4,1,0,,447,0,0,,447,
1644418069,B33,1,0,,447,0,0,,447,
1644418070,in27,1,0,,448,0,0,,448,
1644418070,B14,1,0,,448,0,0,,448,
1644418070,B11,1,0,,448,0,0,,448,
1644418070,cn12,1,0,,448,0,0,,448,
1644418070,B54,1,1,job221_scenario1_407,448,0,0,,448,
1644418070,B51,1,0,,448,0,0,,448,
1644418070,os4,1,0,,448,0,0,,448,
1644418070,in4,1,0,,448,0,0,,448,
1644418070,B33,1,0,,448,0,0,,448,
1644418070,in27,1,0,,449,0,0,,449,
1644418070,B14,1,0,,449,0,0,,449,
1644418070,B11,1,1,job233_scenario3_430,449,0,0,,449,
1644418070,cn12,1,0,,449,0,0,,449,
1644418070,B54,1,1,job221_scenario1_407,449,0,0,,449,
1644418070,B51,1,0,,449,0,0,,449,
1644418070,os4,1,0,,449,0,0,,449,
1644418070,in4,1,0,,449,0,0,,449,
1644418070,B33,1,0,,449,0,0,,449,
1644418070,in27,1,0,,450,0,0,,450,
1644418070,B14,1,0,,450,0,0,,450,
1644418070,B11,1,1,job233_scenario3_430,450,0,0,,450,
1644418070,cn12,1,0,,450,0,0,,450,
1644418070,B54,1,1,job221_scenario1_407,450,0,0,,450,
1644418070,B51,1,0,,450,0,0,,450,
1644418070,os4,1,0,,450,0,0,,450,
1644418070,in4,1,0,,450,0,0,,450,
1644418070,B33,1,0,,450,0,0,,450,
1644418070,in27,1,0,,451,0,0,,451,
1644418070,B14,1,0,,451,0,0,,451,
1644418070,B11,1,0,,451,0,0,,451,
1644418070,cn12,1,0,,451,0,0,,451,
1644418070,B54,1,1,job221_scenario1_407,451,0,0,,451,
1644418070,B51,1,0,,451,0,0,,451,
1644418070,os4,1,0,,451,0,0,,451,
1644418070,in4,1,0,,451,0,0,,451,
1644418070,B33,1,0,,451,0,0,,451,
1644418070,in27,1,0,,452,0,0,,452,
1644418070,B14,1,0,,452,0,0,,452,
1644418070,B11,1,0,,452,0,0,,452,
1644418070,cn12,1,0,,452,0,0,,452,
1644418070,B54,1,1,job221_scenario1_407,452,0,0,,452,
1644418070,B51,1,0,,452,0,0,,452,
1644418070,os4,1,0,,452,0,0,,452,
1644418070,in4,1,0,,452,0,0,,452,
1644418070,B33,1,0,,452,0,0,,452,
1644418070,in27,1,0,,453,0,0,,453,
1644418070,B14,1,0,,453,0,0,,453,
1644418070,B11,1,0,,453,0,0,,453,
1644418070,cn12,1,0,,453,0,0,,453,
1644418070,B54,1,0,,453,0,0,,453,
1644418070,B51,1,0,,453,0,0,,453,
1644418070,os4,1,0,,453,0,0,,453,
1644418070,in4,1,0,,453,0,0,,453,
1644418070,B33,1,0,,453,0,0,,453,
1644418070,in27,1,0,,454,0,0,,454,
1644418070,B14,1,0,,454,0,0,,454,
1644418070,B11,1,0,,454,0,0,,454,
1644418070,cn12,1,0,,454,0,0,,454,
1644418070,B54,1,0,,454,0,0,,454,
1644418070,B51,1,0,,454,0,0,,454,
1644418070,os4,1,0,,454,0,0,,454,
1644418070,in4,1,0,,454,0,0,,454,
1644418070,B33,1,0,,454,0,0,,454,
1644418070,in27,1,0,,455,0,0,,455,
1644418070,B14,1,0,,455,0,0,,455,
1644418070,B11,1,0,,455,0,0,,455,
1644418070,cn12,1,0,,455,0,0,,455,
1644418070,B54,1,0,,455,0,0,,455,
1644418070,B51,1,0,,455,0,0,,455,
1644418070,os4,1,0,,455,0,0,,455,
1644418070,in4,1,0,,455,0,0,,455,
1644418070,B33,1,0,,455,0,0,,455,
1644418070,in27,1,0,,456,0,0,,456,
1644418070,B14,1,0,,456,0,0,,456,
1644418070,B11,1,0,,456,0,0,,456,
1644418070,cn12,1,0,,456,0,0,,456,
1644418070,B54,1,0,,456,0,0,,456,
1644418070,B51,1,0,,456,0,0,,456,
1644418070,os4,1,0,,456,0,0,,456,
1644418070,in4,1,0,,456,0,0,,456,
1644418070,B33,1,0,,456,0,0,,456,
1644418070,in27,1,0,,457,0,0,,457,
1644418070,B14,1,0,,457,0,0,,457,
1644418070,B11,1,0,,457,0,0,,457,
1644418070,cn12,1,0,,457,0,0,,457,
1644418070,B54,1,0,,457,0,0,,457,
1644418070,B51,1,0,,457,0,0,,457,
1644418070,os4,1,0,,457,0,0,,457,
1644418070,in4,1,0,,457,0,0,,457,
1644418070,B33,1,0,,457,0,0,,457,
1644418071,in27,1,0,,458,0,0,,458,
1644418071,B14,1,0,,458,0,0,,458,
1644418071,B11,1,1,job242_scenario3_453,458,0,0,,458,
1644418071,cn12,1,0,,458,0,0,,458,
1644418071,B54,1,0,,458,0,0,,458,
1644418071,B51,1,0,,458,0,0,,458,
1644418071,os4,1,1,job243_scenario4_454,458,0,0,,458,
1644418071,in4,1,0,,458,0,0,,458,
1644418071,B33,1,0,,458,0,0,,458,
1644418071,in27,1,0,,459,0,0,,459,
1644418071,B14,1,0,,459,0,0,,459,
1644418071,B11,1,1,job242_scenario3_453,459,0,0,,459,
1644418071,cn12,1,0,,459,0,0,,459,
1644418071,B54,1,0,,459,0,0,,459,
1644418071,B51,1,0,,459,0,0,,459,
1644418071,os4,1,1,job243_scenario4_454,459,0,0,,459,
1644418071,in4,1,0,,459,0,0,,459,
1644418071,B33,1,0,,459,0,0,,459,
1644418071,in27,1,0,,460,0,0,,460,
1644418071,B14,1,0,,460,0,0,,460,
1644418071,B11,1,1,job242_scenario3_453,460,0,0,,460,
1644418071,cn12,1,0,,460,0,0,,460,
1644418071,B54,1,0,,460,0,0,,460,
1644418071,B51,1,0,,460,0,0,,460,
1644418071,os4,1,1,job243_scenario4_454,460,0,0,,460,
1644418071,in4,1,0,,460,0,0,,460,
1644418071,B33,1,1,job246_scenario2_459,460,0,0,,460,
1644418071,in27,1,0,,461,0,0,,461,
1644418071,B14,1,0,,461,0,0,,461,
1644418071,B11,1,1,job242_scenario3_453,461,0,0,,461,
1644418071,cn12,1,0,,461,0,0,,461,
1644418071,B54,1,0,,461,0,0,,461,
1644418071,B51,1,1,job228_scenario0_423,461,0,0,,461,
1644418071,os4,1,1,job243_scenario4_454,461,0,0,,461,
1644418071,in4,1,0,,461,0,0,,461,
1644418071,B33,1,0,,461,0,0,,461,
1644418071,in27,1,0,,462,0,0,,462,
1644418071,B14,1,0,,462,0,0,,462,
1644418071,B11,1,1,job242_scenario3_453,462,0,0,,462,
1644418071,cn12,1,0,,462,0,0,,462,
1644418071,B54,1,0,,462,0,0,,462,
1644418071,B51,1,1,job228_scenario0_423,462,0,0,,462,
1644418071,os4,1,1,job243_scenario4_454,462,0,0,,462,
1644418071,in4,1,0,,462,0,0,,462,
1644418071,B33,1,0,,462,0,0,,462,
1644418071,in27,1,0,,463,0,0,,463,
1644418071,B14,1,0,,463,0,0,,463,
1644418071,B11,1,1,job242_scenario3_453,463,0,0,,463,
1644418071,cn12,1,0,,463,0,0,,463,
1644418071,B54,1,0,,463,0,0,,463,
1644418071,B51,1,1,job228_scenario0_423,463,0,0,,463,
1644418071,os4,1,1,job243_scenario4_454,463,0,0,,463,
1644418071,in4,1,0,,463,0,0,,463,
1644418071,B33,1,0,,463,0,0,,463,
1644418071,in27,1,0,,464,0,0,,464,
1644418071,B14,1,1,job247_scenario1_463,464,0,0,,464,
1644418071,B11,1,0,,464,0,0,,464,
1644418071,cn12,1,0,,464,0,0,,464,
1644418071,B54,1,0,,464,0,0,,464,
1644418071,B51,1,1,job228_scenario0_423,464,0,0,,464,
1644418071,os4,1,1,job243_scenario4_454,464,0,0,,464,
1644418071,in4,1,0,,464,0,0,,464,
1644418071,B33,1,0,,464,0,0,,464,
1644418071,in27,1,0,,465,0,0,,465,
1644418071,B14,1,1,job247_scenario1_463,465,0,0,,465,
1644418071,B11,1,0,,465,0,0,,465,
1644418071,cn12,1,0,,465,0,0,,465,
1644418071,B54,1,0,,465,0,0,,465,
1644418071,B51,1,1,job228_scenario0_423,465,0,0,,465,
1644418071,os4,1,0,,465,0,0,,465,
1644418071,in4,1,0,,465,0,0,,465,
1644418071,B33,1,0,,465,0,0,,465,
1644418071,in27,1,0,,466,0,0,,466,
1644418071,B14,1,1,job247_scenario1_463,466,0,0,,466,
1644418071,B11,1,0,,466,0,0,,466,
1644418071,cn12,1,0,,466,0,0,,466,
1644418071,B54,1,0,,466,0,0,,466,
1644418071,B51,1,1,job228_scenario0_423,466,0,0,,466,
1644418071,os4,1,0,,466,0,0,,466,
1644418071,in4,1,0,,466,0,0,,466,
1644418071,B33,1,0,,466,0,0,,466,
1644418072,in27,1,0,,467,0,0,,467,
1644418072,B14,1,1,job247_scenario1_463,467,0,0,,467,
1644418072,B11,1,0,,467,0,0,,467,
1644418072,cn12,1,0,,467,0,0,,467,
1644418072,B54,1,0,,467,0,0,,467,
1644418072,B51,1,1,job228_scenario0_423,467,0,0,,467,
1644418072,os4,1,0,,467,0,0,,467,
1644418072,in4,1,0,,467,0,0,,467,
1644418072,B33,1,1,job231_scenario2_427,467,0,0,,467,
1644418072,in27,1,0,,468,0,0,,468,
1644418072,B14,1,1,job247_scenario1_463,468,0,0,,468,
1644418072,B11,1,0,,468,0,0,,468,
1644418072,cn12,1,0,,468,0,0,,468,
1644418072,B54,1,0,,468,0,0,,468,
1644418072,B51,1,1,job228_scenario0_423,468,0,0,,468,
1644418072,os4,1,0,,468,0,0,,468,
1644418072,in4,1,0,,468,0,0,,468,
1644418072,B33,1,0,,468,0,0,,468,
1644418072,in27,1,0,,469,0,0,,469,
1644418072,B14,1,1,job247_scenario1_463,469,0,0,,469,
1644418072,B11,1,1,job248_scenario3_464,469,0,0,,469,
1644418072,cn12,1,0,,469,0,0,,469,
1644418072,B54,1,0,,469,0,0,,469,
1644418072,B51,1,1,job228_scenario0_423,469,0,0,,469,
1644418072,os4,1,0,,469,0,0,,469,
1644418072,in4,1,0,,469,0,0,,469,
1644418072,B33,1,0,,469,0,0,,469,
1644418072,in27,1,0,,470,0,0,,470,
1644418072,B14,1,1,job247_scenario1_463,470,0,0,,470,
1644418072,B11,1,1,job248_scenario3_464,470,0,0,,470,
1644418072,cn12,1,0,,470,0,0,,470,
1644418072,B54,1,0,,470,0,0,,470,
1644418072,B51,1,1,job228_scenario0_423,470,0,0,,470,
1644418072,os4,1,0,,470,0,0,,470,
1644418072,in4,1,0,,470,0,0,,470,
1644418072,B33,1,0,,470,0,0,,470,
1644418072,in27,1,0,,471,0,0,,471,
1644418072,B14,1,1,job247_scenario1_463,471,0,0,,471,
1644418072,B11,1,0,,471,0,0,,471,
1644418072,cn12,1,0,,471,0,0,,471,
1644418072,B54,1,0,,471,0,0,,471,
1644418072,B51,1,0,,471,0,0,,471,
1644418072,os4,1,0,,471,0,0,,471,
1644418072,in4,1,0,,471,0,0,,471,
1644418072,B33,1,0,,471,0,0,,471,
1644418072,in27,1,0,,472,0,0,,472,
1644418072,B14,1,1,job247_scenario1_463,472,0,0,,472,
1644418072,B11,1,0,,472,0,0,,472,
1644418072,cn12,1,0,,472,0,0,,472,
1644418072,B54,1,0,,472,0,0,,472,
1644418072,B51,1,0,,472,0,0,,472,
1644418072,os4,1,0,,472,0,0,,472,
1644418072,in4,1,0,,472,0,0,,472,
1644418072,B33,1,1,job245_scenario2_457,472,0,0,,472,
1644418072,in27,1,0,,473,0,0,,473,
1644418072,B14,1,0,,473,0,0,,473,
1644418072,B11,1,0,,473,0,0,,473,
1644418072,cn12,1,0,,473,0,0,,473,
1644418072,B54,1,0,,473,0,0,,473,
1644418072,B51,1,0,,473,0,0,,473,
1644418072,os4,1,0,,473,0,0,,473,
1644418072,in4,1,0,,473,0,0,,473,
1644418072,B33,1,1,job245_scenario2_457,473,0,0,,473,
1644418072,in27,1,0,,474,0,0,,474,
1644418072,B14,1,0,,474,0,0,,474,
1644418072,B11,1,0,,474,0,0,,474,
1644418072,cn12,1,0,,474,0,0,,474,
1644418072,B54,1,0,,474,0,0,,474,
1644418072,B51,1,0,,474,0,0,,474,
1644418072,os4,1,0,,474,0,0,,474,
1644418072,in4,1,0,,474,0,0,,474,
1644418072,B33,1,0,,474,0,0,,474,
1644418072,in27,1,0,,475,0,0,,475,
1644418072,B14,1,0,,475,0,0,,475,
1644418072,B11,1,0,,475,0,0,,475,
1644418072,cn12,1,0,,475,0,0,,475,
1644418072,B54,1,0,,475,0,0,,475,
1644418072,B51,1,0,,475,0,0,,475,
1644418072,os4,1,0,,475,0,0,,475,
1644418072,in4,1,0,,475,0,0,,475,
1644418072,B33,1,0,,475,0,0,,475,
1644418072,in27,1,0,,476,0,0,,476,
1644418072,B14,1,0,,476,0,0,,476,
1644418072,B11,1,0,,476,0,0,,476,
1644418072,cn12,1,0,,476,0,0,,476,
1644418072,B54,1,0,,476,0,0,,476,
1644418072,B51,1,0,,476,0,0,,476,
1644418072,os4,1,0,,476,0,0,,476,
1644418072,in4,1,0,,476,0,0,,476,
1644418072,B33,1,0,,476,0,0,,476,
1644418072,in27,1,0,,477,0,0,,477,
1644418072,B14,1,0,,477,0,0,,477,
1644418072,B11,1,1,job253_scenario3_472,477,0,0,,477,
1644418072,cn12,1,0,,477,0,0,,477,
1644418072,B54,1,0,,477,0,0,,477,
1644418072,B51,1,0,,477,0,0,,477,
1644418072,os4,1,0,,477,0,0,,477,
1644418072,in4,1,0,,477,0,0,,477,
1644418072,B33,1,0,,477,0,0,,477,
1644418073,in27,1,0,,478,0,0,,478,
1644418073,B14,1,1,job258_scenario1_477,478,0,0,,478,
1644418073,B11,1,1,job253_scenario3_472,478,0,0,,478,
1644418073,cn12,1,0,,478,0,0,,478,
1644418073,B54,1,0,,478,0,0,,478,
1644418073,B51,1,0,,478,0,0,,478,
1644418073,os4,1,0,,478,0,0,,478,
1644418073,in4,1,0,,478,0,0,,478,
1644418073,B33,1,0,,478,0,0,,478,
1644418073,in27,1,0,,479,0,0,,479,
1644418073,B14,1,1,job258_scenario1_477,479,0,0,,479,
1644418073,B11,1,1,job253_scenario3_472,479,0,0,,479,
1644418073,cn12,1,0,,479,0,0,,479,
1644418073,B54,1,0,,479,0,0,,479,
1644418073,B51,1,0,,479,0,0,,479,
1644418073,os4,1,0,,479,0,0,,479,
1644418073,in4,1,0,,479,0,0,,479,
1644418073,B33,1,0,,479,0,0,,479,
1644418073,in27,1,0,,480,0,0,,480,
1644418073,B14,1,1,job258_scenario1_477,480,0,0,,480,
1644418073,B11,1,0,,480,0,0,,480,
1644418073,cn12,1,0,,480,0,0,,480,
1644418073,B54,1,0,,480,0,0,,480,
1644418073,B51,1,0,,480,0,0,,480,
1644418073,os4,1,0,,480,0,0,,480,
1644418073,in4,1,0,,480,0,0,,480,
1644418073,B33,1,1,job238_scenario2_439,480,0,0,,480,
1644418073,in27,1,0,,481,0,0,,481,
1644418073,B14,1,1,job258_scenario1_477,481,0,0,,481,
1644418073,B11,1,0,,481,0,0,,481,
1644418073,cn12,1,0,,481,0,0,,481,
1644418073,B54,1,0,,481,0,0,,481,
1644418073,B51,1,0,,481,0,0,,481,
1644418073,os4,1,0,,481,0,0,,481,
1644418073,in4,1,0,,481,0,0,,481,
1644418073,B33,1,1,job238_scenario2_439,481,0,0,,481,
1644418073,in27,1,0,,482,0,0,,482,
1644418073,B14,1,1,job258_scenario1_477,482,0,0,,482,
1644418073,B11,1,0,,482,0,0,,482,
1644418073,cn12,1,0,,482,0,0,,482,
1644418073,B54,1,0,,482,0,0,,482,
1644418073,B51,1,0,,482,0,0,,482,
1644418073,os4,1,0,,482,0,0,,482,
1644418073,in4,1,0,,482,0,0,,482,
1644418073,B33,1,1,job238_scenario2_439,482,0,0,,482,
1644418073,in27,1,0,,483,0,0,,483,
1644418073,B14,1,1,job258_scenario1_477,483,0,0,,483,
1644418073,B11,1,0,,483,0,0,,483,
1644418073,cn12,1,0,,483,0,0,,483,
1644418073,B54,1,1,job250_scenario0_467,483,0,0,,483,
1644418073,B51,1,0,,483,0,0,,483,
1644418073,os4,1,0,,483,0,0,,483,
1644418073,in4,1,0,,483,0,0,,483,
1644418073,B33,1,1,job238_scenario2_439,483,0,0,,483,
1644418073,in27,1,0,,484,0,0,,484,
1644418073,B14,1,1,job258_scenario1_477,484,0,0,,484,
1644418073,B11,1,0,,484,0,0,,484,
1644418073,cn12,1,0,,484,0,0,,484,
1644418073,B54,1,1,job250_scenario0_467,484,0,0,,484,
1644418073,B51,1,0,,484,0,0,,484,
1644418073,os4,1,0,,484,0,0,,484,
1644418073,in4,1,0,,484,0,0,,484,
1644418073,B33,1,0,,484,0,0,,484,
1644418073,in27,1,0,,485,0,0,,485,
1644418073,B14,1,1,job258_scenario1_477,485,0,0,,485,
1644418073,B11,1,0,,485,0,0,,485,
1644418073,cn12,1,0,,485,0,0,,485,
1644418073,B54,1,1,job250_scenario0_467,485,0,0,,485,
1644418073,B51,1,0,,485,0,0,,485,
1644418073,os4,1,0,,485,0,0,,485,
1644418073,in4,1,0,,485,0,0,,485,
1644418073,B33,1,0,,485,0,0,,485,
1644418073,in27,1,0,,486,0,0,,486,
1644418073,B14,1,0,,486,0,0,,486,
1644418073,B11,1,0,,486,0,0,,486,
1644418073,cn12,1,0,,486,0,0,,486,
1644418073,B54,1,1,job250_scenario0_467,486,0,0,,486,
1644418073,B51,1,0,,486,0,0,,486,
1644418073,os4,1,0,,486,0,0,,486,
1644418073,in4,1,0,,486,0,0,,486,
1644418073,B33,1,0,,486,0,0,,486,
1644418073,in27,1,0,,487,0,0,,487,
1644418073,B14,1,0,,487,0,0,,487,
1644418073,B11,1,0,,487,0,0,,487,
1644418073,cn12,1,0,,487,0,0,,487,
1644418073,B54,1,1,job250_scenario0_467,487,0,0,,487,
1644418073,B51,1,0,,487,0,0,,487,
1644418073,os4,1,0,,487,0,0,,487,
1644418073,in4,1,0,,487,0,0,,487,
1644418073,B33,1,1,job263_scenario2_486,487,0,0,,487,
1644418073,in27,1,0,,488,0,0,,488,
1644418073,B14,1,0,,488,0,0,,488,
1644418073,B11,1,0,,488,0,0,,488,
1644418073,cn12,1,0,,488,0,0,,488,
1644418073,B54,1,1,job250_scenario0_467,488,0,0,,488,
1644418073,B51,1,0,,488,0,0,,488,
1644418073,os4,1,0,,488,0,0,,488,
1644418073,in4,1,0,,488,0,0,,488,
1644418073,B33,1,1,job263_scenario2_486,488,0,0,,488,
1644418073,in27,1,0,,489,0,0,,489,
1644418074,B14,1,0,,489,0,0,,489,
1644418074,B11,1,0,,489,0,0,,489,
1644418074,cn12,1,0,,489,0,0,,489,
1644418074,B54,1,1,job250_scenario0_467,489,0,0,,489,
1644418074,B51,1,0,,489,0,0,,489,
1644418074,os4,1,0,,489,0,0,,489,
1644418074,in4,1,0,,489,0,0,,489,
1644418074,B33,1,0,,489,0,0,,489,
1644418074,in27,1,0,,490,0,0,,490,
1644418074,B14,1,0,,490,0,0,,490,
1644418074,B11,1,0,,490,0,0,,490,
1644418074,cn12,1,0,,490,0,0,,490,
1644418074,B54,1,1,job250_scenario0_467,490,0,0,,490,
1644418074,B51,1,0,,490,0,0,,490,
1644418074,os4,1,0,,490,0,0,,490,
1644418074,in4,1,0,,490,0,0,,490,
1644418074,B33,1,0,,490,0,0,,490,
1644418074,in27,1,0,,491,0,0,,491,
1644418074,B14,1,0,,491,0,0,,491,
1644418074,B11,1,0,,491,0,0,,491,
1644418074,cn12,1,0,,491,0,0,,491,
1644418074,B54,1,1,job250_scenario0_467,491,0,0,,491,
1644418074,B51,1,0,,491,0,0,,491,
1644418074,os4,1,0,,491,0,0,,491,
1644418074,in4,1,0,,491,0,0,,491,
1644418074,B33,1,0,,491,0,0,,491,
1644418074,in27,1,0,,492,0,0,,492,
1644418074,B14,1,0,,492,0,0,,492,
1644418074,B11,1,0,,492,0,0,,492,
1644418074,cn12,1,0,,492,0,0,,492,
1644418074,B54,1,1,job250_scenario0_467,492,0,0,,492,
1644418074,B51,1,0,,492,0,0,,492,
1644418074,os4,1,0,,492,0,0,,492,
1644418074,in4,1,0,,492,0,0,,492,
1644418074,B33,1,0,,492,0,0,,492,
1644418074,in27,1,0,,493,0,0,,493,
1644418074,B14,1,0,,493,0,0,,493,
1644418074,B11,1,0,,493,0,0,,493,
1644418074,cn12,1,0,,493,0,0,,493,
1644418074,B54,1,1,job250_scenario0_467,493,0,0,,493,
1644418074,B51,1,0,,493,0,0,,493,
1644418074,os4,1,0,,493,0,0,,493,
1644418074,in4,1,0,,493,0,0,,493,
1644418074,B33,1,0,,493,0,0,,493,
1644418074,in27,1,0,,494,0,0,,494,
1644418074,B14,1,0,,494,0,0,,494,
1644418074,B11,1,0,,494,0,0,,494,
1644418074,cn12,1,0,,494,0,0,,494,
1644418074,B54,1,1,job250_scenario0_467,494,0,0,,494,
1644418074,B51,1,0,,494,0,0,,494,
1644418074,os4,1,1,job266_scenario4_490,494,0,0,,494,
1644418074,in4,1,0,,494,0,0,,494,
1644418074,B33,1,0,,494,0,0,,494,
1644418074,in27,1,0,,495,0,0,,495,
1644418074,B14,1,0,,495,0,0,,495,
1644418074,B11,1,0,,495,0,0,,495,
1644418074,cn12,1,0,,495,0,0,,495,
1644418074,B54,1,1,job250_scenario0_467,495,0,0,,495,
1644418074,B51,1,0,,495,0,0,,495,
1644418074,os4,1,1,job266_scenario4_490,495,0,0,,495,
1644418074,in4,1,0,,495,0,0,,495,
1644418074,B33,1,0,,495,0,0,,495,
1644418074,in27,1,0,,496,0,0,,496,
1644418074,B14,1,0,,496,0,0,,496,
1644418074,B11,1,1,job267_scenario3_491,496,0,0,,496,
1644418074,cn12,1,0,,496,0,0,,496,
1644418074,B54,1,1,job250_scenario0_467,496,0,0,,496,
1644418074,B51,1,0,,496,0,0,,496,
1644418074,os4,1,1,job266_scenario4_490,496,0,0,,496,
1644418074,in4,1,0,,496,0,0,,496,
1644418074,B33,1,0,,496,0,0,,496,
1644418074,in27,1,0,,497,0,0,,497,
1644418074,B14,1,0,,497,0,0,,497,
1644418074,B11,1,1,job267_scenario3_491,497,0,0,,497,
1644418074,cn12,1,0,,497,0,0,,497,
1644418074,B54,1,1,job250_scenario0_467,497,0,0,,497,
1644418074,B51,1,1,job249_scenario0_466,497,0,0,,497,
1644418074,os4,1,1,job266_scenario4_490,497,0,0,,497,
1644418074,in4,1,0,,497,0,0,,497,
1644418074,B33,1,0,,497,0,0,,497,
1644418074,in27,1,0,,498,0,0,,498,
1644418074,B14,1,0,,498,0,0,,498,
1644418074,B11,1,1,job267_scenario3_491,498,0,0,,498,
1644418074,cn12,1,0,,498,0,0,,498,
1644418074,B54,1,0,,498,0,0,,498,
1644418074,B51,1,1,job249_scenario0_466,498,0,0,,498,
1644418074,os4,1,1,job266_scenario4_490,498,0,0,,498,
1644418074,in4,1,0,,498,0,0,,498,
1644418074,B33,1,0,,498,0,0,,498,
1644418074,in27,1,0,,499,0,0,,499,
1644418074,B14,1,0,,499,0,0,,499,
1644418074,B11,1,0,,499,0,0,,499,
1644418074,cn12,1,0,,499,0,0,,499,
1644418074,B54,1,0,,499,0,0,,499,
1644418074,B51,1,1,job249_scenario0_466,499,0,0,,499,
1644418074,os4,1,1,job266_scenario4_490,499,0,0,,499,
1644418074,in4,1,0,,499,0,0,,499,
1644418074,B33,1,0,,499,0,0,,499,
1644418074,in27,1,0,,500,0,0,,500,
1644418074,B14,1,0,,500,0,0,,500,
1644418074,B11,1,0,,500,0,0,,500,
1644418074,cn12,1,0,,500,0,0,,500,
1644418074,B54,1,0,,500,0,0,,500,
1644418074,B51,1,1,job249_scenario0_466,500,0,0,,500,
1644418074,os4,1,0,,500,0,0,,500,
1644418075,in4,1,0,,500,0,0,,500,
1644418075,B33,1,0,,500,0,0,,500,
1644418075,in27,1,0,,501,0,0,,501,
1644418075,B14,1,0,,501,0,0,,501,
1644418075,B11,1,0,,501,0,0,,501,
1644418075,cn12,1,0,,501,0,0,,501,
1644418075,B54,1,0,,501,0,0,,501,
1644418075,B51,1,1,job249_scenario0_466,501,0,0,,501,
1644418075,os4,1,0,,501,0,0,,501,
1644418075,in4,1,0,,501,0,0,,501,
1644418075,B33,1,0,,501,0,0,,501,
1644418075,in27,1,0,,502,0,0,,502,
1644418075,B14,1,0,,502,0,0,,502,
1644418075,B11,1,0,,502,0,0,,502,
1644418075,cn12,1,0,,502,0,0,,502,
1644418075,B54,1,0,,502,0,0,,502,
1644418075,B51,1,1,job249_scenario0_466,502,0,0,,502,
1644418075,os4,1,0,,502,0,0,,502,
1644418075,in4,1,0,,502,0,0,,502,
1644418075,B33,1,0,,502,0,0,,502,
1644418075,in27,1,0,,503,0,0,,503,
1644418075,B14,1,0,,503,0,0,,503,
1644418075,B11,1,0,,503,0,0,,503,
1644418075,cn12,1,0,,503,0,0,,503,
1644418075,B54,1,0,,503,0,0,,503,
1644418075,B51,1,1,job249_scenario0_466,503,0,0,,503,
1644418075,os4,1,0,,503,0,0,,503,
1644418075,in4,1,0,,503,0,0,,503,
1644418075,B33,1,0,,503,0,0,,503,
1644418075,in27,1,0,,504,0,0,,504,
1644418075,B14,1,0,,504,0,0,,504,
1644418075,B11,1,0,,504,0,0,,504,
1644418075,cn12,1,0,,504,0,0,,504,
1644418075,B54,1,0,,504,0,0,,504,
1644418075,B51,1,1,job249_scenario0_466,504,0,0,,504,
1644418075,os4,1,0,,504,0,0,,504,
1644418075,in4,1,0,,504,0,0,,504,
1644418075,B33,1,0,,504,0,0,,504,
1644418075,in27,1,0,,505,0,0,,505,
1644418075,B14,1,0,,505,0,0,,505,
1644418075,B11,1,0,,505,0,0,,505,
1644418075,cn12,1,0,,505,0,0,,505,
1644418075,B54,1,0,,505,0,0,,505,
1644418075,B51,1,1,job249_scenario0_466,505,0,0,,505,
1644418075,os4,1,0,,505,0,0,,505,
1644418075,in4,1,0,,505,0,0,,505,
1644418075,B33,1,0,,505,0,0,,505,
1644418075,in27,1,0,,506,0,0,,506,
1644418075,B14,1,0,,506,0,0,,506,
1644418075,B11,1,0,,506,0,0,,506,
1644418075,cn12,1,0,,506,0,0,,506,
1644418075,B54,1,0,,506,0,0,,506,
1644418075,B51,1,1,job249_scenario0_466,506,0,0,,506,
1644418075,os4,1,0,,506,0,0,,506,
1644418075,in4,1,0,,506,0,0,,506,
1644418075,B33,1,1,job251_scenario2_469,506,0,0,,506,
1644418075,in27,1,0,,507,0,0,,507,
1644418075,B14,1,0,,507,0,0,,507,
1644418075,B11,1,0,,507,0,0,,507,
1644418075,cn12,1,0,,507,0,0,,507,
1644418075,B54,1,0,,507,0,0,,507,
1644418075,B51,1,1,job249_scenario0_466,507,0,0,,507,
1644418075,os4,1,1,job272_scenario4_502,507,0,0,,507,
1644418075,in4,1,0,,507,0,0,,507,
1644418075,B33,1,0,,507,0,0,,507,
1644418075,in27,1,0,,508,0,0,,508,
1644418075,B14,1,0,,508,0,0,,508,
1644418075,B11,1,0,,508,0,0,,508,
1644418075,cn12,1,0,,508,0,0,,508,
1644418075,B54,1,0,,508,0,0,,508,
1644418075,B51,1,1,job249_scenario0_466,508,0,0,,508,
1644418075,os4,1,1,job272_scenario4_502,508,0,0,,508,
1644418075,in4,1,0,,508,0,0,,508,
1644418075,B33,1,0,,508,0,0,,508,
1644418075,in27,1,0,,509,0,0,,509,
1644418075,B14,1,0,,509,0,0,,509,
1644418075,B11,1,0,,509,0,0,,509,
1644418075,cn12,1,0,,509,0,0,,509,
1644418075,B54,1,0,,509,0,0,,509,
1644418075,B51,1,1,job249_scenario0_466,509,0,0,,509,
1644418075,os4,1,1,job272_scenario4_502,509,0,0,,509,
1644418075,in4,1,0,,509,0,0,,509,
1644418075,B33,1,0,,509,0,0,,509,
1644418075,in27,1,0,,510,0,0,,510,
1644418075,B14,1,0,,510,0,0,,510,
1644418075,B11,1,0,,510,0,0,,510,
1644418075,cn12,1,0,,510,0,0,,510,
1644418075,B54,1,0,,510,0,0,,510,
1644418075,B51,1,0,,510,0,0,,510,
1644418075,os4,1,1,job272_scenario4_502,510,0,0,,510,
1644418075,in4,1,0,,510,0,0,,510,
1644418075,B33,1,0,,510,0,0,,510,
1644418075,in27,1,0,,511,0,0,,511,
1644418075,B14,1,0,,511,0,0,,511,
1644418075,B11,1,0,,511,0,0,,511,
1644418075,cn12,1,0,,511,0,0,,511,
1644418075,B54,1,0,,511,0,0,,511,
1644418075,B51,1,0,,511,0,0,,511,
1644418075,os4,1,1,job272_scenario4_502,511,0,0,,511,
1644418075,in4,1,0,,511,0,0,,511,
1644418075,B33,1,0,,511,0,0,,511,
1644418075,in27,1,0,,512,0,0,,512,
1644418075,B14,1,0,,512,0,0,,512,
1644418075,B11,1,0,,512,0,0,,512,
1644418075,cn12,1,0,,512,0,0,,512,
1644418075,B54,1,0,,512,0,0,,512,
1644418075,B51,1,0,,512,0,0,,512,
1644418075,os4,1,0,,512,0,0,,512,
1644418075,in4,1,0,,512,0,0,,512,
1644418075,B33,1,0,,512,0,0,,512,
1644418075,in27,1,0,,513,0,0,,513,
1644418075,B14,1,0,,513,0,0,,513,
1644418075,B11,1,0,,513,0,0,,513,
1644418075,cn12,1,0,,513,0,0,,513,
1644418076,B54,1,1,job255_scenario1_474,513,0,0,,513,
1644418076,B51,1,0,,513,0,0,,513,
1644418076,os4,1,0,,513,0,0,,513,
1644418076,in4,1,0,,513,0,0,,513,
1644418076,B33,1,0,,513,0,0,,513,
1644418076,in27,1,0,,514,0,0,,514,
1644418076,B14,1,1,job275_scenario1_509,514,0,0,,514,
1644418076,B11,1,0,,514,0,0,,514,
1644418076,cn12,1,0,,514,0,0,,514,
1644418076,B54,1,1,job255_scenario1_474,514,0,0,,514,
1644418076,B51,1,0,,514,0,0,,514,
1644418076,os4,1,0,,514,0,0,,514,
1644418076,in4,1,0,,514,0,0,,514,
1644418076,B33,1,0,,514,0,0,,514,
1644418076,in27,1,0,,515,0,0,,515,
1644418076,B14,1,1,job275_scenario1_509,515,0,0,,515,
1644418076,B11,1,0,,515,0,0,,515,
1644418076,cn12,1,0,,515,0,0,,515,
1644418076,B54,1,1,job255_scenario1_474,515,0,0,,515,
1644418076,B51,1,0,,515,0,0,,515,
1644418076,os4,1,0,,515,0,0,,515,
1644418076,in4,1,0,,515,0,0,,515,
1644418076,B33,1,0,,515,0,0,,515,
1644418076,in27,1,0,,516,0,0,,516,
1644418076,B14,1,1,job275_scenario1_509,516,0,0,,516,
1644418076,B11,1,0,,516,0,0,,516,
1644418076,cn12,1,0,,516,0,0,,516,
1644418076,B54,1,1,job255_scenario1_474,516,0,0,,516,
1644418076,B51,1,0,,516,0,0,,516,
1644418076,os4,1,0,,516,0,0,,516,
1644418076,in4,1,0,,516,0,0,,516,
1644418076,B33,1,0,,516,0,0,,516,
1644418076,in27,1,0,,517,0,0,,517,
1644418076,B14,1,1,job275_scenario1_509,517,0,0,,517,
1644418076,B11,1,0,,517,0,0,,517,
1644418076,cn12,1,0,,517,0,0,,517,
1644418076,B54,1,1,job255_scenario1_474,517,0,0,,517,
1644418076,B51,1,0,,517,0,0,,517,
1644418076,os4,1,0,,517,0,0,,517,
1644418076,in4,1,0,,517,0,0,,517,
1644418076,B33,1,0,,517,0,0,,517,
1644418076,in27,1,0,,518,0,0,,518,
1644418076,B14,1,1,job275_scenario1_509,518,0,0,,518,
1644418076,B11,1,0,,518,0,0,,518,
1644418076,cn12,1,0,,518,0,0,,518,
1644418076,B54,1,1,job255_scenario1_474,518,0,0,,518,
1644418076,B51,1,1,job260_scenario0_481,518,0,0,,518,
1644418076,os4,1,0,,518,0,0,,518,
1644418076,in4,1,0,,518,0,0,,518,
1644418076,B33,1,0,,518,0,0,,518,
1644418076,in27,1,0,,519,0,0,,519,
1644418076,B14,1,1,job275_scenario1_509,519,0,0,,519,
1644418076,B11,1,0,,519,0,0,,519,
1644418076,cn12,1,0,,519,0,0,,519,
1644418076,B54,1,0,,519,0,0,,519,
1644418076,B51,1,1,job260_scenario0_481,519,0,0,,519,
1644418076,os4,1,0,,519,0,0,,519,
1644418076,in4,1,0,,519,0,0,,519,
1644418076,B33,1,0,,519,0,0,,519,
1644418076,in27,1,0,,520,0,0,,520,
1644418076,B14,1,1,job275_scenario1_509,520,0,0,,520,
1644418076,B11,1,0,,520,0,0,,520,
1644418076,cn12,1,0,,520,0,0,,520,
1644418076,B54,1,0,,520,0,0,,520,
1644418076,B51,1,1,job260_scenario0_481,520,0,0,,520,
1644418076,os4,1,0,,520,0,0,,520,
1644418076,in4,1,0,,520,0,0,,520,
1644418076,B33,1,0,,520,0,0,,520,
1644418076,in27,1,0,,521,0,0,,521,
1644418076,B14,1,1,job275_scenario1_509,521,0,0,,521,
1644418076,B11,1,0,,521,0,0,,521,
1644418076,cn12,1,0,,521,0,0,,521,
1644418076,B54,1,0,,521,0,0,,521,
1644418076,B51,1,1,job260_scenario0_481,521,0,0,,521,
1644418076,os4,1,0,,521,0,0,,521,
1644418076,in4,1,0,,521,0,0,,521,
1644418076,B33,1,0,,521,0,0,,521,
1644418076,in27,1,0,,522,0,0,,522,
1644418076,B14,1,1,job275_scenario1_509,522,0,0,,522,
1644418076,B11,1,0,,522,0,0,,522,
1644418076,cn12,1,0,,522,0,0,,522,
1644418076,B54,1,0,,522,0,0,,522,
1644418076,B51,1,1,job260_scenario0_481,522,0,0,,522,
1644418076,os4,1,0,,522,0,0,,522,
1644418076,in4,1,0,,522,0,0,,522,
1644418076,B33,1,0,,522,0,0,,522,
1644418076,in27,1,0,,523,0,0,,523,
1644418076,B14,1,0,,523,0,0,,523,
1644418076,B11,1,0,,523,0,0,,523,
1644418076,cn12,1,0,,523,0,0,,523,
1644418076,B54,1,0,,523,0,0,,523,
1644418076,B51,1,1,job260_scenario0_481,523,0,0,,523,
1644418076,os4,1,0,,523,0,0,,523,
1644418076,in4,1,0,,523,0,0,,523,
1644418076,B33,1,0,,523,0,0,,523,
1644418076,in27,1,0,,524,0,0,,524,
1644418076,B14,1,0,,524,0,0,,524,
1644418076,B11,1,0,,524,0,0,,524,
1644418076,cn12,1,0,,524,0,0,,524,
1644418076,B54,1,0,,524,0,0,,524,
1644418076,B51,1,1,job260_scenario0_481,524,0,0,,524,
1644418076,os4,1,0,,524,0,0,,524,
1644418076,in4,1,0,,524,0,0,,524,
1644418076,B33,1,0,,524,0,0,,524,
1644418076,in27,1,0,,525,0,0,,525,
1644418076,B14,1,0,,525,0,0,,525,
1644418076,B11,1,0,,525,0,0,,525,
1644418076,cn12,1,0,,525,0,0,,525,
1644418076,B54,1,0,,525,0,0,,525,
1644418076,B51,1,1,job260_scenario0_481,525,0,0,,525,
1644418076,os4,1,0,,525,0,0,,525,
1644418076,in4,1,0,,525,0,0,,525,
1644418076,B33,1,0,,525,0,0,,525,
1644418076,in27,1,0,,526,0,0,,526,
1644418076,B14,1,0,,526,0,0,,526,
1644418076,B11,1,0,,526,0,0,,526,
1644418076,cn12,1,0,,526,0,0,,526,
1644418076,B54,1,0,,526,0,0,,526,
1644418076,B51,1,0,,526,0,0,,526,
1644418076,os4,1,0,,526,0,0,,526,
1644418076,in4,1,0,,526,0,0,,526,
1644418076,B33,1,0,,526,0,0,,526,
1644418076,in27,1,0,,527,0,0,,527,
1644418076,B14,1,0,,527,0,0,,527,
1644418076,B11,1,0,,527,0,0,,527,
1644418076,cn12,1,0,,527,0,0,,527,
1644418076,B54,1,0,,527,0,0,,527,
1644418076,B51,1,0,,527,0,0,,527,
1644418076,os4,1,0,,527,0,0,,527,
1644418076,in4,1,0,,527,0,0,,527,
1644418076,B33,1,0,,527,0,0,,527,
1644418076,in27,1,0,,528,0,0,,528,
1644418076,B14,1,0,,528,0,0,,528,
1644418076,B11,1,0,,528,0,0,,528,
1644418076,cn12,1,0,,528,0,0,,528,
1644418076,B54,1,0,,528,0,0,,528,
1644418076,B51,1,0,,528,0,0,,528,
1644418076,os4,1,0,,528,0,0,,528,
1644418076,in4,1,0,,528,0,0,,528,
1644418076,B33,1,0,,528,0,0,,528,
1644418077,in27,1,0,,529,0,0,,529,
1644418077,B14,1,0,,529,0,0,,529,
1644418077,B11,1,0,,529,0,0,,529,
1644418077,cn12,1,0,,529,0,0,,529,
1644418077,B54,1,0,,529,0,0,,529,
1644418077,B51,1,0,,529,0,0,,529,
1644418077,os4,1,0,,529,0,0,,529,
1644418077,in4,1,0,,529,0,0,,529,
1644418077,B33,1,0,,529,0,0,,529,
1644418077,in27,1,0,,530,0,0,,530,
1644418077,B14,1,0,,530,0,0,,530,
1644418077,B11,1,0,,530,0,0,,530,
1644418077,cn12,1,0,,530,0,0,,530,
1644418077,B54,1,0,,530,0,0,,530,
1644418077,B51,1,0,,530,0,0,,530,
1644418077,os4,1,0,,530,0,0,,530,
1644418077,in4,1,0,,530,0,0,,530,
1644418077,B33,1,0,,530,0,0,,530,
1644418077,in27,1,0,,531,0,0,,531,
1644418077,B14,1,0,,531,0,0,,531,
1644418077,B11,1,0,,531,0,0,,531,
1644418077,cn12,1,0,,531,0,0,,531,
1644418077,B54,1,0,,531,0,0,,531,
1644418077,B51,1,0,,531,0,0,,531,
1644418077,os4,1,0,,531,0,0,,531,
1644418077,in4,1,0,,531,0,0,,531,
1644418077,B33,1,0,,531,0,0,,531,
1644418077,in27,1,0,,532,0,0,,532,
1644418077,B14,1,0,,532,0,0,,532,
1644418077,B11,1,0,,532,0,0,,532,
1644418077,cn12,1,0,,532,0,0,,532,
1644418077,B54,1,1,job280_scenario1_516,532,0,0,,532,
1644418077,B51,1,0,,532,0,0,,532,
1644418077,os4,1,0,,532,0,0,,532,
1644418077,in4,1,0,,532,0,0,,532,
1644418077,B33,1,1,job268_scenario2_492,532,0,0,,532,
1644418077,in27,1,0,,533,0,0,,533,
1644418077,B14,1,0,,533,0,0,,533,
1644418077,B11,1,0,,533,0,0,,533,
1644418077,cn12,1,0,,533,0,0,,533,
1644418077,B54,1,1,job280_scenario1_516,533,0,0,,533,
1644418077,B51,1,0,,533,0,0,,533,
1644418077,os4,1,1,job286_scenario4_527,533,0,0,,533,
1644418077,in4,1,0,,533,0,0,,533,
1644418077,B33,1,1,job268_scenario2_492,533,0,0,,533,
1644418077,in27,1,0,,534,0,0,,534,
1644418077,B14,1,0,,534,0,0,,534,
1644418077,B11,1,0,,534,0,0,,534,
1644418077,cn12,1,0,,534,0,0,,534,
1644418077,B54,1,1,job280_scenario1_516,534,0,0,,534,
1644418077,B51,1,0,,534,0,0,,534,
1644418077,os4,1,1,job286_scenario4_527,534,0,0,,534,
1644418077,in4,1,0,,534,0,0,,534,
1644418077,B33,1,0,,534,0,0,,534,
1644418077,in27,1,0,,535,0,0,,535,
1644418077,B14,1,0,,535,0,0,,535,
1644418077,B11,1,0,,535,0,0,,535,
1644418077,cn12,1,0,,535,0,0,,535,
1644418077,B54,1,1,job280_scenario1_516,535,0,0,,535,
1644418077,B51,1,0,,535,0,0,,535,
1644418077,os4,1,1,job286_scenario4_527,535,0,0,,535,
1644418077,in4,1,0,,535,0,0,,535,
1644418077,B33,1,0,,535,0,0,,535,
1644418077,in27,1,0,,536,0,0,,536,
1644418077,B14,1,0,,536,0,0,,536,
1644418077,B11,1,0,,536,0,0,,536,
1644418077,cn12,1,0,,536,0,0,,536,
1644418077,B54,1,0,,536,0,0,,536,
1644418077,B51,1,0,,536,0,0,,536,
1644418077,os4,1,1,job286_scenario4_527,536,0,0,,536,
1644418077,in4,1,0,,536,0,0,,536,
1644418077,B33,1,0,,536,0,0,,536,
1644418078,in27,1,0,,537,0,0,,537,
1644418078,B14,1,0,,537,0,0,,537,
1644418078,B11,1,0,,537,0,0,,537,
1644418078,cn12,1,0,,537,0,0,,537,
1644418078,B54,1,0,,537,0,0,,537,
1644418078,B51,1,1,job276_scenario0_511,537,0,0,,537,
1644418078,os4,1,1,job286_scenario4_527,537,0,0,,537,
1644418078,in4,1,0,,537,0,0,,537,
1644418078,B33,1,0,,537,0,0,,537,
1644418078,in27,1,0,,538,0,0,,538,
1644418078,B14,1,1,job271_scenario1_501,538,0,0,,538,
1644418078,B11,1,0,,538,0,0,,538,
1644418078,cn12,1,0,,538,0,0,,538,
1644418078,B54,1,0,,538,0,0,,538,
1644418078,B51,1,1,job276_scenario0_511,538,0,0,,538,
1644418078,os4,1,1,job286_scenario4_527,538,0,0,,538,
1644418078,in4,1,0,,538,0,0,,538,
1644418078,B33,1,0,,538,0,0,,538,
1644418078,in27,1,0,,539,0,0,,539,
1644418078,B14,1,1,job271_scenario1_501,539,0,0,,539,
1644418078,B11,1,0,,539,0,0,,539,
1644418078,cn12,1,0,,539,0,0,,539,
1644418078,B54,1,0,,539,0,0,,539,
1644418078,B51,1,1,job276_scenario0_511,539,0,0,,539,
1644418078,os4,1,0,,539,0,0,,539,
1644418078,in4,1,0,,539,0,0,,539,
1644418078,B33,1,1,job287_scenario2_534,539,0,0,,539,
1644418078,in27,1,0,,540,0,0,,540,
1644418078,B14,1,1,job271_scenario1_501,540,0,0,,540,
1644418078,B11,1,0,,540,0,0,,540,
1644418078,cn12,1,0,,540,0,0,,540,
1644418078,B54,1,0,,540,0,0,,540,
1644418078,B51,1,1,job276_scenario0_511,540,0,0,,540,
1644418078,os4,1,0,,540,0,0,,540,
1644418078,in4,1,0,,540,0,0,,540,
1644418078,B33,1,0,,540,0,0,,540,
1644418078,in27,1,0,,541,0,0,,541,
1644418078,B14,1,1,job271_scenario1_501,541,0,0,,541,
1644418078,B11,1,0,,541,0,0,,541,
1644418078,cn12,1,0,,541,0,0,,541,
1644418078,B54,1,0,,541,0,0,,541,
1644418078,B51,1,1,job276_scenario0_511,541,0,0,,541,
1644418078,os4,1,0,,541,0,0,,541,
1644418078,in4,1,0,,541,0,0,,541,
1644418078,B33,1,0,,541,0,0,,541,
1644418078,in27,1,0,,542,0,0,,542,
1644418078,B14,1,1,job271_scenario1_501,542,0,0,,542,
1644418078,B11,1,0,,542,0,0,,542,
1644418078,cn12,1,0,,542,0,0,,542,
1644418078,B54,1,0,,542,0,0,,542,
1644418078,B51,1,1,job276_scenario0_511,542,0,0,,542,
1644418078,os4,1,0,,542,0,0,,542,
1644418078,in4,1,0,,542,0,0,,542,
1644418078,B33,1,0,,542,0,0,,542,
1644418078,in27,1,0,,543,0,0,,543,
1644418078,B14,1,1,job271_scenario1_501,543,0,0,,543,
1644418078,B11,1,0,,543,0,0,,543,
1644418078,cn12,1,0,,543,0,0,,543,
1644418078,B54,1,0,,543,0,0,,543,
1644418079,B51,1,1,job276_scenario0_511,543,0,0,,543,
1644418079,os4,1,0,,543,0,0,,543,
1644418079,in4,1,0,,543,0,0,,543,
1644418079,B33,1,0,,543,0,0,,543,
1644418079,in27,1,0,,544,0,0,,544,
1644418079,B14,1,0,,544,0,0,,544,
1644418079,B11,1,0,,544,0,0,,544,
1644418079,cn12,1,0,,544,0,0,,544,
1644418079,B54,1,0,,544,0,0,,544,
1644418079,B51,1,1,job276_scenario0_511,544,0,0,,544,
1644418079,os4,1,0,,544,0,0,,544,
1644418079,in4,1,0,,544,0,0,,544,
1644418079,B33,1,0,,544,0,0,,544,
1644418079,in27,1,0,,545,0,0,,545,
1644418079,B14,1,0,,545,0,0,,545,
1644418079,B11,1,0,,545,0,0,,545,
1644418079,cn12,1,0,,545,0,0,,545,
1644418079,B54,1,0,,545,0,0,,545,
1644418079,B51,1,1,job276_scenario0_511,545,0,0,,545,
1644418079,os4,1,0,,545,0,0,,545,
1644418079,in4,1,0,,545,0,0,,545,
1644418079,B33,1,0,,545,0,0,,545,
1644418079,in27,1,0,,546,0,0,,546,
1644418079,B14,1,0,,546,0,0,,546,
1644418079,B11,1,0,,546,0,0,,546,
1644418079,cn12,1,0,,546,0,0,,546,
1644418079,B54,1,0,,546,0,0,,546,
1644418079,B51,1,1,job276_scenario0_511,546,0,0,,546,
1644418079,os4,1,0,,546,0,0,,546,
1644418079,in4,1,0,,546,0,0,,546,
1644418079,B33,1,0,,546,0,0,,546,
1644418079,in27,1,0,,547,0,0,,547,
1644418079,B14,1,0,,547,0,0,,547,
1644418079,B11,1,0,,547,0,0,,547,
1644418079,cn12,1,0,,547,0,0,,547,
1644418079,B54,1,0,,547,0,0,,547,
1644418079,B51,1,1,job276_scenario0_511,547,0,0,,547,
1644418079,os4,1,0,,547,0,0,,547,
1644418079,in4,1,0,,547,0,0,,547,
1644418079,B33,1,0,,547,0,0,,547,
1644418079,in27,1,0,,548,0,0,,548,
1644418079,B14,1,0,,548,0,0,,548,
1644418079,B11,1,0,,548,0,0,,548,
1644418079,cn12,1,0,,548,0,0,,548,
1644418079,B54,1,1,job283_scenario1_522,548,0,0,,548,
1644418079,B51,1,1,job276_scenario0_511,548,0,0,,548,
1644418079,os4,1,0,,548,0,0,,548,
1644418079,in4,1,0,,548,0,0,,548,
1644418079,B33,1,0,,548,0,0,,548,
1644418079,in27,1,0,,549,0,0,,549,
1644418079,B14,1,0,,549,0,0,,549,
1644418079,B11,1,0,,549,0,0,,549,
1644418080,cn12,1,0,,549,0,0,,549,
1644418080,B54,1,1,job283_scenario1_522,549,0,0,,549,
1644418080,B51,1,0,,549,0,0,,549,
1644418080,os4,1,0,,549,0,0,,549,
1644418080,in4,1,0,,549,0,0,,549,
1644418080,B33,1,1,job282_scenario2_521,549,0,0,,549,
1644418080,in27,1,0,,550,0,0,,550,
1644418080,B14,1,0,,550,0,0,,550,
1644418080,B11,1,0,,550,0,0,,550,
1644418080,cn12,1,0,,550,0,0,,550,
1644418080,B54,1,1,job283_scenario1_522,550,0,0,,550,
1644418080,B51,1,0,,550,0,0,,550,
1644418080,os4,1,0,,550,0,0,,550,
1644418080,in4,1,0,,550,0,0,,550,
1644418080,B33,1,1,job282_scenario2_521,550,0,0,,550,
1644418080,in27,1,0,,551,0,0,,551,
1644418080,B14,1,0,,551,0,0,,551,
1644418080,B11,1,1,job290_scenario3_544,551,0,0,,551,
1644418080,cn12,1,0,,551,0,0,,551,
1644418080,B54,1,1,job283_scenario1_522,551,0,0,,551,
1644418080,B51,1,0,,551,0,0,,551,
1644418080,os4,1,0,,551,0,0,,551,
1644418080,in4,1,0,,551,0,0,,551,
1644418080,B33,1,1,job282_scenario2_521,551,0,0,,551,
1644418080,in27,1,0,,552,0,0,,552,
1644418080,B14,1,0,,552,0,0,,552,
1644418080,B11,1,1,job290_scenario3_544,552,0,0,,552,
1644418080,cn12,1,0,,552,0,0,,552,
1644418080,B54,1,1,job283_scenario1_522,552,0,0,,552,
1644418080,B51,1,0,,552,0,0,,552,
1644418080,os4,1,0,,552,0,0,,552,
1644418080,in4,1,0,,552,0,0,,552,
1644418080,B33,1,1,job282_scenario2_521,552,0,0,,552,
1644418080,in27,1,0,,553,0,0,,553,
1644418080,B14,1,0,,553,0,0,,553,
1644418080,B11,1,0,,553,0,0,,553,
1644418080,cn12,1,0,,553,0,0,,553,
1644418080,B54,1,1,job283_scenario1_522,553,0,0,,553,
1644418080,B51,1,0,,553,0,0,,553,
1644418080,os4,1,0,,553,0,0,,553,
1644418080,in4,1,0,,553,0,0,,553,
1644418080,B33,1,0,,553,0,0,,553,
1644418080,in27,1,0,,554,0,0,,554,
1644418080,B14,1,0,,554,0,0,,554,
1644418080,B11,1,0,,554,0,0,,554,
1644418080,cn12,1,0,,554,0,0,,554,
1644418080,B54,1,0,,554,0,0,,554,
1644418080,B51,1,0,,554,0,0,,554,
1644418080,os4,1,0,,554,0,0,,554,
1644418080,in4,1,0,,554,0,0,,554,
1644418080,B33,1,0,,554,0,0,,554,
1644418080,in27,1,0,,555,0,0,,555,
1644418080,B14,1,0,,555,0,0,,555,
1644418080,B11,1,0,,555,0,0,,555,
1644418080,cn12,1,0,,555,0,0,,555,
1644418080,B54,1,0,,555,0,0,,555,
1644418080,B51,1,0,,555,0,0,,555,
1644418080,os4,1,0,,555,0,0,,555,
1644418080,in4,1,0,,555,0,0,,555,
1644418080,B33,1,0,,555,0,0,,555,
1644418080,in27,1,0,,556,0,0,,556,
1644418080,B14,1,0,,556,0,0,,556,
1644418080,B11,1,0,,556,0,0,,556,
1644418080,cn12,1,0,,556,0,0,,556,
1644418080,B54,1,0,,556,0,0,,556,
1644418080,B51,1,0,,556,0,0,,556,
1644418080,os4,1,0,,556,0,0,,556,
1644418080,in4,1,0,,556,0,0,,556,
1644418080,B33,1,0,,556,0,0,,556,
1644418080,in27,1,0,,557,0,0,,557,
1644418080,B14,1,0,,557,0,0,,557,
1644418080,B11,1,0,,557,0,0,,557,
1644418080,cn12,1,0,,557,0,0,,557,
1644418080,B54,1,0,,557,0,0,,557,
1644418080,B51,1,0,,557,0,0,,557,
1644418080,os4,1,0,,557,0,0,,557,
1644418080,in4,1,0,,557,0,0,,557,
1644418080,B33,1,0,,557,0,0,,557,
1644418080,in27,1,0,,558,0,0,,558,
1644418080,B14,1,0,,558,0,0,,558,
1644418080,B11,1,0,,558,0,0,,558,
1644418080,cn12,1,0,,558,0,0,,558,
1644418080,B54,1,0,,558,0,0,,558,
1644418080,B51,1,0,,558,0,0,,558,
1644418080,os4,1,0,,558,0,0,,558,
1644418080,in4,1,0,,558,0,0,,558,
1644418080,B33,1,0,,558,0,0,,558,
1644418081,in27,1,0,,559,0,0,,559,
1644418081,B14,1,0,,559,0,0,,559,
1644418081,B11,1,0,,559,0,0,,559,
1644418081,cn12,1,0,,559,0,0,,559,
1644418081,B54,1,1,job298_scenario0_558,559,0,0,,559,
1644418081,B51,1,0,,559,0,0,,559,
1644418081,os4,1,0,,559,0,0,,559,
1644418081,in4,1,0,,559,0,0,,559,
1644418081,B33,1,0,,559,0,0,,559,
1644418081,in27,1,0,,560,0,0,,560,
1644418081,B14,1,0,,560,0,0,,560,
1644418081,B11,1,0,,560,0,0,,560,
1644418081,cn12,1,0,,560,0,0,,560,
1644418081,B54,1,1,job298_scenario0_558,560,0,0,,560,
1644418081,B51,1,1,job281_scenario0_519,560,0,0,,560,
1644418081,os4,1,1,job295_scenario4_553,560,0,0,,560,
1644418081,in4,1,0,,560,0,0,,560,
1644418081,B33,1,0,,560,0,0,,560,
1644418081,in27,1,0,,561,0,0,,561,
1644418081,B14,1,0,,561,0,0,,561,
1644418081,B11,1,0,,561,0,0,,561,
1644418081,cn12,1,0,,561,0,0,,561,
1644418081,B54,1,1,job298_scenario0_558,561,0,0,,561,
1644418081,B51,1,1,job281_scenario0_519,561,0,0,,561,
1644418081,os4,1,1,job295_scenario4_553,561,0,0,,561,
1644418081,in4,1,0,,561,0,0,,561,
1644418081,B33,1,0,,561,0,0,,561,
1644418081,in27,1,0,,562,0,0,,562,
1644418081,B14,1,0,,562,0,0,,562,
1644418081,B11,1,0,,562,0,0,,562,
1644418081,cn12,1,0,,562,0,0,,562,
1644418081,B54,1,1,job298_scenario0_558,562,0,0,,562,
1644418081,B51,1,1,job281_scenario0_519,562,0,0,,562,
1644418081,os4,1,1,job295_scenario4_553,562,0,0,,562,
1644418081,in4,1,0,,562,0,0,,562,
1644418081,B33,1,0,,562,0,0,,562,
1644418081,in27,1,0,,563,0,0,,563,
1644418081,B14,1,0,,563,0,0,,563,
1644418081,B11,1,0,,563,0,0,,563,
1644418081,cn12,1,0,,563,0,0,,563,
1644418081,B54,1,1,job298_scenario0_558,563,0,0,,563,
1644418081,B51,1,1,job281_scenario0_519,563,0,0,,563,
1644418081,os4,1,1,job295_scenario4_553,563,0,0,,563,
1644418081,in4,1,0,,563,0,0,,563,
1644418081,B33,1,0,,563,0,0,,563,
1644418081,in27,1,0,,564,0,0,,564,
1644418081,B14,1,0,,564,0,0,,564,
1644418081,B11,1,0,,564,0,0,,564,
1644418081,cn12,1,0,,564,0,0,,564,
1644418082,B54,1,1,job298_scenario0_558,564,0,0,,564,
1644418082,B51,1,1,job281_scenario0_519,564,0,0,,564,
1644418082,os4,1,1,job295_scenario4_553,564,0,0,,564,
1644418082,in4,1,0,,564,0,0,,564,
1644418082,B33,1,0,,564,0,0,,564,
1644418082,in27,1,0,,565,0,0,,565,
1644418082,B14,1,0,,565,0,0,,565,
1644418082,B11,1,0,,565,0,0,,565,
1644418082,cn12,1,0,,565,0,0,,565,
1644418082,B54,1,1,job298_scenario0_558,565,0,0,,565,
1644418082,B51,1,1,job281_scenario0_519,565,0,0,,565,
1644418082,os4,1,1,job295_scenario4_553,565,0,0,,565,
1644418082,in4,1,0,,565,0,0,,565,
1644418082,B33,1,0,,565,0,0,,565,
1644418082,in27,1,0,,566,0,0,,566,
1644418082,B14,1,0,,566,0,0,,566,
1644418082,B11,1,0,,566,0,0,,566,
1644418082,cn12,1,0,,566,0,0,,566,
1644418082,B54,1,1,job298_scenario0_558,566,0,0,,566,
1644418082,B51,1,1,job281_scenario0_519,566,0,0,,566,
1644418082,os4,1,1,job295_scenario4_553,566,0,0,,566,
1644418082,in4,1,0,,566,0,0,,566,
1644418082,B33,1,0,,566,0,0,,566,
1644418082,in27,1,0,,567,0,0,,567,
1644418082,B14,1,0,,567,0,0,,567,
1644418082,B11,1,0,,567,0,0,,567,
1644418082,cn12,1,0,,567,0,0,,567,
1644418082,B54,1,1,job298_scenario0_558,567,0,0,,567,
1644418082,B51,1,1,job281_scenario0_519,567,0,0,,567,
1644418082,os4,1,0,,567,0,0,,567,
1644418082,in4,1,0,,567,0,0,,567,
1644418082,B33,1,0,,567,0,0,,567,
1644418082,in27,1,0,,568,0,0,,568,
1644418082,B14,1,0,,568,0,0,,568,
1644418082,B11,1,0,,568,0,0,,568,
1644418082,cn12,1,0,,568,0,0,,568,
1644418082,B54,1,1,job298_scenario0_558,568,0,0,,568,
1644418082,B51,1,1,job281_scenario0_519,568,0,0,,568,
1644418082,os4,1,1,job300_scenario4_561,568,0,0,,568,
1644418082,in4,1,0,,568,0,0,,568,
1644418082,B33,1,0,,568,0,0,,568,
1644418082,in27,1,0,,569,0,0,,569,
1644418082,B14,1,0,,569,0,0,,569,
1644418082,B11,1,0,,569,0,0,,569,
1644418082,cn12,1,0,,569,0,0,,569,
1644418082,B54,1,1,job298_scenario0_558,569,0,0,,569,
1644418082,B51,1,1,job281_scenario0_519,569,0,0,,569,
1644418082,os4,1,0,,569,0,0,,569,
1644418082,in4,1,0,,569,0,0,,569,
1644418082,B33,1,0,,569,0,0,,569,
1644418082,in27,1,0,,570,0,0,,570,
1644418082,B14,1,0,,570,0,0,,570,
1644418082,B11,1,0,,570,0,0,,570,
1644418082,cn12,1,0,,570,0,0,,570,
1644418082,B54,1,1,job298_scenario0_558,570,0,0,,570,
1644418082,B51,1,1,job281_scenario0_519,570,0,0,,570,
1644418082,os4,1,0,,570,0,0,,570,
1644418082,in4,1,0,,570,0,0,,570,
1644418082,B33,1,0,,570,0,0,,570,
1644418082,in27,1,0,,571,0,0,,571,
1644418082,B14,1,0,,571,0,0,,571,
1644418082,B11,1,0,,571,0,0,,571,
1644418082,cn12,1,0,,571,0,0,,571,
1644418082,B54,1,0,,571,0,0,,571,
1644418082,B51,1,1,job281_scenario0_519,571,0,0,,571,
1644418082,os4,1,0,,571,0,0,,571,
1644418082,in4,1,0,,571,0,0,,571,
1644418082,B33,1,0,,571,0,0,,571,
1644418082,in27,1,0,,572,0,0,,572,
1644418082,B14,1,0,,572,0,0,,572,
1644418082,B11,1,0,,572,0,0,,572,
1644418082,cn12,1,0,,572,0,0,,572,
1644418082,B54,1,0,,572,0,0,,572,
1644418082,B51,1,1,job281_scenario0_519,572,0,0,,572,
1644418082,os4,1,0,,572,0,0,,572,
1644418082,in4,1,0,,572,0,0,,572,
1644418082,B33,1,0,,572,0,0,,572,
1644418082,in27,1,0,,573,0,0,,573,
1644418082,B14,1,0,,573,0,0,,573,
1644418082,B11,1,0,,573,0,0,,573,
1644418082,cn12,1,0,,573,0,0,,573,
1644418082,B54,1,0,,573,0,0,,573,
1644418082,B51,1,0,,573,0,0,,573,
1644418082,os4,1,0,,573,0,0,,573,
1644418082,in4,1,0,,573,0,0,,573,
1644418082,B33,1,0,,573,0,0,,573,
1644418082,in27,1,0,,574,0,0,,574,
1644418082,B14,1,0,,574,0,0,,574,
1644418082,B11,1,0,,574,0,0,,574,
1644418082,cn12,1,0,,574,0,0,,574,
1644418082,B54,1,0,,574,0,0,,574,
1644418082,B51,1,0,,574,0,0,,574,
1644418082,os4,1,0,,574,0,0,,574,
1644418082,in4,1,0,,574,0,0,,574,
1644418082,B33,1,0,,574,0,0,,574,
1644418082,in27,1,0,,575,0,0,,575,
1644418082,B14,1,0,,575,0,0,,575,
1644418082,B11,1,0,,575,0,0,,575,
1644418082,cn12,1,0,,575,0,0,,575,
1644418082,B54,1,0,,575,0,0,,575,
1644418082,B51,1,0,,575,0,0,,575,
1644418082,os4,1,0,,575,0,0,,575,
1644418082,in4,1,0,,575,0,0,,575,
1644418082,B33,1,0,,575,0,0,,575,
1644418082,in27,1,0,,576,0,0,,576,
1644418082,B14,1,0,,576,0,0,,576,
1644418082,B11,1,0,,576,0,0,,576,
1644418082,cn12,1,0,,576,0,0,,576,
1644418082,B54,1,0,,576,0,0,,576,
1644418082,B51,1,0,,576,0,0,,576,
1644418082,os4,1,0,,576,0,0,,576,
1644418082,in4,1,0,,576,0,0,,576,
1644418082,B33,1,0,,576,0,0,,576,
1644418082,in27,1,0,,577,0,0,,577,
1644418083,B14,1,0,,577,0,0,,577,
1644418083,B11,1,0,,577,0,0,,577,
1644418083,cn12,1,0,,577,0,0,,577,
1644418083,B54,1,0,,577,0,0,,577,
1644418083,B51,1,0,,577,0,0,,577,
1644418083,os4,1,1,job304_scenario4_570,577,0,0,,577,
1644418083,in4,1,0,,577,0,0,,577,
1644418083,B33,1,0,,577,0,0,,577,
1644418083,in27,1,0,,578,0,0,,578,
1644418083,B14,1,0,,578,0,0,,578,
1644418083,B11,1,0,,578,0,0,,578,
1644418083,cn12,1,0,,578,0,0,,578,
1644418083,B54,1,0,,578,0,0,,578,
1644418083,B51,1,0,,578,0,0,,578,
1644418083,os4,1,1,job304_scenario4_570,578,0,0,,578,
1644418083,in4,1,0,,578,0,0,,578,
1644418083,B33,1,0,,578,0,0,,578,
1644418083,in27,1,0,,579,0,0,,579,
1644418083,B14,1,0,,579,0,0,,579,
1644418083,B11,1,0,,579,0,0,,579,
1644418083,cn12,1,0,,579,0,0,,579,
1644418083,B54,1,0,,579,0,0,,579,
1644418083,B51,1,0,,579,0,0,,579,
1644418083,os4,1,1,job304_scenario4_570,579,0,0,,579,
1644418083,in4,1,0,,579,0,0,,579,
1644418083,B33,1,0,,579,0,0,,579,
1644418083,in27,1,0,,580,0,0,,580,
1644418083,B14,1,0,,580,0,0,,580,
1644418083,B11,1,0,,580,0,0,,580,
1644418083,cn12,1,0,,580,0,0,,580,
1644418083,B54,1,0,,580,0,0,,580,
1644418083,B51,1,0,,580,0,0,,580,
1644418083,os4,1,1,job304_scenario4_570,580,0,0,,580,
1644418083,in4,1,0,,580,0,0,,580,
1644418083,B33,1,1,job309_scenario2_579,580,0,0,,580,
1644418083,in27,1,0,,581,0,0,,581,
1644418083,B14,1,0,,581,0,0,,581,
1644418083,B11,1,1,job306_scenario3_576,581,0,0,,581,
1644418083,cn12,1,0,,581,0,0,,581,
1644418083,B54,1,0,,581,0,0,,581,
1644418083,B51,1,0,,581,0,0,,581,
1644418083,os4,1,0,,581,0,0,,581,
1644418083,in4,1,0,,581,0,0,,581,
1644418083,B33,1,1,job309_scenario2_579,581,0,0,,581,
1644418084,in27,1,0,,582,0,0,,582,
1644418084,B14,1,0,,582,0,0,,582,
1644418084,B11,1,0,,582,0,0,,582,
1644418084,cn12,1,0,,582,0,0,,582,
1644418084,B54,1,1,job291_scenario1_545,582,0,0,,582,
1644418084,B51,1,0,,582,0,0,,582,
1644418084,os4,1,0,,582,0,0,,582,
1644418084,in4,1,0,,582,0,0,,582,
1644418084,B33,1,0,,582,0,0,,582,
1644418084,in27,1,0,,583,0,0,,583,
1644418084,B14,1,0,,583,0,0,,583,
1644418084,B11,1,0,,583,0,0,,583,
1644418084,cn12,1,0,,583,0,0,,583,
1644418084,B54,1,1,job291_scenario1_545,583,0,0,,583,
1644418084,B51,1,0,,583,0,0,,583,
1644418084,os4,1,0,,583,0,0,,583,
1644418084,in4,1,0,,583,0,0,,583,
1644418084,B33,1,0,,583,0,0,,583,
1644418084,in27,1,0,,584,0,0,,584,
1644418084,B14,1,0,,584,0,0,,584,
1644418084,B11,1,0,,584,0,0,,584,
1644418084,cn12,1,0,,584,0,0,,584,
1644418084,B54,1,1,job291_scenario1_545,584,0,0,,584,
1644418084,B51,1,0,,584,0,0,,584,
1644418084,os4,1,0,,584,0,0,,584,
1644418084,in4,1,0,,584,0,0,,584,
1644418084,B33,1,0,,584,0,0,,584,
1644418084,in27,1,0,,585,0,0,,585,
1644418084,B14,1,0,,585,0,0,,585,
1644418084,B11,1,0,,585,0,0,,585,
1644418084,cn12,1,0,,585,0,0,,585,
1644418084,B54,1,1,job291_scenario1_545,585,0,0,,585,
1644418084,B51,1,0,,585,0,0,,585,
1644418084,os4,1,0,,585,0,0,,585,
1644418084,in4,1,0,,585,0,0,,585,
1644418084,B33,1,0,,585,0,0,,585,
1644418084,in27,1,0,,586,0,0,,586,
1644418084,B14,1,0,,586,0,0,,586,
1644418084,B11,1,0,,586,0,0,,586,
1644418084,cn12,1,0,,586,0,0,,586,
1644418084,B54,1,1,job291_scenario1_545,586,0,0,,586,
1644418084,B51,1,0,,586,0,0,,586,
1644418084,os4,1,0,,586,0,0,,586,
1644418084,in4,1,0,,586,0,0,,586,
1644418084,B33,1,0,,586,0,0,,586,
1644418084,in27,1,0,,587,0,0,,587,
1644418084,B14,1,1,job308_scenario1_578,587,0,0,,587,
1644418084,B11,1,0,,587,0,0,,587,
1644418084,cn12,1,0,,587,0,0,,587,
1644418084,B54,1,1,job291_scenario1_545,587,0,0,,587,
1644418084,B51,1,0,,587,0,0,,587,
1644418084,os4,1,0,,587,0,0,,587,
1644418084,in4,1,0,,587,0,0,,587,
1644418084,B33,1,0,,587,0,0,,587,
1644418084,in27,1,0,,588,0,0,,588,
1644418084,B14,1,1,job308_scenario1_578,588,0,0,,588,
1644418084,B11,1,0,,588,0,0,,588,
1644418084,cn12,1,0,,588,0,0,,588,
1644418084,B54,1,0,,588,0,0,,588,
1644418084,B51,1,1,job296_scenario0_554,588,0,0,,588,
1644418084,os4,1,0,,588,0,0,,588,
1644418084,in4,1,0,,588,0,0,,588,
1644418084,B33,1,0,,588,0,0,,588,
1644418084,in27,1,0,,589,0,0,,589,
1644418084,B14,1,1,job308_scenario1_578,589,0,0,,589,
1644418084,B11,1,0,,589,0,0,,589,
1644418084,cn12,1,0,,589,0,0,,589,
1644418084,B54,1,0,,589,0,0,,589,
1644418084,B51,1,1,job296_scenario0_554,589,0,0,,589,
1644418084,os4,1,0,,589,0,0,,589,
1644418084,in4,1,0,,589,0,0,,589,
1644418084,B33,1,0,,589,0,0,,589,
1644418084,in27,1,0,,590,0,0,,590,
1644418084,B14,1,1,job308_scenario1_578,590,0,0,,590,
1644418084,B11,1,0,,590,0,0,,590,
1644418084,cn12,1,0,,590,0,0,,590,
1644418084,B54,1,0,,590,0,0,,590,
1644418084,B51,1,1,job296_scenario0_554,590,0,0,,590,
1644418084,os4,1,0,,590,0,0,,590,
1644418084,in4,1,0,,590,0,0,,590,
1644418084,B33,1,0,,590,0,0,,590,
1644418084,in27,1,0,,591,0,0,,591,
1644418084,B14,1,1,job308_scenario1_578,591,0,0,,591,
1644418085,B11,1,0,,591,0,0,,591,
1644418085,cn12,1,0,,591,0,0,,591,
1644418085,B54,1,0,,591,0,0,,591,
1644418085,B51,1,1,job296_scenario0_554,591,0,0,,591,
1644418085,os4,1,0,,591,0,0,,591,
1644418085,in4,1,0,,591,0,0,,591,
1644418085,B33,1,0,,591,0,0,,591,
1644418085,in27,1,0,,592,0,0,,592,
1644418085,B14,1,1,job308_scenario1_578,592,0,0,,592,
1644418085,B11,1,0,,592,0,0,,592,
1644418085,cn12,1,0,,592,0,0,,592,
1644418085,B54,1,0,,592,0,0,,592,
1644418085,B51,1,1,job296_scenario0_554,592,0,0,,592,
1644418085,os4,1,0,,592,0,0,,592,
1644418085,in4,1,0,,592,0,0,,592,
1644418085,B33,1,0,,592,0,0,,592,
1644418085,in27,1,0,,593,0,0,,593,
1644418085,B14,1,1,job308_scenario1_578,593,0,0,,593,
1644418085,B11,1,0,,593,0,0,,593,
1644418085,cn12,1,0,,593,0,0,,593,
1644418085,B54,1,0,,593,0,0,,593,
1644418085,B51,1,1,job296_scenario0_554,593,0,0,,593,
1644418085,os4,1,0,,593,0,0,,593,
1644418085,in4,1,0,,593,0,0,,593,
1644418085,B33,1,0,,593,0,0,,593,
1644418085,in27,1,0,,594,0,0,,594,
1644418085,B14,1,0,,594,0,0,,594,
1644418085,B11,1,0,,594,0,0,,594,
1644418085,cn12,1,0,,594,0,0,,594,
1644418085,B54,1,0,,594,0,0,,594,
1644418085,B51,1,1,job296_scenario0_554,594,0,0,,594,
1644418085,os4,1,0,,594,0,0,,594,
1644418085,in4,1,0,,594,0,0,,594,
1644418085,B33,1,0,,594,0,0,,594,
1644418085,in27,1,0,,595,0,0,,595,
1644418085,B14,1,0,,595,0,0,,595,
1644418085,B11,1,0,,595,0,0,,595,
1644418085,cn12,1,0,,595,0,0,,595,
1644418085,B54,1,0,,595,0,0,,595,
1644418085,B51,1,1,job296_scenario0_554,595,0,0,,595,
1644418085,os4,1,0,,595,0,0,,595,
1644418085,in4,1,0,,595,0,0,,595,
1644418085,B33,1,0,,595,0,0,,595,
1644418085,in27,1,0,,596,0,0,,596,
1644418085,B14,1,0,,596,0,0,,596,
1644418085,B11,1,0,,596,0,0,,596,
1644418085,cn12,1,0,,596,0,0,,596,
1644418085,B54,1,1,job297_scenario1_555,596,0,0,,596,
1644418085,B51,1,1,job296_scenario0_554,596,0,0,,596,
1644418085,os4,1,0,,596,0,0,,596,
1644418085,in4,1,0,,596,0,0,,596,
1644418085,B33,1,1,job315_scenario2_591,596,0,0,,596,
1644418085,in27,1,0,,597,0,0,,597,
1644418085,B14,1,0,,597,0,0,,597,
1644418085,B11,1,0,,597,0,0,,597,
1644418085,cn12,1,0,,597,0,0,,597,
1644418085,B54,1,1,job297_scenario1_555,597,0,0,,597,
1644418085,B51,1,1,job296_scenario0_554,597,0,0,,597,
1644418085,os4,1,0,,597,0,0,,597,
1644418085,in4,1,0,,597,0,0,,597,
1644418085,B33,1,1,job315_scenario2_591,597,0,0,,597,
1644418086,in27,1,0,,598,0,0,,598,
1644418086,B14,1,0,,598,0,0,,598,
1644418086,B11,1,0,,598,0,0,,598,
1644418086,cn12,1,0,,598,0,0,,598,
1644418086,B54,1,1,job297_scenario1_555,598,0,0,,598,
1644418086,B51,1,1,job296_scenario0_554,598,0,0,,598,
1644418086,os4,1,0,,598,0,0,,598,
1644418086,in4,1,0,,598,0,0,,598,
1644418086,B33,1,1,job315_scenario2_591,598,0,0,,598,
1644418086,in27,1,0,,599,0,0,,599,
1644418086,B14,1,0,,599,0,0,,599,
1644418086,B11,1,0,,599,0,0,,599,
1644418086,cn12,1,0,,599,0,0,,599,
1644418086,B54,1,1,job297_scenario1_555,599,0,0,,599,
1644418086,B51,1,1,job296_scenario0_554,599,0,0,,599,
1644418086,os4,1,0,,599,0,0,,599,
1644418086,in4,1,0,,599,0,0,,599,
1644418086,B33,1,0,,599,0,0,,599,
1644418086,in27,1,0,,600,0,0,,600,
1644418086,B14,1,0,,600,0,0,,600,
1644418086,B11,1,0,,600,0,0,,600,
1644418086,cn12,1,0,,600,0,0,,600,
1644418086,B54,1,0,,600,0,0,,600,
1644418086,B51,1,1,job296_scenario0_554,600,0,0,,600,
1644418086,os4,1,0,,600,0,0,,600,
1644418086,in4,1,0,,600,0,0,,600,
1644418086,B33,1,0,,600,0,0,,600,
1644418086,in27,1,0,,601,0,0,,601,
1644418086,B14,1,0,,601,0,0,,601,
1644418086,B11,1,0,,601,0,0,,601,
1644418086,cn12,1,0,,601,0,0,,601,
1644418086,B54,1,0,,601,0,0,,601,
1644418086,B51,1,0,,601,0,0,,601,
1644418086,os4,1,0,,601,0,0,,601,
1644418086,in4,1,0,,601,0,0,,601,
1644418086,B33,1,0,,601,0,0,,601,
1644418086,in27,1,0,,602,0,0,,602,
1644418086,B14,1,0,,602,0,0,,602,
1644418086,B11,1,0,,602,0,0,,602,
1644418086,cn12,1,0,,602,0,0,,602,
1644418086,B54,1,0,,602,0,0,,602,
1644418086,B51,1,0,,602,0,0,,602,
1644418086,os4,1,0,,602,0,0,,602,
1644418086,in4,1,0,,602,0,0,,602,
1644418086,B33,1,0,,602,0,0,,602,
1644418086,in27,1,0,,603,0,0,,603,
1644418086,B14,1,0,,603,0,0,,603,
1644418086,B11,1,0,,603,0,0,,603,
1644418086,cn12,1,0,,603,0,0,,603,
1644418086,B54,1,0,,603,0,0,,603,
1644418086,B51,1,0,,603,0,0,,603,
1644418086,os4,1,0,,603,0,0,,603,
1644418086,in4,1,0,,603,0,0,,603,
1644418086,B33,1,0,,603,0,0,,603,
1644418086,in27,1,0,,604,0,0,,604,
1644418086,B14,1,0,,604,0,0,,604,
1644418086,B11,1,0,,604,0,0,,604,
1644418086,cn12,1,0,,604,0,0,,604,
1644418086,B54,1,0,,604,0,0,,604,
1644418086,B51,1,0,,604,0,0,,604,
1644418086,os4,1,0,,604,0,0,,604,
1644418086,in4,1,0,,604,0,0,,604,
1644418086,B33,1,0,,604,0,0,,604,
1644418086,in27,1,0,,605,0,0,,605,
1644418086,B14,1,0,,605,0,0,,605,
1644418086,B11,1,0,,605,0,0,,605,
1644418086,cn12,1,0,,605,0,0,,605,
1644418086,B54,1,0,,605,0,0,,605,
1644418086,B51,1,0,,605,0,0,,605,
1644418086,os4,1,0,,605,0,0,,605,
1644418086,in4,1,0,,605,0,0,,605,
1644418086,B33,1,0,,605,0,0,,605,
1644418086,in27,1,0,,606,0,0,,606,
1644418086,B14,1,0,,606,0,0,,606,
1644418086,B11,1,0,,606,0,0,,606,
1644418086,cn12,1,0,,606,0,0,,606,
1644418086,B54,1,0,,606,0,0,,606,
1644418086,B51,1,0,,606,0,0,,606,
1644418086,os4,1,0,,606,0,0,,606,
1644418086,in4,1,0,,606,0,0,,606,
1644418086,B33,1,0,,606,0,0,,606,
1644418086,in27,1,0,,607,0,0,,607,
1644418086,B14,1,0,,607,0,0,,607,
1644418086,B11,1,0,,607,0,0,,607,
1644418086,cn12,1,0,,607,0,0,,607,
1644418086,B54,1,1,job302_scenario1_566,607,0,0,,607,
1644418086,B51,1,0,,607,0,0,,607,
1644418086,os4,1,0,,607,0,0,,607,
1644418086,in4,1,0,,607,0,0,,607,
1644418086,B33,1,0,,607,0,0,,607,
1644418087,in27,1,0,,608,0,0,,608,
1644418087,B14,1,0,,608,0,0,,608,
1644418087,B11,1,0,,608,0,0,,608,
1644418087,cn12,1,0,,608,0,0,,608,
1644418087,B54,1,1,job302_scenario1_566,608,0,0,,608,
1644418087,B51,1,0,,608,0,0,,608,
1644418087,os4,1,0,,608,0,0,,608,
1644418087,in4,1,0,,608,0,0,,608,
1644418087,B33,1,1,job325_scenario2_607,608,0,0,,608,
1644418087,in27,1,0,,609,0,0,,609,
1644418087,B14,1,0,,609,0,0,,609,
1644418087,B11,1,0,,609,0,0,,609,
1644418087,cn12,1,0,,609,0,0,,609,
1644418087,B54,1,1,job302_scenario1_566,609,0,0,,609,
1644418087,B51,1,0,,609,0,0,,609,
1644418087,os4,1,0,,609,0,0,,609,
1644418087,in4,1,0,,609,0,0,,609,
1644418087,B33,1,1,job325_scenario2_607,609,0,0,,609,
1644418087,in27,1,0,,610,0,0,,610,
1644418087,B14,1,0,,610,0,0,,610,
1644418087,B11,1,0,,610,0,0,,610,
1644418087,cn12,1,0,,610,0,0,,610,
1644418087,B54,1,0,,610,0,0,,610,
1644418087,B51,1,1,job307_scenario0_577,610,0,0,,610,
1644418087,os4,1,0,,610,0,0,,610,
1644418087,in4,1,0,,610,0,0,,610,
1644418087,B33,1,1,job325_scenario2_607,610,0,0,,610,
1644418087,in27,1,0,,611,0,0,,611,
1644418087,B14,1,0,,611,0,0,,611,
1644418087,B11,1,1,job324_scenario3_606,611,0,0,,611,
1644418087,cn12,1,0,,611,0,0,,611,
1644418087,B54,1,0,,611,0,0,,611,
1644418087,B51,1,1,job307_scenario0_577,611,0,0,,611,
1644418087,os4,1,0,,611,0,0,,611,
1644418087,in4,1,0,,611,0,0,,611,
1644418087,B33,1,0,,611,0,0,,611,
1644418087,in27,1,0,,612,0,0,,612,
1644418087,B14,1,0,,612,0,0,,612,
1644418087,B11,1,1,job324_scenario3_606,612,0,0,,612,
1644418087,cn12,1,0,,612,0,0,,612,
1644418087,B54,1,0,,612,0,0,,612,
1644418087,B51,1,1,job307_scenario0_577,612,0,0,,612,
1644418087,os4,1,0,,612,0,0,,612,
1644418087,in4,1,0,,612,0,0,,612,
1644418087,B33,1,0,,612,0,0,,612,
1644418087,in27,1,0,,613,0,0,,613,
1644418087,B14,1,0,,613,0,0,,613,
1644418087,B11,1,1,job324_scenario3_606,613,0,0,,613,
1644418087,cn12,1,0,,613,0,0,,613,
1644418087,B54,1,1,job327_scenario1_610,613,0,0,,613,
1644418087,B51,1,1,job307_scenario0_577,613,0,0,,613,
1644418087,os4,1,0,,613,0,0,,613,
1644418088,in4,1,0,,613,0,0,,613,
1644418088,B33,1,0,,613,0,0,,613,
1644418088,in27,1,0,,614,0,0,,614,
1644418088,B14,1,1,job318_scenario1_595,614,0,0,,614,
1644418088,B11,1,0,,614,0,0,,614,
1644418088,cn12,1,0,,614,0,0,,614,
1644418088,B54,1,1,job327_scenario1_610,614,0,0,,614,
1644418088,B51,1,1,job307_scenario0_577,614,0,0,,614,
1644418088,os4,1,0,,614,0,0,,614,
1644418088,in4,1,0,,614,0,0,,614,
1644418088,B33,1,0,,614,0,0,,614,
1644418088,in27,1,0,,615,0,0,,615,
1644418088,B14,1,1,job318_scenario1_595,615,0,0,,615,
1644418088,B11,1,0,,615,0,0,,615,
1644418088,cn12,1,0,,615,0,0,,615,
1644418088,B54,1,1,job327_scenario1_610,615,0,0,,615,
1644418088,B51,1,1,job307_scenario0_577,615,0,0,,615,
1644418088,os4,1,0,,615,0,0,,615,
1644418088,in4,1,0,,615,0,0,,615,
1644418088,B33,1,0,,615,0,0,,615,
1644418088,in27,1,0,,616,0,0,,616,
1644418088,B14,1,1,job318_scenario1_595,616,0,0,,616,
1644418088,B11,1,0,,616,0,0,,616,
1644418088,cn12,1,0,,616,0,0,,616,
1644418088,B54,1,1,job327_scenario1_610,616,0,0,,616,
1644418088,B51,1,1,job307_scenario0_577,616,0,0,,616,
1644418088,os4,1,0,,616,0,0,,616,
1644418088,in4,1,0,,616,0,0,,616,
1644418088,B33,1,0,,616,0,0,,616,
1644418088,in27,1,0,,617,0,0,,617,
1644418088,B14,1,1,job318_scenario1_595,617,0,0,,617,
1644418088,B11,1,0,,617,0,0,,617,
1644418088,cn12,1,0,,617,0,0,,617,
1644418088,B54,1,1,job327_scenario1_610,617,0,0,,617,
1644418088,B51,1,1,job307_scenario0_577,617,0,0,,617,
1644418088,os4,1,0,,617,0,0,,617,
1644418088,in4,1,0,,617,0,0,,617,
1644418088,B33,1,0,,617,0,0,,617,
1644418088,in27,1,0,,618,0,0,,618,
1644418088,B14,1,1,job318_scenario1_595,618,0,0,,618,
1644418088,B11,1,0,,618,0,0,,618,
1644418088,cn12,1,0,,618,0,0,,618,
1644418088,B54,1,1,job327_scenario1_610,618,0,0,,618,
1644418088,B51,1,1,job307_scenario0_577,618,0,0,,618,
1644418088,os4,1,0,,618,0,0,,618,
1644418088,in4,1,0,,618,0,0,,618,
1644418088,B33,1,0,,618,0,0,,618,
1644418088,in27,1,0,,619,0,0,,619,
1644418088,B14,1,1,job318_scenario1_595,619,0,0,,619,
1644418088,B11,1,0,,619,0,0,,619,
1644418088,cn12,1,0,,619,0,0,,619,
1644418088,B54,1,1,job327_scenario1_610,619,0,0,,619,
1644418088,B51,1,1,job307_scenario0_577,619,0,0,,619,
1644418088,os4,1,0,,619,0,0,,619,
1644418088,in4,1,0,,619,0,0,,619,
1644418088,B33,1,0,,619,0,0,,619,
1644418088,in27,1,0,,620,0,0,,620,
1644418088,B14,1,1,job318_scenario1_595,620,0,0,,620,
1644418088,B11,1,0,,620,0,0,,620,
1644418088,cn12,1,0,,620,0,0,,620,
1644418088,B54,1,0,,620,0,0,,620,
1644418088,B51,1,1,job307_scenario0_577,620,0,0,,620,
1644418088,os4,1,0,,620,0,0,,620,
1644418088,in4,1,0,,620,0,0,,620,
1644418088,B33,1,0,,620,0,0,,620,
1644418088,in27,1,0,,621,0,0,,621,
1644418088,B14,1,1,job318_scenario1_595,621,0,0,,621,
1644418088,B11,1,0,,621,0,0,,621,
1644418088,cn12,1,0,,621,0,0,,621,
1644418088,B54,1,1,job311_scenario1_581,621,0,0,,621,
1644418088,B51,1,1,job307_scenario0_577,621,0,0,,621,
1644418088,os4,1,0,,621,0,0,,621,
1644418088,in4,1,0,,621,0,0,,621,
1644418088,B33,1,0,,621,0,0,,621,
1644418088,in27,1,0,,622,0,0,,622,
1644418088,B14,1,1,job318_scenario1_595,622,0,0,,622,
1644418088,B11,1,0,,622,0,0,,622,
1644418088,cn12,1,0,,622,0,0,,622,
1644418088,B54,1,1,job311_scenario1_581,622,0,0,,622,
1644418088,B51,1,1,job307_scenario0_577,622,0,0,,622,
1644418088,os4,1,0,,622,0,0,,622,
1644418088,in4,1,0,,622,0,0,,622,
1644418088,B33,1,0,,622,0,0,,622,
1644418088,in27,1,0,,623,0,0,,623,
1644418088,B14,1,0,,623,0,0,,623,
1644418088,B11,1,0,,623,0,0,,623,
1644418088,cn12,1,0,,623,0,0,,623,
1644418088,B54,1,1,job311_scenario1_581,623,0,0,,623,
1644418088,B51,1,1,job307_scenario0_577,623,0,0,,623,
1644418088,os4,1,0,,623,0,0,,623,
1644418088,in4,1,0,,623,0,0,,623,
1644418088,B33,1,0,,623,0,0,,623,
1644418088,in27,1,0,,624,0,0,,624,
1644418088,B14,1,0,,624,0,0,,624,
1644418088,B11,1,0,,624,0,0,,624,
1644418088,cn12,1,0,,624,0,0,,624,
1644418088,B54,1,0,,624,0,0,,624,
1644418088,B51,1,1,job307_scenario0_577,624,0,0,,624,
1644418088,os4,1,0,,624,0,0,,624,
1644418088,in4,1,0,,624,0,0,,624,
1644418088,B33,1,0,,624,0,0,,624,
1644418088,in27,1,0,,625,0,0,,625,
1644418088,B14,1,0,,625,0,0,,625,
1644418088,B11,1,0,,625,0,0,,625,
1644418088,cn12,1,0,,625,0,0,,625,
1644418088,B54,1,0,,625,0,0,,625,
1644418088,B51,1,0,,625,0,0,,625,
1644418088,os4,1,0,,625,0,0,,625,
1644418088,in4,1,0,,625,0,0,,625,
1644418088,B33,1,0,,625,0,0,,625,
1644418089,in27,1,0,,626,0,0,,626,
1644418089,B14,1,0,,626,0,0,,626,
1644418089,B11,1,0,,626,0,0,,626,
1644418089,cn12,1,0,,626,0,0,,626,
1644418089,B54,1,0,,626,0,0,,626,
1644418089,B51,1,0,,626,0,0,,626,
1644418089,os4,1,0,,626,0,0,,626,
1644418089,in4,1,0,,626,0,0,,626,
1644418089,B33,1,0,,626,0,0,,626,
1644418089,in27,1,0,,627,0,0,,627,
1644418089,B14,1,0,,627,0,0,,627,
1644418089,B11,1,0,,627,0,0,,627,
1644418089,cn12,1,0,,627,0,0,,627,
1644418089,B54,1,0,,627,0,0,,627,
1644418089,B51,1,0,,627,0,0,,627,
1644418089,os4,1,1,job330_scenario4_620,627,0,0,,627,
1644418089,in4,1,0,,627,0,0,,627,
1644418089,B33,1,0,,627,0,0,,627,
1644418089,in27,1,0,,628,0,0,,628,
1644418089,B14,1,0,,628,0,0,,628,
1644418089,B11,1,0,,628,0,0,,628,
1644418089,cn12,1,0,,628,0,0,,628,
1644418089,B54,1,0,,628,0,0,,628,
1644418089,B51,1,0,,628,0,0,,628,
1644418089,os4,1,1,job330_scenario4_620,628,0,0,,628,
1644418089,in4,1,0,,628,0,0,,628,
1644418089,B33,1,0,,628,0,0,,628,
1644418089,in27,1,0,,629,0,0,,629,
1644418089,B14,1,0,,629,0,0,,629,
1644418089,B11,1,0,,629,0,0,,629,
1644418089,cn12,1,0,,629,0,0,,629,
1644418089,B54,1,0,,629,0,0,,629,
1644418089,B51,1,0,,629,0,0,,629,
1644418089,os4,1,1,job330_scenario4_620,629,0,0,,629,
1644418089,in4,1,0,,629,0,0,,629,
1644418089,B33,1,0,,629,0,0,,629,
1644418089,in27,1,0,,630,0,0,,630,
1644418089,B14,1,0,,630,0,0,,630,
1644418089,B11,1,0,,630,0,0,,630,
1644418089,cn12,1,0,,630,0,0,,630,
1644418089,B54,1,0,,630,0,0,,630,
1644418089,B51,1,0,,630,0,0,,630,
1644418089,os4,1,1,job330_scenario4_620,630,0,0,,630,
1644418089,in4,1,0,,630,0,0,,630,
1644418089,B33,1,0,,630,0,0,,630,
1644418089,in27,1,0,,631,0,0,,631,
1644418089,B14,1,0,,631,0,0,,631,
1644418089,B11,1,0,,631,0,0,,631,
1644418089,cn12,1,0,,631,0,0,,631,
1644418089,B54,1,1,job323_scenario1_604,631,0,0,,631,
1644418089,B51,1,0,,631,0,0,,631,
1644418089,os4,1,1,job330_scenario4_620,631,0,0,,631,
1644418089,in4,1,0,,631,0,0,,631,
1644418089,B33,1,0,,631,0,0,,631,
1644418089,in27,1,0,,632,0,0,,632,
1644418089,B14,1,0,,632,0,0,,632,
1644418089,B11,1,0,,632,0,0,,632,
1644418089,cn12,1,0,,632,0,0,,632,
1644418089,B54,1,1,job323_scenario1_604,632,0,0,,632,
1644418089,B51,1,0,,632,0,0,,632,
1644418089,os4,1,0,,632,0,0,,632,
1644418089,in4,1,0,,632,0,0,,632,
1644418089,B33,1,0,,632,0,0,,632,
1644418089,in27,1,0,,633,0,0,,633,
1644418089,B14,1,0,,633,0,0,,633,
1644418089,B11,1,0,,633,0,0,,633,
1644418089,cn12,1,0,,633,0,0,,633,
1644418089,B54,1,1,job323_scenario1_604,633,0,0,,633,
1644418089,B51,1,0,,633,0,0,,633,
1644418089,os4,1,0,,633,0,0,,633,
1644418089,in4,1,0,,633,0,0,,633,
1644418089,B33,1,0,,633,0,0,,633,
1644418089,in27,1,0,,634,0,0,,634,
1644418089,B14,1,0,,634,0,0,,634,
1644418089,B11,1,0,,634,0,0,,634,
1644418089,cn12,1,0,,634,0,0,,634,
1644418089,B54,1,1,job323_scenario1_604,634,0,0,,634,
1644418089,B51,1,0,,634,0,0,,634,
1644418089,os4,1,0,,634,0,0,,634,
1644418089,in4,1,0,,634,0,0,,634,
1644418089,B33,1,0,,634,0,0,,634,
1644418089,in27,1,0,,635,0,0,,635,
1644418089,B14,1,0,,635,0,0,,635,
1644418089,B11,1,0,,635,0,0,,635,
1644418089,cn12,1,0,,635,0,0,,635,
1644418089,B54,1,1,job323_scenario1_604,635,0,0,,635,
1644418089,B51,1,0,,635,0,0,,635,
1644418089,os4,1,0,,635,0,0,,635,
1644418089,in4,1,0,,635,0,0,,635,
1644418089,B33,1,0,,635,0,0,,635,
1644418090,in27,1,0,,636,0,0,,636,
1644418090,B14,1,0,,636,0,0,,636,
1644418090,B11,1,0,,636,0,0,,636,
1644418090,cn12,1,0,,636,0,0,,636,
1644418090,B54,1,1,job323_scenario1_604,636,0,0,,636,
1644418090,B51,1,0,,636,0,0,,636,
1644418090,os4,1,1,job335_scenario4_630,636,0,0,,636,
1644418090,in4,1,0,,636,0,0,,636,
1644418090,B33,1,0,,636,0,0,,636,
1644418090,in27,1,0,,637,0,0,,637,
1644418090,B14,1,0,,637,0,0,,637,
1644418090,B11,1,0,,637,0,0,,637,
1644418090,cn12,1,0,,637,0,0,,637,
1644418090,B54,1,1,job323_scenario1_604,637,0,0,,637,
1644418090,B51,1,0,,637,0,0,,637,
1644418090,os4,1,1,job335_scenario4_630,637,0,0,,637,
1644418090,in4,1,0,,637,0,0,,637,
1644418090,B33,1,0,,637,0,0,,637,
1644418090,in27,1,0,,638,0,0,,638,
1644418090,B14,1,0,,638,0,0,,638,
1644418090,B11,1,0,,638,0,0,,638,
1644418090,cn12,1,0,,638,0,0,,638,
1644418090,B54,1,1,job323_scenario1_604,638,0,0,,638,
1644418090,B51,1,0,,638,0,0,,638,
1644418090,os4,1,1,job335_scenario4_630,638,0,0,,638,
1644418090,in4,1,0,,638,0,0,,638,
1644418090,B33,1,0,,638,0,0,,638,
1644418090,in27,1,0,,639,0,0,,639,
1644418090,B14,1,0,,639,0,0,,639,
1644418090,B11,1,0,,639,0,0,,639,
1644418090,cn12,1,0,,639,0,0,,639,
1644418090,B54,1,0,,639,0,0,,639,
1644418090,B51,1,0,,639,0,0,,639,
1644418090,os4,1,1,job335_scenario4_630,639,0,0,,639,
1644418090,in4,1,0,,639,0,0,,639,
1644418090,B33,1,0,,639,0,0,,639,
1644418090,in27,1,0,,640,0,0,,640,
1644418090,B14,1,0,,640,0,0,,640,
1644418090,B11,1,0,,640,0,0,,640,
1644418090,cn12,1,0,,640,0,0,,640,
1644418090,B54,1,0,,640,0,0,,640,
1644418090,B51,1,0,,640,0,0,,640,
1644418090,os4,1,1,job335_scenario4_630,640,0,0,,640,
1644418090,in4,1,0,,640,0,0,,640,
1644418090,B33,1,0,,640,0,0,,640,
1644418090,in27,1,0,,641,0,0,,641,
1644418090,B14,1,0,,641,0,0,,641,
1644418090,B11,1,0,,641,0,0,,641,
1644418090,cn12,1,0,,641,0,0,,641,
1644418090,B54,1,0,,641,0,0,,641,
1644418090,B51,1,0,,641,0,0,,641,
1644418090,os4,1,1,job335_scenario4_630,641,0,0,,641,
1644418090,in4,1,0,,641,0,0,,641,
1644418090,B33,1,0,,641,0,0,,641,
1644418090,in27,1,0,,642,0,0,,642,
1644418090,B14,1,0,,642,0,0,,642,
1644418090,B11,1,0,,642,0,0,,642,
1644418090,cn12,1,0,,642,0,0,,642,
1644418090,B54,1,0,,642,0,0,,642,
1644418090,B51,1,1,job333_scenario0_623,642,0,0,,642,
1644418090,os4,1,0,,642,0,0,,642,
1644418090,in4,1,0,,642,0,0,,642,
1644418090,B33,1,0,,642,0,0,,642,
1644418090,in27,1,0,,643,0,0,,643,
1644418090,B14,1,0,,643,0,0,,643,
1644418090,B11,1,0,,643,0,0,,643,
1644418090,cn12,1,0,,643,0,0,,643,
1644418090,B54,1,0,,643,0,0,,643,
1644418090,B51,1,1,job333_scenario0_623,643,0,0,,643,
1644418090,os4,1,0,,643,0,0,,643,
1644418090,in4,1,0,,643,0,0,,643,
1644418090,B33,1,0,,643,0,0,,643,
1644418090,in27,1,0,,644,0,0,,644,
1644418090,B14,1,0,,644,0,0,,644,
1644418090,B11,1,0,,644,0,0,,644,
1644418090,cn12,1,0,,644,0,0,,644,
1644418090,B54,1,0,,644,0,0,,644,
1644418090,B51,1,1,job333_scenario0_623,644,0,0,,644,
1644418090,os4,1,0,,644,0,0,,644,
1644418090,in4,1,0,,644,0,0,,644,
1644418090,B33,1,0,,644,0,0,,644,
1644418090,in27,1,0,,645,0,0,,645,
1644418090,B14,1,0,,645,0,0,,645,
1644418090,B11,1,0,,645,0,0,,645,
1644418090,cn12,1,0,,645,0,0,,645,
1644418090,B54,1,0,,645,0,0,,645,
1644418090,B51,1,1,job333_scenario0_623,645,0,0,,645,
1644418090,os4,1,0,,645,0,0,,645,
1644418090,in4,1,0,,645,0,0,,645,
1644418090,B33,1,0,,645,0,0,,645,
1644418090,in27,1,0,,646,0,0,,646,
1644418090,B14,1,0,,646,0,0,,646,
1644418090,B11,1,0,,646,0,0,,646,
1644418090,cn12,1,0,,646,0,0,,646,
1644418090,B54,1,0,,646,0,0,,646,
1644418090,B51,1,1,job333_scenario0_623,646,0,0,,646,
1644418090,os4,1,0,,646,0,0,,646,
1644418090,in4,1,0,,646,0,0,,646,
1644418090,B33,1,0,,646,0,0,,646,
1644418091,in27,1,0,,647,0,0,,647,
1644418091,B14,1,0,,647,0,0,,647,
1644418091,B11,1,1,job340_scenario3_642,647,0,0,,647,
1644418091,cn12,1,0,,647,0,0,,647,
1644418091,B54,1,0,,647,0,0,,647,
1644418091,B51,1,1,job333_scenario0_623,647,0,0,,647,
1644418091,os4,1,0,,647,0,0,,647,
1644418091,in4,1,0,,647,0,0,,647,
1644418091,B33,1,0,,647,0,0,,647,
1644418091,in27,1,0,,648,0,0,,648,
1644418091,B14,1,0,,648,0,0,,648,
1644418091,B11,1,1,job340_scenario3_642,648,0,0,,648,
1644418091,cn12,1,0,,648,0,0,,648,
1644418091,B54,1,1,job329_scenario1_619,648,0,0,,648,
1644418091,B51,1,1,job333_scenario0_623,648,0,0,,648,
1644418091,os4,1,0,,648,0,0,,648,
1644418091,in4,1,0,,648,0,0,,648,
1644418091,B33,1,0,,648,0,0,,648,
1644418091,in27,1,0,,649,0,0,,649,
1644418091,B14,1,0,,649,0,0,,649,
1644418091,B11,1,1,job340_scenario3_642,649,0,0,,649,
1644418091,cn12,1,0,,649,0,0,,649,
1644418091,B54,1,1,job329_scenario1_619,649,0,0,,649,
1644418091,B51,1,1,job333_scenario0_623,649,0,0,,649,
1644418091,os4,1,0,,649,0,0,,649,
1644418091,in4,1,0,,649,0,0,,649,
1644418091,B33,1,0,,649,0,0,,649,
1644418091,in27,1,0,,650,0,0,,650,
1644418091,B14,1,0,,650,0,0,,650,
1644418091,B11,1,1,job340_scenario3_642,650,0,0,,650,
1644418091,cn12,1,0,,650,0,0,,650,
1644418091,B54,1,1,job329_scenario1_619,650,0,0,,650,
1644418091,B51,1,1,job333_scenario0_623,650,0,0,,650,
1644418091,os4,1,0,,650,0,0,,650,
1644418091,in4,1,0,,650,0,0,,650,
1644418091,B33,1,0,,650,0,0,,650,
1644418091,in27,1,0,,651,0,0,,651,
1644418091,B14,1,0,,651,0,0,,651,
1644418091,B11,1,1,job340_scenario3_642,651,0,0,,651,
1644418091,cn12,1,0,,651,0,0,,651,
1644418091,B54,1,1,job329_scenario1_619,651,0,0,,651,
1644418091,B51,1,1,job333_scenario0_623,651,0,0,,651,
1644418091,os4,1,0,,651,0,0,,651,
1644418091,in4,1,0,,651,0,0,,651,
1644418091,B33,1,0,,651,0,0,,651,
1644418091,in27,1,0,,652,0,0,,652,
1644418091,B14,1,0,,652,0,0,,652,
1644418091,B11,1,0,,652,0,0,,652,
1644418091,cn12,1,0,,652,0,0,,652,
1644418091,B54,1,1,job329_scenario1_619,652,0,0,,652,
1644418091,B51,1,1,job333_scenario0_623,652,0,0,,652,
1644418091,os4,1,0,,652,0,0,,652,
1644418091,in4,1,0,,652,0,0,,652,
1644418091,B33,1,0,,652,0,0,,652,
1644418091,in27,1,0,,653,0,0,,653,
1644418091,B14,1,0,,653,0,0,,653,
1644418091,B11,1,0,,653,0,0,,653,
1644418091,cn12,1,0,,653,0,0,,653,
1644418091,B54,1,1,job329_scenario1_619,653,0,0,,653,
1644418091,B51,1,1,job333_scenario0_623,653,0,0,,653,
1644418091,os4,1,0,,653,0,0,,653,
1644418091,in4,1,0,,653,0,0,,653,
1644418091,B33,1,0,,653,0,0,,653,
1644418091,in27,1,0,,654,0,0,,654,
1644418091,B14,1,0,,654,0,0,,654,
1644418091,B11,1,0,,654,0,0,,654,
1644418091,cn12,1,0,,654,0,0,,654,
1644418091,B54,1,0,,654,0,0,,654,
1644418091,B51,1,0,,654,0,0,,654,
1644418091,os4,1,0,,654,0,0,,654,
1644418091,in4,1,0,,654,0,0,,654,
1644418091,B33,1,0,,654,0,0,,654,
1644418091,in27,1,0,,655,0,0,,655,
1644418091,B14,1,0,,655,0,0,,655,
1644418091,B11,1,0,,655,0,0,,655,
1644418091,cn12,1,0,,655,0,0,,655,
1644418091,B54,1,0,,655,0,0,,655,
1644418091,B51,1,0,,655,0,0,,655,
1644418091,os4,1,0,,655,0,0,,655,
1644418091,in4,1,0,,655,0,0,,655,
1644418091,B33,1,0,,655,0,0,,655,
1644418091,in27,1,0,,656,0,0,,656,
1644418091,B14,1,0,,656,0,0,,656,
1644418091,B11,1,0,,656,0,0,,656,
1644418091,cn12,1,0,,656,0,0,,656,
1644418091,B54,1,0,,656,0,0,,656,
1644418091,B51,1,0,,656,0,0,,656,
1644418091,os4,1,0,,656,0,0,,656,
1644418091,in4,1,0,,656,0,0,,656,
1644418091,B33,1,0,,656,0,0,,656,
1644418091,in27,1,0,,657,0,0,,657,
1644418091,B14,1,0,,657,0,0,,657,
1644418091,B11,1,0,,657,0,0,,657,
1644418091,cn12,1,0,,657,0,0,,657,
1644418091,B54,1,0,,657,0,0,,657,
1644418092,B51,1,0,,657,0,0,,657,
1644418092,os4,1,0,,657,0,0,,657,
1644418092,in4,1,0,,657,0,0,,657,
1644418092,B33,1,0,,657,0,0,,657,
1644418092,in27,1,0,,658,0,0,,658,
1644418092,B14,1,0,,658,0,0,,658,
1644418092,B11,1,0,,658,0,0,,658,
1644418092,cn12,1,0,,658,0,0,,658,
1644418092,B54,1,1,job334_scenario1_626,658,0,0,,658,
1644418092,B51,1,0,,658,0,0,,658,
1644418092,os4,1,0,,658,0,0,,658,
1644418092,in4,1,0,,658,0,0,,658,
1644418092,B33,1,0,,658,0,0,,658,
1644418092,in27,1,0,,659,0,0,,659,
1644418092,B14,1,0,,659,0,0,,659,
1644418092,B11,1,0,,659,0,0,,659,
1644418092,cn12,1,0,,659,0,0,,659,
1644418092,B54,1,1,job334_scenario1_626,659,0,0,,659,
1644418092,B51,1,0,,659,0,0,,659,
1644418092,os4,1,0,,659,0,0,,659,
1644418092,in4,1,0,,659,0,0,,659,
1644418092,B33,1,0,,659,0,0,,659,
1644418092,in27,1,0,,660,0,0,,660,
1644418092,B14,1,0,,660,0,0,,660,
1644418092,B11,1,0,,660,0,0,,660,
1644418092,cn12,1,0,,660,0,0,,660,
1644418092,B54,1,1,job334_scenario1_626,660,0,0,,660,
1644418092,B51,1,0,,660,0,0,,660,
1644418092,os4,1,0,,660,0,0,,660,
1644418092,in4,1,0,,660,0,0,,660,
1644418092,B33,1,1,job337_scenario2_633,660,0,0,,660,
1644418092,in27,1,0,,661,0,0,,661,
1644418092,B14,1,0,,661,0,0,,661,
1644418092,B11,1,0,,661,0,0,,661,
1644418092,cn12,1,0,,661,0,0,,661,
1644418092,B54,1,1,job334_scenario1_626,661,0,0,,661,
1644418092,B51,1,0,,661,0,0,,661,
1644418092,os4,1,0,,661,0,0,,661,
1644418092,in4,1,0,,661,0,0,,661,
1644418092,B33,1,0,,661,0,0,,661,
1644418092,in27,1,0,,662,0,0,,662,
1644418092,B14,1,0,,662,0,0,,662,
1644418092,B11,1,0,,662,0,0,,662,
1644418092,cn12,1,0,,662,0,0,,662,
1644418092,B54,1,1,job334_scenario1_626,662,0,0,,662,
1644418092,B51,1,0,,662,0,0,,662,
1644418092,os4,1,0,,662,0,0,,662,
1644418092,in4,1,0,,662,0,0,,662,
1644418092,B33,1,0,,662,0,0,,662,
1644418092,in27,1,0,,663,0,0,,663,
1644418092,B14,1,0,,663,0,0,,663,
1644418092,B11,1,0,,663,0,0,,663,
1644418092,cn12,1,0,,663,0,0,,663,
1644418092,B54,1,0,,663,0,0,,663,
1644418092,B51,1,0,,663,0,0,,663,
1644418092,os4,1,0,,663,0,0,,663,
1644418092,in4,1,0,,663,0,0,,663,
1644418092,B33,1,0,,663,0,0,,663,
1644418092,in27,1,0,,664,0,0,,664,
1644418092,B14,1,0,,664,0,0,,664,
1644418092,B11,1,0,,664,0,0,,664,
1644418092,cn12,1,0,,664,0,0,,664,
1644418092,B54,1,0,,664,0,0,,664,
1644418092,B51,1,0,,664,0,0,,664,
1644418092,os4,1,1,job348_scenario4_658,664,0,0,,664,
1644418092,in4,1,0,,664,0,0,,664,
1644418092,B33,1,0,,664,0,0,,664,
1644418092,in27,1,0,,665,0,0,,665,
1644418092,B14,1,0,,665,0,0,,665,
1644418092,B11,1,0,,665,0,0,,665,
1644418092,cn12,1,0,,665,0,0,,665,
1644418092,B54,1,0,,665,0,0,,665,
1644418092,B51,1,0,,665,0,0,,665,
1644418092,os4,1,1,job348_scenario4_658,665,0,0,,665,
1644418092,in4,1,0,,665,0,0,,665,
1644418092,B33,1,0,,665,0,0,,665,
1644418092,in27,1,0,,666,0,0,,666,
1644418092,B14,1,0,,666,0,0,,666,
1644418092,B11,1,0,,666,0,0,,666,
1644418092,cn12,1,0,,666,0,0,,666,
1644418092,B54,1,0,,666,0,0,,666,
1644418092,B51,1,0,,666,0,0,,666,
1644418092,os4,1,1,job348_scenario4_658,666,0,0,,666,
1644418093,in4,1,0,,666,0,0,,666,
1644418093,B33,1,0,,666,0,0,,666,
1644418093,in27,1,0,,667,0,0,,667,
1644418093,B14,1,0,,667,0,0,,667,
1644418093,B11,1,0,,667,0,0,,667,
1644418093,cn12,1,0,,667,0,0,,667,
1644418093,B54,1,0,,667,0,0,,667,
1644418093,B51,1,0,,667,0,0,,667,
1644418093,os4,1,0,,667,0,0,,667,
1644418093,in4,1,0,,667,0,0,,667,
1644418093,B33,1,0,,667,0,0,,667,
1644418093,in27,1,0,,668,0,0,,668,
1644418093,B14,1,0,,668,0,0,,668,
1644418093,B11,1,0,,668,0,0,,668,
1644418093,cn12,1,0,,668,0,0,,668,
1644418093,B54,1,0,,668,0,0,,668,
1644418093,B51,1,0,,668,0,0,,668,
1644418093,os4,1,0,,668,0,0,,668,
1644418093,in4,1,0,,668,0,0,,668,
1644418093,B33,1,0,,668,0,0,,668,
1644418093,in27,1,0,,669,0,0,,669,
1644418093,B14,1,0,,669,0,0,,669,
1644418093,B11,1,0,,669,0,0,,669,
1644418093,cn12,1,0,,669,0,0,,669,
1644418093,B54,1,0,,669,0,0,,669,
1644418093,B51,1,0,,669,0,0,,669,
1644418093,os4,1,0,,669,0,0,,669,
1644418093,in4,1,0,,669,0,0,,669,
1644418093,B33,1,0,,669,0,0,,669,
1644418093,in27,1,0,,670,0,0,,670,
1644418093,B14,1,0,,670,0,0,,670,
1644418093,B11,1,0,,670,0,0,,670,
1644418093,cn12,1,0,,670,0,0,,670,
1644418093,B54,1,0,,670,0,0,,670,
1644418093,B51,1,0,,670,0,0,,670,
1644418093,os4,1,0,,670,0,0,,670,
1644418093,in4,1,0,,670,0,0,,670,
1644418093,B33,1,0,,670,0,0,,670,
1644418093,in27,1,0,,671,0,0,,671,
1644418093,B14,1,0,,671,0,0,,671,
1644418093,B11,1,0,,671,0,0,,671,
1644418093,cn12,1,0,,671,0,0,,671,
1644418093,B54,1,0,,671,0,0,,671,
1644418093,B51,1,0,,671,0,0,,671,
1644418093,os4,1,0,,671,0,0,,671,
1644418093,in4,1,0,,671,0,0,,671,
1644418093,B33,1,0,,671,0,0,,671,
1644418093,in27,1,0,,672,0,0,,672,
1644418093,B14,1,0,,672,0,0,,672,
1644418093,B11,1,0,,672,0,0,,672,
1644418093,cn12,1,0,,672,0,0,,672,
1644418093,B54,1,0,,672,0,0,,672,
1644418093,B51,1,0,,672,0,0,,672,
1644418093,os4,1,0,,672,0,0,,672,
1644418093,in4,1,0,,672,0,0,,672,
1644418093,B33,1,0,,672,0,0,,672,
1644418093,in27,1,0,,673,0,0,,673,
1644418093,B14,1,0,,673,0,0,,673,
1644418093,B11,1,0,,673,0,0,,673,
1644418093,cn12,1,0,,673,0,0,,673,
1644418093,B54,1,0,,673,0,0,,673,
1644418093,B51,1,0,,673,0,0,,673,
1644418093,os4,1,0,,673,0,0,,673,
1644418093,in4,1,0,,673,0,0,,673,
1644418093,B33,1,0,,673,0,0,,673,
1644418093,in27,1,0,,674,0,0,,674,
1644418093,B14,1,0,,674,0,0,,674,
1644418093,B11,1,0,,674,0,0,,674,
1644418093,cn12,1,0,,674,0,0,,674,
1644418093,B54,1,0,,674,0,0,,674,
1644418093,B51,1,0,,674,0,0,,674,
1644418093,os4,1,0,,674,0,0,,674,
1644418093,in4,1,0,,674,0,0,,674,
1644418093,B33,1,0,,674,0,0,,674,
1644418093,in27,1,0,,675,0,0,,675,
1644418093,B14,1,0,,675,0,0,,675,
1644418093,B11,1,0,,675,0,0,,675,
1644418093,cn12,1,0,,675,0,0,,675,
1644418093,B54,1,0,,675,0,0,,675,
1644418093,B51,1,0,,675,0,0,,675,
1644418093,os4,1,1,job357_scenario4_669,675,0,0,,675,
1644418093,in4,1,0,,675,0,0,,675,
1644418093,B33,1,0,,675,0,0,,675,
1644418093,in27,1,0,,676,0,0,,676,
1644418093,B14,1,0,,676,0,0,,676,
1644418093,B11,1,0,,676,0,0,,676,
1644418093,cn12,1,0,,676,0,0,,676,
1644418093,B54,1,0,,676,0,0,,676,
1644418093,B51,1,0,,676,0,0,,676,
1644418093,os4,1,1,job357_scenario4_669,676,0,0,,676,
1644418093,in4,1,0,,676,0,0,,676,
1644418093,B33,1,0,,676,0,0,,676,
1644418093,in27,1,0,,677,0,0,,677,
1644418093,B14,1,0,,677,0,0,,677,
1644418093,B11,1,0,,677,0,0,,677,
1644418093,cn12,1,0,,677,0,0,,677,
1644418093,B54,1,1,job353_scenario1_664,677,0,0,,677,
1644418093,B51,1,0,,677,0,0,,677,
1644418093,os4,1,1,job357_scenario4_669,677,0,0,,677,
1644418093,in4,1,0,,677,0,0,,677,
1644418093,B33,1,0,,677,0,0,,677,
1644418094,in27,1,0,,678,0,0,,678,
1644418094,B14,1,0,,678,0,0,,678,
1644418094,B11,1,1,job359_scenario3_673,678,0,0,,678,
1644418094,cn12,1,0,,678,0,0,,678,
1644418094,B54,1,1,job353_scenario1_664,678,0,0,,678,
1644418094,B51,1,0,,678,0,0,,678,
1644418094,os4,1,1,job357_scenario4_669,678,0,0,,678,
1644418094,in4,1,0,,678,0,0,,678,
1644418094,B33,1,0,,678,0,0,,678,
1644418094,in27,1,0,,679,0,0,,679,
1644418094,B14,1,0,,679,0,0,,679,
1644418094,B11,1,1,job359_scenario3_673,679,0,0,,679,
1644418094,cn12,1,0,,679,0,0,,679,
1644418094,B54,1,1,job353_scenario1_664,679,0,0,,679,
1644418094,B51,1,1,job339_scenario0_640,679,0,0,,679,
1644418094,os4,1,0,,679,0,0,,679,
1644418094,in4,1,0,,679,0,0,,679,
1644418094,B33,1,1,job358_scenario2_670,679,0,0,,679,
1644418094,in27,1,0,,680,0,0,,680,
1644418094,B14,1,0,,680,0,0,,680,
1644418094,B11,1,1,job359_scenario3_673,680,0,0,,680,
1644418094,cn12,1,0,,680,0,0,,680,
1644418094,B54,1,1,job353_scenario1_664,680,0,0,,680,
1644418094,B51,1,1,job339_scenario0_640,680,0,0,,680,
1644418094,os4,1,0,,680,0,0,,680,
1644418094,in4,1,0,,680,0,0,,680,
1644418094,B33,1,1,job358_scenario2_670,680,0,0,,680,
1644418094,in27,1,0,,681,0,0,,681,
1644418094,B14,1,0,,681,0,0,,681,
1644418094,B11,1,1,job359_scenario3_673,681,0,0,,681,
1644418094,cn12,1,0,,681,0,0,,681,
1644418094,B54,1,1,job353_scenario1_664,681,0,0,,681,
1644418094,B51,1,1,job339_scenario0_640,681,0,0,,681,
1644418094,os4,1,0,,681,0,0,,681,
1644418094,in4,1,0,,681,0,0,,681,
1644418094,B33,1,1,job358_scenario2_670,681,0,0,,681,
1644418094,in27,1,0,,682,0,0,,682,
1644418094,B14,1,0,,682,0,0,,682,
1644418094,B11,1,1,job359_scenario3_673,682,0,0,,682,
1644418094,cn12,1,0,,682,0,0,,682,
1644418094,B54,1,0,,682,0,0,,682,
1644418094,B51,1,1,job339_scenario0_640,682,0,0,,682,
1644418094,os4,1,1,job360_scenario4_675,682,0,0,,682,
1644418094,in4,1,0,,682,0,0,,682,
1644418094,B33,1,1,job358_scenario2_670,682,0,0,,682,
1644418094,in27,1,0,,683,0,0,,683,
1644418094,B14,1,0,,683,0,0,,683,
1644418094,B11,1,1,job359_scenario3_673,683,0,0,,683,
1644418094,cn12,1,0,,683,0,0,,683,
1644418094,B54,1,0,,683,0,0,,683,
1644418094,B51,1,1,job339_scenario0_640,683,0,0,,683,
1644418094,os4,1,1,job360_scenario4_675,683,0,0,,683,
1644418094,in4,1,0,,683,0,0,,683,
1644418094,B33,1,0,,683,0,0,,683,
1644418094,in27,1,0,,684,0,0,,684,
1644418094,B14,1,0,,684,0,0,,684,
1644418094,B11,1,0,,684,0,0,,684,
1644418094,cn12,1,0,,684,0,0,,684,
1644418094,B54,1,0,,684,0,0,,684,
1644418094,B51,1,1,job339_scenario0_640,684,0,0,,684,
1644418094,os4,1,1,job360_scenario4_675,684,0,0,,684,
1644418094,in4,1,0,,684,0,0,,684,
1644418094,B33,1,0,,684,0,0,,684,
1644418094,in27,1,0,,685,0,0,,685,
1644418095,B14,1,0,,685,0,0,,685,
1644418095,B11,1,0,,685,0,0,,685,
1644418095,cn12,1,0,,685,0,0,,685,
1644418095,B54,1,0,,685,0,0,,685,
1644418095,B51,1,1,job339_scenario0_640,685,0,0,,685,
1644418095,os4,1,1,job360_scenario4_675,685,0,0,,685,
1644418095,in4,1,0,,685,0,0,,685,
1644418095,B33,1,0,,685,0,0,,685,
1644418095,in27,1,0,,686,0,0,,686,
1644418095,B14,1,0,,686,0,0,,686,
1644418095,B11,1,0,,686,0,0,,686,
1644418095,cn12,1,0,,686,0,0,,686,
1644418095,B54,1,0,,686,0,0,,686,
1644418095,B51,1,1,job339_scenario0_640,686,0,0,,686,
1644418095,os4,1,1,job360_scenario4_675,686,0,0,,686,
1644418095,in4,1,0,,686,0,0,,686,
1644418095,B33,1,0,,686,0,0,,686,
1644418095,in27,1,0,,687,0,0,,687,
1644418095,B14,1,0,,687,0,0,,687,
1644418095,B11,1,0,,687,0,0,,687,
1644418095,cn12,1,0,,687,0,0,,687,
1644418095,B54,1,0,,687,0,0,,687,
1644418095,B51,1,1,job339_scenario0_640,687,0,0,,687,
1644418095,os4,1,0,,687,0,0,,687,
1644418095,in4,1,0,,687,0,0,,687,
1644418095,B33,1,0,,687,0,0,,687,
1644418095,in27,1,0,,688,0,0,,688,
1644418095,B14,1,0,,688,0,0,,688,
1644418095,B11,1,0,,688,0,0,,688,
1644418095,cn12,1,0,,688,0,0,,688,
1644418095,B54,1,0,,688,0,0,,688,
1644418095,B51,1,1,job339_scenario0_640,688,0,0,,688,
1644418095,os4,1,0,,688,0,0,,688,
1644418095,in4,1,0,,688,0,0,,688,
1644418095,B33,1,0,,688,0,0,,688,
1644418095,in27,1,0,,689,0,0,,689,
1644418095,B14,1,0,,689,0,0,,689,
1644418095,B11,1,0,,689,0,0,,689,
1644418095,cn12,1,0,,689,0,0,,689,
1644418095,B54,1,0,,689,0,0,,689,
1644418095,B51,1,0,,689,0,0,,689,
1644418095,os4,1,0,,689,0,0,,689,
1644418095,in4,1,0,,689,0,0,,689,
1644418095,B33,1,1,job345_scenario2_650,689,0,0,,689,
1644418095,in27,1,0,,690,0,0,,690,
1644418095,B14,1,0,,690,0,0,,690,
1644418095,B11,1,0,,690,0,0,,690,
1644418095,cn12,1,0,,690,0,0,,690,
1644418095,B54,1,0,,690,0,0,,690,
1644418095,B51,1,0,,690,0,0,,690,
1644418095,os4,1,0,,690,0,0,,690,
1644418095,in4,1,0,,690,0,0,,690,
1644418095,B33,1,1,job345_scenario2_650,690,0,0,,690,
1644418095,in27,1,0,,691,0,0,,691,
1644418095,B14,1,0,,691,0,0,,691,
1644418095,B11,1,0,,691,0,0,,691,
1644418095,cn12,1,0,,691,0,0,,691,
1644418095,B54,1,0,,691,0,0,,691,
1644418095,B51,1,0,,691,0,0,,691,
1644418095,os4,1,0,,691,0,0,,691,
1644418095,in4,1,0,,691,0,0,,691,
1644418095,B33,1,0,,691,0,0,,691,
1644418095,in27,1,0,,692,0,0,,692,
1644418095,B14,1,0,,692,0,0,,692,
1644418095,B11,1,0,,692,0,0,,692,
1644418095,cn12,1,0,,692,0,0,,692,
1644418095,B54,1,0,,692,0,0,,692,
1644418095,B51,1,1,job347_scenario0_653,692,0,0,,692,
1644418095,os4,1,0,,692,0,0,,692,
1644418095,in4,1,0,,692,0,0,,692,
1644418095,B33,1,0,,692,0,0,,692,
1644418095,in27,1,0,,693,0,0,,693,
1644418095,B14,1,0,,693,0,0,,693,
1644418095,B11,1,0,,693,0,0,,693,
1644418095,cn12,1,0,,693,0,0,,693,
1644418095,B54,1,0,,693,0,0,,693,
1644418095,B51,1,1,job347_scenario0_653,693,0,0,,693,
1644418095,os4,1,0,,693,0,0,,693,
1644418095,in4,1,0,,693,0,0,,693,
1644418095,B33,1,0,,693,0,0,,693,
1644418095,in27,1,0,,694,0,0,,694,
1644418095,B14,1,0,,694,0,0,,694,
1644418095,B11,1,0,,694,0,0,,694,
1644418095,cn12,1,0,,694,0,0,,694,
1644418095,B54,1,0,,694,0,0,,694,
1644418095,B51,1,1,job347_scenario0_653,694,0,0,,694,
1644418095,os4,1,0,,694,0,0,,694,
1644418095,in4,1,0,,694,0,0,,694,
1644418095,B33,1,0,,694,0,0,,694,
1644418096,in27,1,0,,695,0,0,,695,
1644418096,B14,1,0,,695,0,0,,695,
1644418096,B11,1,0,,695,0,0,,695,
1644418096,cn12,1,0,,695,0,0,,695,
1644418096,B54,1,0,,695,0,0,,695,
1644418096,B51,1,1,job347_scenario0_653,695,0,0,,695,
1644418096,os4,1,0,,695,0,0,,695,
1644418096,in4,1,0,,695,0,0,,695,
1644418096,B33,1,1,job365_scenario2_692,695,0,0,,695,
1644418096,in27,1,0,,696,0,0,,696,
1644418096,B14,1,0,,696,0,0,,696,
1644418096,B11,1,0,,696,0,0,,696,
1644418096,cn12,1,0,,696,0,0,,696,
1644418096,B54,1,0,,696,0,0,,696,
1644418096,B51,1,1,job347_scenario0_653,696,0,0,,696,
1644418096,os4,1,0,,696,0,0,,696,
1644418096,in4,1,0,,696,0,0,,696,
1644418096,B33,1,1,job365_scenario2_692,696,0,0,,696,
1644418096,in27,1,0,,697,0,0,,697,
1644418096,B14,1,0,,697,0,0,,697,
1644418096,B11,1,0,,697,0,0,,697,
1644418096,cn12,1,0,,697,0,0,,697,
1644418096,B54,1,0,,697,0,0,,697,
1644418096,B51,1,1,job347_scenario0_653,697,0,0,,697,
1644418096,os4,1,0,,697,0,0,,697,
1644418096,in4,1,0,,697,0,0,,697,
1644418096,B33,1,0,,697,0,0,,697,
1644418096,in27,1,0,,698,0,0,,698,
1644418096,B14,1,0,,698,0,0,,698,
1644418096,B11,1,0,,698,0,0,,698,
1644418096,cn12,1,0,,698,0,0,,698,
1644418096,B54,1,0,,698,0,0,,698,
1644418096,B51,1,1,job347_scenario0_653,698,0,0,,698,
1644418096,os4,1,0,,698,0,0,,698,
1644418096,in4,1,0,,698,0,0,,698,
1644418096,B33,1,0,,698,0,0,,698,
1644418096,in27,1,0,,699,0,0,,699,
1644418096,B14,1,0,,699,0,0,,699,
1644418096,B11,1,0,,699,0,0,,699,
1644418096,cn12,1,0,,699,0,0,,699,
1644418096,B54,1,0,,699,0,0,,699,
1644418096,B51,1,1,job347_scenario0_653,699,0,0,,699,
1644418096,os4,1,0,,699,0,0,,699,
1644418096,in4,1,0,,699,0,0,,699,
1644418096,B33,1,0,,699,0,0,,699,
1644418096,in27,1,0,,700,0,0,,700,
1644418096,B14,1,0,,700,0,0,,700,
1644418096,B11,1,0,,700,0,0,,700,
1644418096,cn12,1,0,,700,0,0,,700,
1644418096,B54,1,0,,700,0,0,,700,
1644418096,B51,1,1,job347_scenario0_653,700,0,0,,700,
1644418096,os4,1,0,,700,0,0,,700,
1644418096,in4,1,0,,700,0,0,,700,
1644418096,B33,1,0,,700,0,0,,700,
1644418096,in27,1,0,,701,0,0,,701,
1644418096,B14,1,0,,701,0,0,,701,
1644418096,B11,1,0,,701,0,0,,701,
1644418096,cn12,1,0,,701,0,0,,701,
1644418096,B54,1,0,,701,0,0,,701,
1644418096,B51,1,1,job347_scenario0_653,701,0,0,,701,
1644418096,os4,1,0,,701,0,0,,701,
1644418096,in4,1,0,,701,0,0,,701,
1644418096,B33,1,0,,701,0,0,,701,
1644418096,in27,1,0,,702,0,0,,702,
1644418096,B14,1,0,,702,0,0,,702,
1644418096,B11,1,0,,702,0,0,,702,
1644418096,cn12,1,0,,702,0,0,,702,
1644418096,B54,1,0,,702,0,0,,702,
1644418096,B51,1,1,job347_scenario0_653,702,0,0,,702,
1644418096,os4,1,0,,702,0,0,,702,
1644418096,in4,1,0,,702,0,0,,702,
1644418096,B33,1,0,,702,0,0,,702,
1644418097,in27,1,0,,703,0,0,,703,
1644418097,B14,1,0,,703,0,0,,703,
1644418097,B11,1,0,,703,0,0,,703,
1644418097,cn12,1,0,,703,0,0,,703,
1644418097,B54,1,1,job354_scenario1_665,703,0,0,,703,
1644418097,B51,1,1,job347_scenario0_653,703,0,0,,703,
1644418097,os4,1,0,,703,0,0,,703,
1644418097,in4,1,0,,703,0,0,,703,
1644418097,B33,1,0,,703,0,0,,703,
1644418097,in27,1,0,,704,0,0,,704,
1644418097,B14,1,0,,704,0,0,,704,
1644418097,B11,1,0,,704,0,0,,704,
1644418097,cn12,1,0,,704,0,0,,704,
1644418097,B54,1,1,job354_scenario1_665,704,0,0,,704,
1644418097,B51,1,1,job347_scenario0_653,704,0,0,,704,
1644418097,os4,1,0,,704,0,0,,704,
1644418097,in4,1,0,,704,0,0,,704,
1644418097,B33,1,0,,704,0,0,,704,
1644418097,in27,1,0,,705,0,0,,705,
1644418097,B14,1,0,,705,0,0,,705,
1644418097,B11,1,0,,705,0,0,,705,
1644418097,cn12,1,0,,705,0,0,,705,
1644418097,B54,1,1,job354_scenario1_665,705,0,0,,705,
1644418097,B51,1,1,job347_scenario0_653,705,0,0,,705,
1644418097,os4,1,0,,705,0,0,,705,
1644418097,in4,1,0,,705,0,0,,705,
1644418097,B33,1,0,,705,0,0,,705,
1644418097,in27,1,0,,706,0,0,,706,
1644418097,B14,1,0,,706,0,0,,706,
1644418097,B11,1,0,,706,0,0,,706,
1644418097,cn12,1,0,,706,0,0,,706,
1644418097,B54,1,0,,706,0,0,,706,
1644418097,B51,1,0,,706,0,0,,706,
1644418097,os4,1,0,,706,0,0,,706,
1644418097,in4,1,0,,706,0,0,,706,
1644418097,B33,1,0,,706,0,0,,706,
1644418097,in27,1,0,,707,0,0,,707,
1644418097,B14,1,1,job362_scenario1_678,707,0,0,,707,
1644418097,B11,1,0,,707,0,0,,707,
1644418097,cn12,1,0,,707,0,0,,707,
1644418097,B54,1,0,,707,0,0,,707,
1644418097,B51,1,0,,707,0,0,,707,
1644418097,os4,1,0,,707,0,0,,707,
1644418097,in4,1,0,,707,0,0,,707,
1644418097,B33,1,0,,707,0,0,,707,
1644418097,in27,1,0,,708,0,0,,708,
1644418097,B14,1,1,job362_scenario1_678,708,0,0,,708,
1644418097,B11,1,0,,708,0,0,,708,
1644418097,cn12,1,0,,708,0,0,,708,
1644418097,B54,1,0,,708,0,0,,708,
1644418097,B51,1,0,,708,0,0,,708,
1644418097,os4,1,0,,708,0,0,,708,
1644418097,in4,1,0,,708,0,0,,708,
1644418097,B33,1,1,job370_scenario2_707,708,0,0,,708,
1644418097,in27,1,0,,709,0,0,,709,
1644418097,B14,1,1,job362_scenario1_678,709,0,0,,709,
1644418097,B11,1,0,,709,0,0,,709,
1644418097,cn12,1,0,,709,0,0,,709,
1644418097,B54,1,0,,709,0,0,,709,
1644418097,B51,1,0,,709,0,0,,709,
1644418097,os4,1,0,,709,0,0,,709,
1644418097,in4,1,0,,709,0,0,,709,
1644418097,B33,1,1,job370_scenario2_707,709,0,0,,709,
1644418097,in27,1,0,,710,0,0,,710,
1644418097,B14,1,1,job362_scenario1_678,710,0,0,,710,
1644418097,B11,1,0,,710,0,0,,710,
1644418097,cn12,1,0,,710,0,0,,710,
1644418097,B54,1,0,,710,0,0,,710,
1644418097,B51,1,0,,710,0,0,,710,
1644418097,os4,1,0,,710,0,0,,710,
1644418097,in4,1,0,,710,0,0,,710,
1644418097,B33,1,1,job370_scenario2_707,710,0,0,,710,
1644418097,in27,1,0,,711,0,0,,711,
1644418097,B14,1,1,job362_scenario1_678,711,0,0,,711,
1644418097,B11,1,0,,711,0,0,,711,
1644418097,cn12,1,0,,711,0,0,,711,
1644418097,B54,1,0,,711,0,0,,711,
1644418097,B51,1,0,,711,0,0,,711,
1644418097,os4,1,0,,711,0,0,,711,
1644418097,in4,1,0,,711,0,0,,711,
1644418097,B33,1,1,job370_scenario2_707,711,0,0,,711,
1644418098,in27,1,0,,712,0,0,,712,
1644418098,B14,1,1,job362_scenario1_678,712,0,0,,712,
1644418098,B11,1,0,,712,0,0,,712,
1644418098,cn12,1,0,,712,0,0,,712,
1644418098,B54,1,1,job369_scenario1_702,712,0,0,,712,
1644418098,B51,1,0,,712,0,0,,712,
1644418098,os4,1,0,,712,0,0,,712,
1644418098,in4,1,0,,712,0,0,,712,
1644418098,B33,1,0,,712,0,0,,712,
1644418098,in27,1,0,,713,0,0,,713,
1644418098,B14,1,1,job362_scenario1_678,713,0,0,,713,
1644418098,B11,1,0,,713,0,0,,713,
1644418098,cn12,1,0,,713,0,0,,713,
1644418098,B54,1,1,job369_scenario1_702,713,0,0,,713,
1644418098,B51,1,0,,713,0,0,,713,
1644418098,os4,1,0,,713,0,0,,713,
1644418098,in4,1,0,,713,0,0,,713,
1644418098,B33,1,0,,713,0,0,,713,
1644418098,in27,1,0,,714,0,0,,714,
1644418098,B14,1,0,,714,0,0,,714,
1644418098,B11,1,0,,714,0,0,,714,
1644418098,cn12,1,0,,714,0,0,,714,
1644418098,B54,1,1,job369_scenario1_702,714,0,0,,714,
1644418098,B51,1,0,,714,0,0,,714,
1644418098,os4,1,0,,714,0,0,,714,
1644418098,in4,1,0,,714,0,0,,714,
1644418098,B33,1,0,,714,0,0,,714,
1644418098,in27,1,0,,715,0,0,,715,
1644418098,B14,1,0,,715,0,0,,715,
1644418098,B11,1,0,,715,0,0,,715,
1644418098,cn12,1,0,,715,0,0,,715,
1644418098,B54,1,1,job369_scenario1_702,715,0,0,,715,
1644418098,B51,1,0,,715,0,0,,715,
1644418098,os4,1,0,,715,0,0,,715,
1644418098,in4,1,0,,715,0,0,,715,
1644418098,B33,1,0,,715,0,0,,715,
1644418098,in27,1,0,,716,0,0,,716,
1644418098,B14,1,0,,716,0,0,,716,
1644418098,B11,1,0,,716,0,0,,716,
1644418098,cn12,1,0,,716,0,0,,716,
1644418098,B54,1,1,job369_scenario1_702,716,0,0,,716,
1644418098,B51,1,0,,716,0,0,,716,
1644418098,os4,1,0,,716,0,0,,716,
1644418098,in4,1,0,,716,0,0,,716,
1644418098,B33,1,0,,716,0,0,,716,
1644418098,in27,1,0,,717,0,0,,717,
1644418098,B14,1,0,,717,0,0,,717,
1644418098,B11,1,0,,717,0,0,,717,
1644418098,cn12,1,0,,717,0,0,,717,
1644418098,B54,1,1,job369_scenario1_702,717,0,0,,717,
1644418098,B51,1,0,,717,0,0,,717,
1644418098,os4,1,0,,717,0,0,,717,
1644418098,in4,1,0,,717,0,0,,717,
1644418098,B33,1,0,,717,0,0,,717,
1644418098,in27,1,0,,718,0,0,,718,
1644418098,B14,1,0,,718,0,0,,718,
1644418098,B11,1,0,,718,0,0,,718,
1644418098,cn12,1,0,,718,0,0,,718,
1644418098,B54,1,0,,718,0,0,,718,
1644418098,B51,1,0,,718,0,0,,718,
1644418098,os4,1,0,,718,0,0,,718,
1644418098,in4,1,0,,718,0,0,,718,
1644418098,B33,1,0,,718,0,0,,718,
1644418098,in27,1,0,,719,0,0,,719,
1644418098,B14,1,0,,719,0,0,,719,
1644418098,B11,1,0,,719,0,0,,719,
1644418098,cn12,1,0,,719,0,0,,719,
1644418098,B54,1,0,,719,0,0,,719,
1644418098,B51,1,0,,719,0,0,,719,
1644418098,os4,1,0,,719,0,0,,719,
1644418098,in4,1,0,,719,0,0,,719,
1644418098,B33,1,0,,719,0,0,,719,
1644418098,in27,1,0,,720,0,0,,720,
1644418098,B14,1,0,,720,0,0,,720,
1644418098,B11,1,0,,720,0,0,,720,
1644418098,cn12,1,0,,720,0,0,,720,
1644418098,B54,1,0,,720,0,0,,720,
1644418098,B51,1,0,,720,0,0,,720,
1644418098,os4,1,0,,720,0,0,,720,
1644418098,in4,1,0,,720,0,0,,720,
1644418098,B33,1,0,,720,0,0,,720,
1644418098,in27,1,0,,721,0,0,,721,
1644418098,B14,1,0,,721,0,0,,721,
1644418098,B11,1,0,,721,0,0,,721,
1644418098,cn12,1,0,,721,0,0,,721,
1644418098,B54,1,0,,721,0,0,,721,
1644418098,B51,1,0,,721,0,0,,721,
1644418098,os4,1,0,,721,0,0,,721,
1644418098,in4,1,0,,721,0,0,,721,
1644418098,B33,1,0,,721,0,0,,721,
1644418098,in27,1,0,,722,0,0,,722,
1644418098,B14,1,0,,722,0,0,,722,
1644418098,B11,1,0,,722,0,0,,722,
1644418098,cn12,1,0,,722,0,0,,722,
1644418098,B54,1,0,,722,0,0,,722,
1644418098,B51,1,0,,722,0,0,,722,
1644418098,os4,1,0,,722,0,0,,722,
1644418098,in4,1,0,,722,0,0,,722,
1644418098,B33,1,0,,722,0,0,,722,
1644418098,in27,1,0,,723,0,0,,723,
1644418098,B14,1,0,,723,0,0,,723,
1644418098,B11,1,0,,723,0,0,,723,
1644418098,cn12,1,0,,723,0,0,,723,
1644418098,B54,1,0,,723,0,0,,723,
1644418098,B51,1,0,,723,0,0,,723,
1644418098,os4,1,0,,723,0,0,,723,
1644418098,in4,1,0,,723,0,0,,723,
1644418098,B33,1,0,,723,0,0,,723,
1644418098,in27,1,0,,724,0,0,,724,
1644418098,B14,1,0,,724,0,0,,724,
1644418098,B11,1,0,,724,0,0,,724,
1644418098,cn12,1,0,,724,0,0,,724,
1644418098,B54,1,0,,724,0,0,,724,
1644418098,B51,1,0,,724,0,0,,724,
1644418098,os4,1,0,,724,0,0,,724,
1644418098,in4,1,0,,724,0,0,,724,
1644418098,B33,1,0,,724,0,0,,724,
1644418098,in27,1,0,,725,0,0,,725,
1644418098,B14,1,0,,725,0,0,,725,
1644418098,B11,1,0,,725,0,0,,725,
1644418098,cn12,1,0,,725,0,0,,725,
1644418098,B54,1,0,,725,0,0,,725,
1644418098,B51,1,0,,725,0,0,,725,
1644418098,os4,1,0,,725,0,0,,725,
1644418098,in4,1,0,,725,0,0,,725,
1644418098,B33,1,0,,725,0,0,,725,
1644418098,in27,1,0,,726,0,0,,726,
1644418098,B14,1,0,,726,0,0,,726,
1644418098,B11,1,0,,726,0,0,,726,
1644418098,cn12,1,0,,726,0,0,,726,
1644418098,B54,1,0,,726,0,0,,726,
1644418098,B51,1,0,,726,0,0,,726,
1644418098,os4,1,0,,726,0,0,,726,
1644418098,in4,1,0,,726,0,0,,726,
1644418098,B33,1,0,,726,0,0,,726,
1644418098,in27,1,0,,727,0,0,,727,
1644418098,B14,1,0,,727,0,0,,727,
1644418098,B11,1,0,,727,0,0,,727,
1644418098,cn12,1,0,,727,0,0,,727,
1644418098,B54,1,0,,727,0,0,,727,
1644418098,B51,1,0,,727,0,0,,727,
1644418098,os4,1,0,,727,0,0,,727,
1644418098,in4,1,0,,727,0,0,,727,
1644418098,B33,1,0,,727,0,0,,727,
1644418099,in27,1,0,,728,0,0,,728,
1644418099,B14,1,0,,728,0,0,,728,
1644418099,B11,1,0,,728,0,0,,728,
1644418099,cn12,1,0,,728,0,0,,728,
1644418099,B54,1,0,,728,0,0,,728,
1644418099,B51,1,0,,728,0,0,,728,
1644418099,os4,1,0,,728,0,0,,728,
1644418099,in4,1,0,,728,0,0,,728,
1644418099,B33,1,0,,728,0,0,,728,
1644418099,in27,1,0,,729,0,0,,729,
1644418099,B14,1,0,,729,0,0,,729,
1644418099,B11,1,0,,729,0,0,,729,
1644418099,cn12,1,0,,729,0,0,,729,
1644418099,B54,1,0,,729,0,0,,729,
1644418099,B51,1,0,,729,0,0,,729,
1644418099,os4,1,0,,729,0,0,,729,
1644418099,in4,1,0,,729,0,0,,729,
1644418099,B33,1,0,,729,0,0,,729,
1644418099,in27,1,0,,730,0,0,,730,
1644418099,B14,1,0,,730,0,0,,730,
1644418099,B11,1,0,,730,0,0,,730,
1644418099,cn12,1,0,,730,0,0,,730,
1644418099,B54,1,0,,730,0,0,,730,
1644418099,B51,1,0,,730,0,0,,730,
1644418099,os4,1,0,,730,0,0,,730,
1644418099,in4,1,0,,730,0,0,,730,
1644418099,B33,1,0,,730,0,0,,730,
1644418099,in27,1,0,,731,0,0,,731,
1644418099,B14,1,0,,731,0,0,,731,
1644418099,B11,1,0,,731,0,0,,731,
1644418099,cn12,1,0,,731,0,0,,731,
1644418099,B54,1,0,,731,0,0,,731,
1644418099,B51,1,0,,731,0,0,,731,
1644418099,os4,1,0,,731,0,0,,731,
1644418099,in4,1,0,,731,0,0,,731,
1644418099,B33,1,0,,731,0,0,,731,
1644418099,in27,1,0,,732,0,0,,732,
1644418099,B14,1,0,,732,0,0,,732,
1644418099,B11,1,0,,732,0,0,,732,
1644418099,cn12,1,0,,732,0,0,,732,
1644418099,B54,1,0,,732,0,0,,732,
1644418099,B51,1,0,,732,0,0,,732,
1644418099,os4,1,0,,732,0,0,,732,
1644418099,in4,1,0,,732,0,0,,732,
1644418099,B33,1,0,,732,0,0,,732,
1644418099,in27,1,0,,733,0,0,,733,
1644418099,B14,1,0,,733,0,0,,733,
1644418099,B11,1,0,,733,0,0,,733,
1644418099,cn12,1,0,,733,0,0,,733,
1644418099,B54,1,0,,733,0,0,,733,
1644418099,B51,1,0,,733,0,0,,733,
1644418099,os4,1,0,,733,0,0,,733,
1644418099,in4,1,0,,733,0,0,,733,
1644418099,B33,1,0,,733,0,0,,733,
1644418099,in27,1,0,,734,0,0,,734,
1644418099,B14,1,0,,734,0,0,,734,
1644418099,B11,1,0,,734,0,0,,734,
1644418099,cn12,1,0,,734,0,0,,734,
1644418099,B54,1,1,job366_scenario1_693,734,0,0,,734,
1644418099,B51,1,0,,734,0,0,,734,
1644418099,os4,1,0,,734,0,0,,734,
1644418099,in4,1,0,,734,0,0,,734,
1644418099,B33,1,0,,734,0,0,,734,
1644418099,in27,1,0,,735,0,0,,735,
1644418099,B14,1,0,,735,0,0,,735,
1644418099,B11,1,0,,735,0,0,,735,
1644418099,cn12,1,0,,735,0,0,,735,
1644418099,B54,1,1,job366_scenario1_693,735,0,0,,735,
1644418099,B51,1,0,,735,0,0,,735,
1644418099,os4,1,0,,735,0,0,,735,
1644418099,in4,1,0,,735,0,0,,735,
1644418099,B33,1,0,,735,0,0,,735,
1644418099,in27,1,0,,736,0,0,,736,
1644418099,B14,1,0,,736,0,0,,736,
1644418099,B11,1,0,,736,0,0,,736,
1644418099,cn12,1,0,,736,0,0,,736,
1644418099,B54,1,1,job366_scenario1_693,736,0,0,,736,
1644418099,B51,1,0,,736,0,0,,736,
1644418099,os4,1,0,,736,0,0,,736,
1644418099,in4,1,0,,736,0,0,,736,
1644418099,B33,1,0,,736,0,0,,736,
1644418099,in27,1,0,,737,0,0,,737,
1644418099,B14,1,0,,737,0,0,,737,
1644418099,B11,1,0,,737,0,0,,737,
1644418099,cn12,1,0,,737,0,0,,737,
1644418099,B54,1,1,job366_scenario1_693,737,0,0,,737,
1644418099,B51,1,0,,737,0,0,,737,
1644418099,os4,1,0,,737,0,0,,737,
1644418099,in4,1,0,,737,0,0,,737,
1644418099,B33,1,0,,737,0,0,,737,
1644418099,in27,1,0,,738,0,0,,738,
1644418099,B14,1,0,,738,0,0,,738,
1644418099,B11,1,0,,738,0,0,,738,
1644418099,cn12,1,0,,738,0,0,,738,
1644418100,B54,1,1,job366_scenario1_693,738,0,0,,738,
1644418100,B51,1,0,,738,0,0,,738,
1644418100,os4,1,0,,738,0,0,,738,
1644418100,in4,1,0,,738,0,0,,738,
1644418100,B33,1,0,,738,0,0,,738,
1644418100,in27,1,0,,739,0,0,,739,
1644418100,B14,1,0,,739,0,0,,739,
1644418100,B11,1,0,,739,0,0,,739,
1644418100,cn12,1,0,,739,0,0,,739,
1644418100,B54,1,0,,739,0,0,,739,
1644418100,B51,1,0,,739,0,0,,739,
1644418100,os4,1,0,,739,0,0,,739,
1644418100,in4,1,0,,739,0,0,,739,
1644418100,B33,1,0,,739,0,0,,739,
1644418100,in27,1,0,,740,0,0,,740,
1644418100,B14,1,0,,740,0,0,,740,
1644418100,B11,1,0,,740,0,0,,740,
1644418100,cn12,1,0,,740,0,0,,740,
1644418100,B54,1,0,,740,0,0,,740,
1644418100,B51,1,0,,740,0,0,,740,
1644418100,os4,1,0,,740,0,0,,740,
1644418100,in4,1,0,,740,0,0,,740,
1644418100,B33,1,0,,740,0,0,,740,
1644418100,in27,1,0,,741,0,0,,741,
1644418100,B14,1,0,,741,0,0,,741,
1644418100,B11,1,0,,741,0,0,,741,
1644418100,cn12,1,0,,741,0,0,,741,
1644418100,B54,1,0,,741,0,0,,741,
1644418100,B51,1,0,,741,0,0,,741,
1644418100,os4,1,0,,741,0,0,,741,
1644418100,in4,1,0,,741,0,0,,741,
1644418100,B33,1,0,,741,0,0,,741,
1644418100,in27,1,0,,742,0,0,,742,
1644418100,B14,1,0,,742,0,0,,742,
1644418100,B11,1,0,,742,0,0,,742,
1644418100,cn12,1,0,,742,0,0,,742,
1644418100,B54,1,0,,742,0,0,,742,
1644418100,B51,1,0,,742,0,0,,742,
1644418100,os4,1,0,,742,0,0,,742,
1644418100,in4,1,0,,742,0,0,,742,
1644418100,B33,1,0,,742,0,0,,742,
1644418100,in27,1,0,,743,0,0,,743,
1644418100,B14,1,0,,743,0,0,,743,
1644418100,B11,1,1,job381_scenario3_737,743,0,0,,743,
1644418100,cn12,1,0,,743,0,0,,743,
1644418100,B54,1,0,,743,0,0,,743,
1644418100,B51,1,0,,743,0,0,,743,
1644418100,os4,1,0,,743,0,0,,743,
1644418100,in4,1,0,,743,0,0,,743,
1644418100,B33,1,0,,743,0,0,,743,
1644418100,in27,1,0,,744,0,0,,744,
1644418100,B14,1,0,,744,0,0,,744,
1644418100,B11,1,0,,744,0,0,,744,
1644418100,cn12,1,0,,744,0,0,,744,
1644418100,B54,1,0,,744,0,0,,744,
1644418100,B51,1,0,,744,0,0,,744,
1644418100,os4,1,0,,744,0,0,,744,
1644418100,in4,1,0,,744,0,0,,744,
1644418100,B33,1,0,,744,0,0,,744,
1644418100,in27,1,0,,745,0,0,,745,
1644418100,B14,1,0,,745,0,0,,745,
1644418100,B11,1,0,,745,0,0,,745,
1644418100,cn12,1,0,,745,0,0,,745,
1644418100,B54,1,0,,745,0,0,,745,
1644418100,B51,1,0,,745,0,0,,745,
1644418100,os4,1,0,,745,0,0,,745,
1644418100,in4,1,0,,745,0,0,,745,
1644418100,B33,1,0,,745,0,0,,745,
1644418100,in27,1,0,,746,0,0,,746,
1644418100,B14,1,0,,746,0,0,,746,
1644418100,B11,1,0,,746,0,0,,746,
1644418100,cn12,1,0,,746,0,0,,746,
1644418100,B54,1,0,,746,0,0,,746,
1644418100,B51,1,0,,746,0,0,,746,
1644418100,os4,1,0,,746,0,0,,746,
1644418100,in4,1,0,,746,0,0,,746,
1644418100,B33,1,0,,746,0,0,,746,
1644418100,in27,1,0,,747,0,0,,747,
1644418100,B14,1,0,,747,0,0,,747,
1644418100,B11,1,0,,747,0,0,,747,
1644418100,cn12,1,0,,747,0,0,,747,
1644418100,B54,1,0,,747,0,0,,747,
1644418100,B51,1,0,,747,0,0,,747,
1644418100,os4,1,0,,747,0,0,,747,
1644418100,in4,1,0,,747,0,0,,747,
1644418100,B33,1,0,,747,0,0,,747,
1644418100,in27,1,0,,748,0,0,,748,
1644418100,B14,1,0,,748,0,0,,748,
1644418100,B11,1,0,,748,0,0,,748,
1644418100,cn12,1,0,,748,0,0,,748,
1644418100,B54,1,1,job371_scenario1_708,748,0,0,,748,
1644418100,B51,1,0,,748,0,0,,748,
1644418100,os4,1,0,,748,0,0,,748,
1644418100,in4,1,0,,748,0,0,,748,
1644418100,B33,1,0,,748,0,0,,748,
1644418100,in27,1,0,,749,0,0,,749,
1644418100,B14,1,0,,749,0,0,,749,
1644418100,B11,1,0,,749,0,0,,749,
1644418100,cn12,1,0,,749,0,0,,749,
1644418100,B54,1,1,job371_scenario1_708,749,0,0,,749,
1644418100,B51,1,0,,749,0,0,,749,
1644418100,os4,1,0,,749,0,0,,749,
1644418100,in4,1,0,,749,0,0,,749,
1644418100,B33,1,0,,749,0,0,,749,
1644418100,in27,1,0,,750,0,0,,750,
1644418100,B14,1,0,,750,0,0,,750,
1644418100,B11,1,0,,750,0,0,,750,
1644418100,cn12,1,0,,750,0,0,,750,
1644418100,B54,1,1,job371_scenario1_708,750,0,0,,750,
1644418100,B51,1,0,,750,0,0,,750,
1644418100,os4,1,0,,750,0,0,,750,
1644418100,in4,1,0,,750,0,0,,750,
1644418100,B33,1,0,,750,0,0,,750,
1644418100,in27,1,0,,751,0,0,,751,
1644418100,B14,1,0,,751,0,0,,751,
1644418100,B11,1,0,,751,0,0,,751,
1644418100,cn12,1,0,,751,0,0,,751,
1644418100,B54,1,1,job371_scenario1_708,751,0,0,,751,
1644418100,B51,1,0,,751,0,0,,751,
1644418100,os4,1,0,,751,0,0,,751,
1644418100,in4,1,0,,751,0,0,,751,
1644418100,B33,1,0,,751,0,0,,751,
1644418100,in27,1,0,,752,0,0,,752,
1644418100,B14,1,0,,752,0,0,,752,
1644418100,B11,1,0,,752,0,0,,752,
1644418100,cn12,1,0,,752,0,0,,752,
1644418100,B54,1,1,job371_scenario1_708,752,0,0,,752,
1644418100,B51,1,0,,752,0,0,,752,
1644418100,os4,1,0,,752,0,0,,752,
1644418100,in4,1,0,,752,0,0,,752,
1644418100,B33,1,0,,752,0,0,,752,
1644418100,in27,1,0,,753,0,0,,753,
1644418100,B14,1,0,,753,0,0,,753,
1644418100,B11,1,0,,753,0,0,,753,
1644418100,cn12,1,0,,753,0,0,,753,
1644418100,B54,1,1,job371_scenario1_708,753,0,0,,753,
1644418100,B51,1,0,,753,0,0,,753,
1644418100,os4,1,0,,753,0,0,,753,
1644418100,in4,1,0,,753,0,0,,753,
1644418100,B33,1,0,,753,0,0,,753,
1644418100,in27,1,0,,754,0,0,,754,
1644418100,B14,1,0,,754,0,0,,754,
1644418100,B11,1,0,,754,0,0,,754,
1644418100,cn12,1,0,,754,0,0,,754,
1644418100,B54,1,0,,754,0,0,,754,
1644418100,B51,1,0,,754,0,0,,754,
1644418100,os4,1,0,,754,0,0,,754,
1644418100,in4,1,0,,754,0,0,,754,
1644418100,B33,1,0,,754,0,0,,754,
1644418100,in27,1,0,,755,0,0,,755,
1644418100,B14,1,0,,755,0,0,,755,
1644418100,B11,1,0,,755,0,0,,755,
1644418100,cn12,1,0,,755,0,0,,755,
1644418101,B54,1,0,,755,0,0,,755,
1644418101,B51,1,0,,755,0,0,,755,
1644418101,os4,1,0,,755,0,0,,755,
1644418101,in4,1,0,,755,0,0,,755,
1644418101,B33,1,0,,755,0,0,,755,
1644418101,in27,1,0,,756,0,0,,756,
1644418101,B14,1,0,,756,0,0,,756,
1644418101,B11,1,0,,756,0,0,,756,
1644418101,cn12,1,0,,756,0,0,,756,
1644418101,B54,1,0,,756,0,0,,756,
1644418101,B51,1,0,,756,0,0,,756,
1644418101,os4,1,0,,756,0,0,,756,
1644418101,in4,1,0,,756,0,0,,756,
1644418101,B33,1,0,,756,0,0,,756,
1644418101,in27,1,0,,757,0,0,,757,
1644418101,B14,1,0,,757,0,0,,757,
1644418101,B11,1,0,,757,0,0,,757,
1644418101,cn12,1,0,,757,0,0,,757,
1644418101,B54,1,0,,757,0,0,,757,
1644418101,B51,1,0,,757,0,0,,757,
1644418101,os4,1,0,,757,0,0,,757,
1644418101,in4,1,0,,757,0,0,,757,
1644418101,B33,1,0,,757,0,0,,757,
1644418101,in27,1,0,,758,0,0,,758,
1644418101,B14,1,0,,758,0,0,,758,
1644418101,B11,1,0,,758,0,0,,758,
1644418101,cn12,1,0,,758,0,0,,758,
1644418101,B54,1,0,,758,0,0,,758,
1644418101,B51,1,0,,758,0,0,,758,
1644418101,os4,1,0,,758,0,0,,758,
1644418101,in4,1,0,,758,0,0,,758,
1644418101,B33,1,0,,758,0,0,,758,
1644418101,in27,1,0,,759,0,0,,759,
1644418101,B14,1,0,,759,0,0,,759,
1644418101,B11,1,0,,759,0,0,,759,
1644418101,cn12,1,0,,759,0,0,,759,
1644418101,B54,1,0,,759,0,0,,759,
1644418101,B51,1,0,,759,0,0,,759,
1644418101,os4,1,0,,759,0,0,,759,
1644418101,in4,1,0,,759,0,0,,759,
1644418101,B33,1,0,,759,0,0,,759,
1644418101,in27,1,0,,760,0,0,,760,
1644418101,B14,1,0,,760,0,0,,760,
1644418101,B11,1,0,,760,0,0,,760,
1644418101,cn12,1,0,,760,0,0,,760,
1644418101,B54,1,0,,760,0,0,,760,
1644418101,B51,1,0,,760,0,0,,760,
1644418101,os4,1,0,,760,0,0,,760,
1644418101,in4,1,0,,760,0,0,,760,
1644418101,B33,1,0,,760,0,0,,760,
1644418101,in27,1,0,,761,0,0,,761,
1644418101,B14,1,0,,761,0,0,,761,
1644418101,B11,1,0,,761,0,0,,761,
1644418101,cn12,1,0,,761,0,0,,761,
1644418101,B54,1,0,,761,0,0,,761,
1644418101,B51,1,0,,761,0,0,,761,
1644418101,os4,1,0,,761,0,0,,761,
1644418101,in4,1,0,,761,0,0,,761,
1644418101,B33,1,0,,761,0,0,,761,
1644418101,in27,1,0,,762,0,0,,762,
1644418101,B14,1,0,,762,0,0,,762,
1644418101,B11,1,0,,762,0,0,,762,
1644418101,cn12,1,0,,762,0,0,,762,
1644418101,B54,1,0,,762,0,0,,762,
1644418101,B51,1,0,,762,0,0,,762,
1644418101,os4,1,0,,762,0,0,,762,
1644418101,in4,1,0,,762,0,0,,762,
1644418101,B33,1,0,,762,0,0,,762,
1644418101,in27,1,0,,763,0,0,,763,
1644418101,B14,1,0,,763,0,0,,763,
1644418101,B11,1,0,,763,0,0,,763,
1644418101,cn12,1,0,,763,0,0,,763,
1644418101,B54,1,0,,763,0,0,,763,
1644418101,B51,1,0,,763,0,0,,763,
1644418101,os4,1,0,,763,0,0,,763,
1644418101,in4,1,0,,763,0,0,,763,
1644418101,B33,1,0,,763,0,0,,763,
1644418101,in27,1,0,,764,0,0,,764,
1644418101,B14,1,0,,764,0,0,,764,
1644418101,B11,1,0,,764,0,0,,764,
1644418101,cn12,1,0,,764,0,0,,764,
1644418101,B54,1,0,,764,0,0,,764,
1644418101,B51,1,0,,764,0,0,,764,
1644418101,os4,1,0,,764,0,0,,764,
1644418101,in4,1,0,,764,0,0,,764,
1644418101,B33,1,0,,764,0,0,,764,
1644418101,in27,1,0,,765,0,0,,765,
1644418101,B14,1,0,,765,0,0,,765,
1644418101,B11,1,0,,765,0,0,,765,
1644418101,cn12,1,0,,765,0,0,,765,
1644418101,B54,1,0,,765,0,0,,765,
1644418101,B51,1,0,,765,0,0,,765,
1644418101,os4,1,0,,765,0,0,,765,
1644418101,in4,1,0,,765,0,0,,765,
1644418101,B33,1,0,,765,0,0,,765,
1644418101,in27,1,0,,766,0,0,,766,
1644418101,B14,1,0,,766,0,0,,766,
1644418101,B11,1,0,,766,0,0,,766,
1644418101,cn12,1,0,,766,0,0,,766,
1644418101,B54,1,0,,766,0,0,,766,
1644418101,B51,1,0,,766,0,0,,766,
1644418101,os4,1,0,,766,0,0,,766,
1644418101,in4,1,0,,766,0,0,,766,
1644418101,B33,1,1,job391_scenario2_765,766,0,0,,766,
1644418101,in27,1,0,,767,0,0,,767,
1644418101,B14,1,0,,767,0,0,,767,
1644418101,B11,1,0,,767,0,0,,767,
1644418101,cn12,1,0,,767,0,0,,767,
1644418101,B54,1,0,,767,0,0,,767,
1644418101,B51,1,0,,767,0,0,,767,
1644418101,os4,1,0,,767,0,0,,767,
1644418101,in4,1,0,,767,0,0,,767,
1644418101,B33,1,0,,767,0,0,,767,
1644418101,in27,1,0,,768,0,0,,768,
1644418101,B14,1,0,,768,0,0,,768,
1644418101,B11,1,0,,768,0,0,,768,
1644418101,cn12,1,0,,768,0,0,,768,
1644418101,B54,1,0,,768,0,0,,768,
1644418101,B51,1,0,,768,0,0,,768,
1644418101,os4,1,0,,768,0,0,,768,
1644418101,in4,1,0,,768,0,0,,768,
1644418101,B33,1,0,,768,0,0,,768,
1644418102,in27,1,0,,769,0,0,,769,
1644418102,B14,1,0,,769,0,0,,769,
1644418102,B11,1,0,,769,0,0,,769,
1644418102,cn12,1,0,,769,0,0,,769,
1644418102,B54,1,0,,769,0,0,,769,
1644418102,B51,1,0,,769,0,0,,769,
1644418102,os4,1,0,,769,0,0,,769,
1644418102,in4,1,0,,769,0,0,,769,
1644418102,B33,1,0,,769,0,0,,769,
1644418102,in27,1,0,,770,0,0,,770,
1644418102,B14,1,0,,770,0,0,,770,
1644418102,B11,1,0,,770,0,0,,770,
1644418102,cn12,1,0,,770,0,0,,770,
1644418102,B54,1,0,,770,0,0,,770,
1644418102,B51,1,0,,770,0,0,,770,
1644418102,os4,1,0,,770,0,0,,770,
1644418102,in4,1,0,,770,0,0,,770,
1644418102,B33,1,0,,770,0,0,,770,
1644418102,in27,1,0,,771,0,0,,771,
1644418102,B14,1,0,,771,0,0,,771,
1644418102,B11,1,0,,771,0,0,,771,
1644418102,cn12,1,0,,771,0,0,,771,
1644418102,B54,1,0,,771,0,0,,771,
1644418102,B51,1,0,,771,0,0,,771,
1644418102,os4,1,0,,771,0,0,,771,
1644418102,in4,1,0,,771,0,0,,771,
1644418102,B33,1,0,,771,0,0,,771,
1644418102,in27,1,0,,772,0,0,,772,
1644418102,B14,1,0,,772,0,0,,772,
1644418102,B11,1,0,,772,0,0,,772,
1644418102,cn12,1,0,,772,0,0,,772,
1644418102,B54,1,0,,772,0,0,,772,
1644418102,B51,1,1,job384_scenario0_742,772,0,0,,772,
1644418102,os4,1,0,,772,0,0,,772,
1644418102,in4,1,0,,772,0,0,,772,
1644418102,B33,1,0,,772,0,0,,772,
1644418102,in27,1,0,,773,0,0,,773,
1644418102,B14,1,0,,773,0,0,,773,
1644418102,B11,1,0,,773,0,0,,773,
1644418102,cn12,1,0,,773,0,0,,773,
1644418102,B54,1,0,,773,0,0,,773,
1644418102,B51,1,1,job384_scenario0_742,773,0,0,,773,
1644418102,os4,1,0,,773,0,0,,773,
1644418102,in4,1,0,,773,0,0,,773,
1644418102,B33,1,0,,773,0,0,,773,
1644418102,in27,1,0,,774,0,0,,774,
1644418102,B14,1,0,,774,0,0,,774,
1644418102,B11,1,0,,774,0,0,,774,
1644418102,cn12,1,0,,774,0,0,,774,
1644418102,B54,1,1,job383_scenario1_740,774,0,0,,774,
1644418102,B51,1,1,job384_scenario0_742,774,0,0,,774,
1644418102,os4,1,0,,774,0,0,,774,
1644418102,in4,1,0,,774,0,0,,774,
1644418102,B33,1,0,,774,0,0,,774,
1644418103,in27,1,0,,775,0,0,,775,
1644418103,B14,1,0,,775,0,0,,775,
1644418103,B11,1,0,,775,0,0,,775,
1644418103,cn12,1,0,,775,0,0,,775,
1644418103,B54,1,1,job383_scenario1_740,775,0,0,,775,
1644418103,B51,1,1,job384_scenario0_742,775,0,0,,775,
1644418103,os4,1,0,,775,0,0,,775,
1644418103,in4,1,0,,775,0,0,,775,
1644418103,B33,1,0,,775,0,0,,775,
1644418103,in27,1,0,,776,0,0,,776,
1644418103,B14,1,0,,776,0,0,,776,
1644418103,B11,1,0,,776,0,0,,776,
1644418103,cn12,1,0,,776,0,0,,776,
1644418103,B54,1,1,job383_scenario1_740,776,0,0,,776,
1644418103,B51,1,1,job384_scenario0_742,776,0,0,,776,
1644418103,os4,1,0,,776,0,0,,776,
1644418103,in4,1,0,,776,0,0,,776,
1644418103,B33,1,1,job387_scenario2_755,776,0,0,,776,
1644418103,in27,1,0,,777,0,0,,777,
1644418103,B14,1,0,,777,0,0,,777,
1644418103,B11,1,0,,777,0,0,,777,
1644418103,cn12,1,0,,777,0,0,,777,
1644418103,B54,1,1,job383_scenario1_740,777,0,0,,777,
1644418103,B51,1,1,job384_scenario0_742,777,0,0,,777,
1644418103,os4,1,0,,777,0,0,,777,
1644418103,in4,1,0,,777,0,0,,777,
1644418103,B33,1,1,job387_scenario2_755,777,0,0,,777,
1644418103,in27,1,0,,778,0,0,,778,
1644418103,B14,1,0,,778,0,0,,778,
1644418103,B11,1,0,,778,0,0,,778,
1644418103,cn12,1,0,,778,0,0,,778,
1644418103,B54,1,1,job383_scenario1_740,778,0,0,,778,
1644418103,B51,1,1,job384_scenario0_742,778,0,0,,778,
1644418103,os4,1,0,,778,0,0,,778,
1644418103,in4,1,0,,778,0,0,,778,
1644418103,B33,1,0,,778,0,0,,778,
1644418103,in27,1,0,,779,0,0,,779,
1644418103,B14,1,0,,779,0,0,,779,
1644418103,B11,1,0,,779,0,0,,779,
1644418103,cn12,1,0,,779,0,0,,779,
1644418103,B54,1,0,,779,0,0,,779,
1644418103,B51,1,1,job384_scenario0_742,779,0,0,,779,
1644418103,os4,1,0,,779,0,0,,779,
1644418103,in4,1,0,,779,0,0,,779,
1644418103,B33,1,0,,779,0,0,,779,
1644418103,in27,1,0,,780,0,0,,780,
1644418103,B14,1,0,,780,0,0,,780,
1644418103,B11,1,0,,780,0,0,,780,
1644418103,cn12,1,0,,780,0,0,,780,
1644418103,B54,1,1,job382_scenario1_739,780,0,0,,780,
1644418103,B51,1,1,job384_scenario0_742,780,0,0,,780,
1644418103,os4,1,0,,780,0,0,,780,
1644418103,in4,1,0,,780,0,0,,780,
1644418103,B33,1,0,,780,0,0,,780,
1644418103,in27,1,0,,781,0,0,,781,
1644418103,B14,1,0,,781,0,0,,781,
1644418103,B11,1,0,,781,0,0,,781,
1644418103,cn12,1,0,,781,0,0,,781,
1644418103,B54,1,1,job382_scenario1_739,781,0,0,,781,
1644418104,B51,1,1,job384_scenario0_742,781,0,0,,781,
1644418104,os4,1,0,,781,0,0,,781,
1644418104,in4,1,0,,781,0,0,,781,
1644418104,B33,1,0,,781,0,0,,781,
1644418104,in27,1,0,,782,0,0,,782,
1644418104,B14,1,0,,782,0,0,,782,
1644418104,B11,1,1,job396_scenario3_776,782,0,0,,782,
1644418104,cn12,1,0,,782,0,0,,782,
1644418104,B54,1,1,job382_scenario1_739,782,0,0,,782,
1644418104,B51,1,1,job384_scenario0_742,782,0,0,,782,
1644418104,os4,1,0,,782,0,0,,782,
1644418104,in4,1,0,,782,0,0,,782,
1644418104,B33,1,0,,782,0,0,,782,
1644418104,in27,1,0,,783,0,0,,783,
1644418104,B14,1,0,,783,0,0,,783,
1644418104,B11,1,1,job396_scenario3_776,783,0,0,,783,
1644418104,cn12,1,0,,783,0,0,,783,
1644418104,B54,1,1,job382_scenario1_739,783,0,0,,783,
1644418104,B51,1,0,,783,0,0,,783,
1644418104,os4,1,0,,783,0,0,,783,
1644418104,in4,1,0,,783,0,0,,783,
1644418104,B33,1,0,,783,0,0,,783,
1644418104,in27,1,0,,784,0,0,,784,
1644418104,B14,1,0,,784,0,0,,784,
1644418104,B11,1,1,job396_scenario3_776,784,0,0,,784,
1644418104,cn12,1,0,,784,0,0,,784,
1644418104,B54,1,1,job382_scenario1_739,784,0,0,,784,
1644418104,B51,1,0,,784,0,0,,784,
1644418104,os4,1,0,,784,0,0,,784,
1644418104,in4,1,0,,784,0,0,,784,
1644418104,B33,1,0,,784,0,0,,784,
1644418104,in27,1,0,,785,0,0,,785,
1644418104,B14,1,0,,785,0,0,,785,
1644418104,B11,1,0,,785,0,0,,785,
1644418104,cn12,1,0,,785,0,0,,785,
1644418104,B54,1,1,job382_scenario1_739,785,0,0,,785,
1644418104,B51,1,0,,785,0,0,,785,
1644418104,os4,1,0,,785,0,0,,785,
1644418104,in4,1,0,,785,0,0,,785,
1644418104,B33,1,0,,785,0,0,,785,
1644418104,in27,1,0,,786,0,0,,786,
1644418104,B14,1,0,,786,0,0,,786,
1644418104,B11,1,0,,786,0,0,,786,
1644418104,cn12,1,0,,786,0,0,,786,
1644418104,B54,1,0,,786,0,0,,786,
1644418104,B51,1,0,,786,0,0,,786,
1644418104,os4,1,0,,786,0,0,,786,
1644418104,in4,1,0,,786,0,0,,786,
1644418104,B33,1,0,,786,0,0,,786,
1644418104,in27,1,0,,787,0,0,,787,
1644418104,B14,1,0,,787,0,0,,787,
1644418104,B11,1,0,,787,0,0,,787,
1644418104,cn12,1,0,,787,0,0,,787,
1644418104,B54,1,0,,787,0,0,,787,
1644418104,B51,1,0,,787,0,0,,787,
1644418104,os4,1,0,,787,0,0,,787,
1644418104,in4,1,0,,787,0,0,,787,
1644418104,B33,1,0,,787,0,0,,787,
1644418104,in27,1,0,,788,0,0,,788,
1644418104,B14,1,0,,788,0,0,,788,
1644418104,B11,1,0,,788,0,0,,788,
1644418104,cn12,1,0,,788,0,0,,788,
1644418104,B54,1,0,,788,0,0,,788,
1644418104,B51,1,0,,788,0,0,,788,
1644418104,os4,1,0,,788,0,0,,788,
1644418104,in4,1,0,,788,0,0,,788,
1644418104,B33,1,0,,788,0,0,,788,
1644418104,in27,1,0,,789,0,0,,789,
1644418104,B14,1,0,,789,0,0,,789,
1644418104,B11,1,0,,789,0,0,,789,
1644418104,cn12,1,0,,789,0,0,,789,
1644418104,B54,1,0,,789,0,0,,789,
1644418104,B51,1,0,,789,0,0,,789,
1644418104,os4,1,0,,789,0,0,,789,
1644418104,in4,1,0,,789,0,0,,789,
1644418104,B33,1,0,,789,0,0,,789,
1644418104,in27,1,0,,790,0,0,,790,
1644418104,B14,1,0,,790,0,0,,790,
1644418104,B11,1,0,,790,0,0,,790,
1644418104,cn12,1,0,,790,0,0,,790,
1644418104,B54,1,0,,790,0,0,,790,
1644418104,B51,1,0,,790,0,0,,790,
1644418104,os4,1,0,,790,0,0,,790,
1644418104,in4,1,0,,790,0,0,,790,
1644418104,B33,1,1,job395_scenario2_775,790,0,0,,790,
1644418104,in27,1,0,,791,0,0,,791,
1644418104,B14,1,0,,791,0,0,,791,
1644418104,B11,1,0,,791,0,0,,791,
1644418104,cn12,1,0,,791,0,0,,791,
1644418104,B54,1,0,,791,0,0,,791,
1644418104,B51,1,0,,791,0,0,,791,
1644418104,os4,1,0,,791,0,0,,791,
1644418104,in4,1,0,,791,0,0,,791,
1644418104,B33,1,1,job395_scenario2_775,791,0,0,,791,
1644418105,in27,1,0,,792,0,0,,792,
1644418105,B14,1,0,,792,0,0,,792,
1644418105,B11,1,0,,792,0,0,,792,
1644418105,cn12,1,0,,792,0,0,,792,
1644418105,B54,1,0,,792,0,0,,792,
1644418105,B51,1,0,,792,0,0,,792,
1644418105,os4,1,0,,792,0,0,,792,
1644418105,in4,1,0,,792,0,0,,792,
1644418105,B33,1,0,,792,0,0,,792,
1644418105,in27,1,0,,793,0,0,,793,
1644418105,B14,1,0,,793,0,0,,793,
1644418105,B11,1,0,,793,0,0,,793,
1644418105,cn12,1,0,,793,0,0,,793,
1644418105,B54,1,0,,793,0,0,,793,
1644418105,B51,1,0,,793,0,0,,793,
1644418105,os4,1,1,job401_scenario4_787,793,0,0,,793,
1644418105,in4,1,0,,793,0,0,,793,
1644418105,B33,1,0,,793,0,0,,793,
1644418105,in27,1,0,,794,0,0,,794,
1644418105,B14,1,0,,794,0,0,,794,
1644418105,B11,1,0,,794,0,0,,794,
1644418105,cn12,1,0,,794,0,0,,794,
1644418105,B54,1,0,,794,0,0,,794,
1644418105,B51,1,0,,794,0,0,,794,
1644418105,os4,1,1,job401_scenario4_787,794,0,0,,794,
1644418105,in4,1,0,,794,0,0,,794,
1644418105,B33,1,0,,794,0,0,,794,
1644418105,in27,1,0,,795,0,0,,795,
1644418105,B14,1,0,,795,0,0,,795,
1644418105,B11,1,0,,795,0,0,,795,
1644418105,cn12,1,0,,795,0,0,,795,
1644418105,B54,1,1,job386_scenario0_754,795,0,0,,795,
1644418105,B51,1,0,,795,0,0,,795,
1644418105,os4,1,1,job401_scenario4_787,795,0,0,,795,
1644418105,in4,1,0,,795,0,0,,795,
1644418105,B33,1,0,,795,0,0,,795,
1644418105,in27,1,0,,796,0,0,,796,
1644418105,B14,1,0,,796,0,0,,796,
1644418105,B11,1,0,,796,0,0,,796,
1644418105,cn12,1,0,,796,0,0,,796,
1644418105,B54,1,1,job386_scenario0_754,796,0,0,,796,
1644418105,B51,1,0,,796,0,0,,796,
1644418105,os4,1,1,job401_scenario4_787,796,0,0,,796,
1644418105,in4,1,0,,796,0,0,,796,
1644418105,B33,1,0,,796,0,0,,796,
1644418105,in27,1,0,,797,0,0,,797,
1644418105,B14,1,0,,797,0,0,,797,
1644418105,B11,1,0,,797,0,0,,797,
1644418105,cn12,1,0,,797,0,0,,797,
1644418105,B54,1,1,job386_scenario0_754,797,0,0,,797,
1644418105,B51,1,0,,797,0,0,,797,
1644418105,os4,1,1,job401_scenario4_787,797,0,0,,797,
1644418105,in4,1,0,,797,0,0,,797,
1644418105,B33,1,0,,797,0,0,,797,
1644418105,in27,1,0,,798,0,0,,798,
1644418105,B14,1,0,,798,0,0,,798,
1644418105,B11,1,0,,798,0,0,,798,
1644418105,cn12,1,0,,798,0,0,,798,
1644418105,B54,1,1,job386_scenario0_754,798,0,0,,798,
1644418105,B51,1,0,,798,0,0,,798,
1644418105,os4,1,1,job401_scenario4_787,798,0,0,,798,
1644418105,in4,1,0,,798,0,0,,798,
1644418105,B33,1,1,job403_scenario2_794,798,0,0,,798,
1644418105,in27,1,0,,799,0,0,,799,
1644418105,B14,1,0,,799,0,0,,799,
1644418105,B11,1,0,,799,0,0,,799,
1644418105,cn12,1,0,,799,0,0,,799,
1644418105,B54,1,1,job386_scenario0_754,799,0,0,,799,
1644418105,B51,1,0,,799,0,0,,799,
1644418105,os4,1,1,job401_scenario4_787,799,0,0,,799,
1644418105,in4,1,0,,799,0,0,,799,
1644418105,B33,1,1,job403_scenario2_794,799,0,0,,799,
1644418106,in27,1,0,,800,0,0,,800,
1644418106,B14,1,0,,800,0,0,,800,
1644418106,B11,1,0,,800,0,0,,800,
1644418106,cn12,1,0,,800,0,0,,800,
1644418106,B54,1,1,job386_scenario0_754,800,0,0,,800,
1644418106,B51,1,0,,800,0,0,,800,
1644418106,os4,1,0,,800,0,0,,800,
1644418106,in4,1,0,,800,0,0,,800,
1644418106,B33,1,0,,800,0,0,,800,
1644418106,in27,1,0,,801,0,0,,801,
1644418106,B14,1,0,,801,0,0,,801,
1644418106,B11,1,0,,801,0,0,,801,
1644418106,cn12,1,0,,801,0,0,,801,
1644418106,B54,1,1,job386_scenario0_754,801,0,0,,801,
1644418106,B51,1,0,,801,0,0,,801,
1644418106,os4,1,0,,801,0,0,,801,
1644418106,in4,1,0,,801,0,0,,801,
1644418106,B33,1,1,job406_scenario2_800,801,0,0,,801,
1644418106,in27,1,0,,802,0,0,,802,
1644418106,B14,1,0,,802,0,0,,802,
1644418106,B11,1,0,,802,0,0,,802,
1644418106,cn12,1,0,,802,0,0,,802,
1644418106,B54,1,1,job386_scenario0_754,802,0,0,,802,
1644418106,B51,1,0,,802,0,0,,802,
1644418106,os4,1,0,,802,0,0,,802,
1644418106,in4,1,0,,802,0,0,,802,
1644418106,B33,1,1,job406_scenario2_800,802,0,0,,802,
1644418106,in27,1,0,,803,0,0,,803,
1644418106,B14,1,0,,803,0,0,,803,
1644418106,B11,1,0,,803,0,0,,803,
1644418106,cn12,1,0,,803,0,0,,803,
1644418106,B54,1,1,job386_scenario0_754,803,0,0,,803,
1644418106,B51,1,0,,803,0,0,,803,
1644418106,os4,1,0,,803,0,0,,803,
1644418106,in4,1,0,,803,0,0,,803,
1644418106,B33,1,1,job406_scenario2_800,803,0,0,,803,
1644418106,in27,1,0,,804,0,0,,804,
1644418106,B14,1,0,,804,0,0,,804,
1644418106,B11,1,0,,804,0,0,,804,
1644418106,cn12,1,0,,804,0,0,,804,
1644418106,B54,1,1,job386_scenario0_754,804,0,0,,804,
1644418106,B51,1,0,,804,0,0,,804,
1644418106,os4,1,0,,804,0,0,,804,
1644418106,in4,1,0,,804,0,0,,804,
1644418106,B33,1,0,,804,0,0,,804,
1644418106,in27,1,0,,805,0,0,,805,
1644418106,B14,1,0,,805,0,0,,805,
1644418106,B11,1,0,,805,0,0,,805,
1644418106,cn12,1,0,,805,0,0,,805,
1644418106,B54,1,1,job386_scenario0_754,805,0,0,,805,
1644418106,B51,1,0,,805,0,0,,805,
1644418106,os4,1,0,,805,0,0,,805,
1644418106,in4,1,0,,805,0,0,,805,
1644418106,B33,1,0,,805,0,0,,805,
1644418107,in27,1,0,,806,0,0,,806,
1644418107,B14,1,0,,806,0,0,,806,
1644418107,B11,1,0,,806,0,0,,806,
1644418107,cn12,1,0,,806,0,0,,806,
1644418107,B54,1,1,job386_scenario0_754,806,0,0,,806,
1644418107,B51,1,0,,806,0,0,,806,
1644418107,os4,1,0,,806,0,0,,806,
1644418107,in4,1,0,,806,0,0,,806,
1644418107,B33,1,1,job410_scenario2_805,806,0,0,,806,
1644418107,in27,1,0,,807,0,0,,807,
1644418107,B14,1,0,,807,0,0,,807,
1644418107,B11,1,0,,807,0,0,,807,
1644418107,cn12,1,0,,807,0,0,,807,
1644418107,B54,1,1,job386_scenario0_754,807,0,0,,807,
1644418107,B51,1,0,,807,0,0,,807,
1644418107,os4,1,0,,807,0,0,,807,
1644418107,in4,1,0,,807,0,0,,807,
1644418107,B33,1,0,,807,0,0,,807,
1644418107,in27,1,0,,808,0,0,,808,
1644418107,B14,1,0,,808,0,0,,808,
1644418107,B11,1,1,job407_scenario3_802,808,0,0,,808,
1644418107,cn12,1,0,,808,0,0,,808,
1644418107,B54,1,1,job386_scenario0_754,808,0,0,,808,
1644418107,B51,1,0,,808,0,0,,808,
1644418107,os4,1,0,,808,0,0,,808,
1644418107,in4,1,0,,808,0,0,,808,
1644418107,B33,1,0,,808,0,0,,808,
1644418107,in27,1,0,,809,0,0,,809,
1644418107,B14,1,0,,809,0,0,,809,
1644418107,B11,1,0,,809,0,0,,809,
1644418107,cn12,1,0,,809,0,0,,809,
1644418107,B54,1,1,job386_scenario0_754,809,0,0,,809,
1644418107,B51,1,0,,809,0,0,,809,
1644418107,os4,1,0,,809,0,0,,809,
1644418107,in4,1,0,,809,0,0,,809,
1644418107,B33,1,0,,809,0,0,,809,
1644418107,in27,1,0,,810,0,0,,810,
1644418107,B14,1,0,,810,0,0,,810,
1644418107,B11,1,0,,810,0,0,,810,
1644418107,cn12,1,0,,810,0,0,,810,
1644418107,B54,1,1,job386_scenario0_754,810,0,0,,810,
1644418107,B51,1,0,,810,0,0,,810,
1644418107,os4,1,0,,810,0,0,,810,
1644418107,in4,1,0,,810,0,0,,810,
1644418107,B33,1,0,,810,0,0,,810,
1644418107,in27,1,0,,811,0,0,,811,
1644418107,B14,1,0,,811,0,0,,811,
1644418107,B11,1,0,,811,0,0,,811,
1644418107,cn12,1,0,,811,0,0,,811,
1644418107,B54,1,0,,811,0,0,,811,
1644418107,B51,1,0,,811,0,0,,811,
1644418107,os4,1,0,,811,0,0,,811,
1644418107,in4,1,0,,811,0,0,,811,
1644418107,B33,1,1,job412_scenario2_810,811,0,0,,811,
1644418107,in27,1,0,,812,0,0,,812,
1644418107,B14,1,0,,812,0,0,,812,
1644418107,B11,1,0,,812,0,0,,812,
1644418107,cn12,1,0,,812,0,0,,812,
1644418107,B54,1,0,,812,0,0,,812,
1644418107,B51,1,0,,812,0,0,,812,
1644418107,os4,1,0,,812,0,0,,812,
1644418107,in4,1,0,,812,0,0,,812,
1644418107,B33,1,1,job412_scenario2_810,812,0,0,,812,
1644418107,in27,1,0,,813,0,0,,813,
1644418107,B14,1,0,,813,0,0,,813,
1644418107,B11,1,0,,813,0,0,,813,
1644418107,cn12,1,0,,813,0,0,,813,
1644418107,B54,1,1,job405_scenario1_799,813,0,0,,813,
1644418107,B51,1,0,,813,0,0,,813,
1644418107,os4,1,0,,813,0,0,,813,
1644418107,in4,1,0,,813,0,0,,813,
1644418107,B33,1,1,job412_scenario2_810,813,0,0,,813,
1644418107,in27,1,0,,814,0,0,,814,
1644418107,B14,1,0,,814,0,0,,814,
1644418108,B11,1,0,,814,0,0,,814,
1644418108,cn12,1,0,,814,0,0,,814,
1644418108,B54,1,1,job405_scenario1_799,814,0,0,,814,
1644418108,B51,1,0,,814,0,0,,814,
1644418108,os4,1,0,,814,0,0,,814,
1644418108,in4,1,0,,814,0,0,,814,
1644418108,B33,1,1,job412_scenario2_810,814,0,0,,814,
1644418108,in27,1,0,,815,0,0,,815,
1644418108,B14,1,0,,815,0,0,,815,
1644418108,B11,1,0,,815,0,0,,815,
1644418108,cn12,1,0,,815,0,0,,815,
1644418108,B54,1,1,job405_scenario1_799,815,0,0,,815,
1644418108,B51,1,0,,815,0,0,,815,
1644418108,os4,1,0,,815,0,0,,815,
1644418108,in4,1,0,,815,0,0,,815,
1644418108,B33,1,0,,815,0,0,,815,
1644418108,in27,1,0,,816,0,0,,816,
1644418108,B14,1,0,,816,0,0,,816,
1644418108,B11,1,0,,816,0,0,,816,
1644418108,cn12,1,0,,816,0,0,,816,
1644418108,B54,1,1,job405_scenario1_799,816,0,0,,816,
1644418108,B51,1,0,,816,0,0,,816,
1644418108,os4,1,0,,816,0,0,,816,
1644418108,in4,1,0,,816,0,0,,816,
1644418108,B33,1,1,job416_scenario2_815,816,0,0,,816,
1644418108,in27,1,0,,817,0,0,,817,
1644418108,B14,1,0,,817,0,0,,817,
1644418108,B11,1,0,,817,0,0,,817,
1644418108,cn12,1,0,,817,0,0,,817,
1644418108,B54,1,1,job405_scenario1_799,817,0,0,,817,
1644418108,B51,1,0,,817,0,0,,817,
1644418108,os4,1,0,,817,0,0,,817,
1644418108,in4,1,0,,817,0,0,,817,
1644418108,B33,1,1,job416_scenario2_815,817,0,0,,817,
1644418108,in27,1,0,,818,0,0,,818,
1644418108,B14,1,0,,818,0,0,,818,
1644418108,B11,1,0,,818,0,0,,818,
1644418108,cn12,1,0,,818,0,0,,818,
1644418108,B54,1,1,job405_scenario1_799,818,0,0,,818,
1644418108,B51,1,0,,818,0,0,,818,
1644418108,os4,1,0,,818,0,0,,818,
1644418108,in4,1,0,,818,0,0,,818,
1644418108,B33,1,0,,818,0,0,,818,
1644418108,in27,1,0,,819,0,0,,819,
1644418108,B14,1,0,,819,0,0,,819,
1644418108,B11,1,0,,819,0,0,,819,
1644418108,cn12,1,0,,819,0,0,,819,
1644418108,B54,1,1,job405_scenario1_799,819,0,0,,819,
1644418108,B51,1,1,job397_scenario0_778,819,0,0,,819,
1644418108,os4,1,0,,819,0,0,,819,
1644418108,in4,1,0,,819,0,0,,819,
1644418108,B33,1,0,,819,0,0,,819,
1644418108,in27,1,0,,820,0,0,,820,
1644418109,B14,1,0,,820,0,0,,820,
1644418109,B11,1,0,,820,0,0,,820,
1644418109,cn12,1,0,,820,0,0,,820,
1644418109,B54,1,1,job405_scenario1_799,820,0,0,,820,
1644418109,B51,1,1,job397_scenario0_778,820,0,0,,820,
1644418109,os4,1,0,,820,0,0,,820,
1644418109,in4,1,0,,820,0,0,,820,
1644418109,B33,1,0,,820,0,0,,820,
1644418109,in27,1,0,,821,0,0,,821,
1644418109,B14,1,0,,821,0,0,,821,
1644418109,B11,1,0,,821,0,0,,821,
1644418109,cn12,1,0,,821,0,0,,821,
1644418109,B54,1,0,,821,0,0,,821,
1644418109,B51,1,1,job397_scenario0_778,821,0,0,,821,
1644418109,os4,1,0,,821,0,0,,821,
1644418109,in4,1,0,,821,0,0,,821,
1644418109,B33,1,0,,821,0,0,,821,
1644418109,in27,1,0,,822,0,0,,822,
1644418109,B14,1,0,,822,0,0,,822,
1644418109,B11,1,1,job417_scenario3_816,822,0,0,,822,
1644418109,cn12,1,0,,822,0,0,,822,
1644418109,B54,1,0,,822,0,0,,822,
1644418109,B51,1,1,job397_scenario0_778,822,0,0,,822,
1644418109,os4,1,0,,822,0,0,,822,
1644418109,in4,1,0,,822,0,0,,822,
1644418109,B33,1,0,,822,0,0,,822,
1644418109,in27,1,0,,823,0,0,,823,
1644418109,B14,1,0,,823,0,0,,823,
1644418109,B11,1,1,job417_scenario3_816,823,0,0,,823,
1644418109,cn12,1,0,,823,0,0,,823,
1644418109,B54,1,0,,823,0,0,,823,
1644418109,B51,1,1,job397_scenario0_778,823,0,0,,823,
1644418109,os4,1,0,,823,0,0,,823,
1644418109,in4,1,0,,823,0,0,,823,
1644418109,B33,1,0,,823,0,0,,823,
1644418109,in27,1,0,,824,0,0,,824,
1644418109,B14,1,0,,824,0,0,,824,
1644418109,B11,1,1,job417_scenario3_816,824,0,0,,824,
1644418109,cn12,1,0,,824,0,0,,824,
1644418109,B54,1,0,,824,0,0,,824,
1644418109,B51,1,1,job397_scenario0_778,824,0,0,,824,
1644418109,os4,1,0,,824,0,0,,824,
1644418109,in4,1,0,,824,0,0,,824,
1644418109,B33,1,0,,824,0,0,,824,
1644418109,in27,1,0,,825,0,0,,825,
1644418109,B14,1,0,,825,0,0,,825,
1644418109,B11,1,1,job417_scenario3_816,825,0,0,,825,
1644418109,cn12,1,0,,825,0,0,,825,
1644418109,B54,1,0,,825,0,0,,825,
1644418109,B51,1,1,job397_scenario0_778,825,0,0,,825,
1644418109,os4,1,0,,825,0,0,,825,
1644418109,in4,1,0,,825,0,0,,825,
1644418109,B33,1,0,,825,0,0,,825,
1644418109,in27,1,0,,826,0,0,,826,
1644418109,B14,1,0,,826,0,0,,826,
1644418109,B11,1,0,,826,0,0,,826,
1644418109,cn12,1,0,,826,0,0,,826,
1644418109,B54,1,0,,826,0,0,,826,
1644418109,B51,1,1,job397_scenario0_778,826,0,0,,826,
1644418109,os4,1,0,,826,0,0,,826,
1644418109,in4,1,0,,826,0,0,,826,
1644418109,B33,1,0,,826,0,0,,826,
1644418109,in27,1,0,,827,0,0,,827,
1644418109,B14,1,0,,827,0,0,,827,
1644418109,B11,1,0,,827,0,0,,827,
1644418109,cn12,1,0,,827,0,0,,827,
1644418109,B54,1,0,,827,0,0,,827,
1644418109,B51,1,1,job397_scenario0_778,827,0,0,,827,
1644418109,os4,1,0,,827,0,0,,827,
1644418109,in4,1,0,,827,0,0,,827,
1644418109,B33,1,0,,827,0,0,,827,
1644418109,in27,1,0,,828,0,0,,828,
1644418109,B14,1,0,,828,0,0,,828,
1644418109,B11,1,0,,828,0,0,,828,
1644418109,cn12,1,0,,828,0,0,,828,
1644418109,B54,1,0,,828,0,0,,828,
1644418109,B51,1,1,job397_scenario0_778,828,0,0,,828,
1644418109,os4,1,0,,828,0,0,,828,
1644418109,in4,1,0,,828,0,0,,828,
1644418109,B33,1,0,,828,0,0,,828,
1644418110,in27,1,0,,829,0,0,,829,
1644418110,B14,1,0,,829,0,0,,829,
1644418110,B11,1,0,,829,0,0,,829,
1644418110,cn12,1,0,,829,0,0,,829,
1644418110,B54,1,0,,829,0,0,,829,
1644418110,B51,1,1,job397_scenario0_778,829,0,0,,829,
1644418110,os4,1,0,,829,0,0,,829,
1644418110,in4,1,0,,829,0,0,,829,
1644418110,B33,1,0,,829,0,0,,829,
1644418110,in27,1,0,,830,0,0,,830,
1644418110,B14,1,0,,830,0,0,,830,
1644418110,B11,1,0,,830,0,0,,830,
1644418110,cn12,1,0,,830,0,0,,830,
1644418110,B54,1,0,,830,0,0,,830,
1644418110,B51,1,1,job397_scenario0_778,830,0,0,,830,
1644418110,os4,1,0,,830,0,0,,830,
1644418110,in4,1,0,,830,0,0,,830,
1644418110,B33,1,0,,830,0,0,,830,
1644418110,in27,1,0,,831,0,0,,831,
1644418110,B14,1,0,,831,0,0,,831,
1644418110,B11,1,0,,831,0,0,,831,
1644418110,cn12,1,0,,831,0,0,,831,
1644418110,B54,1,0,,831,0,0,,831,
1644418110,B51,1,1,job397_scenario0_778,831,0,0,,831,
1644418110,os4,1,0,,831,0,0,,831,
1644418110,in4,1,0,,831,0,0,,831,
1644418110,B33,1,0,,831,0,0,,831,
1644418110,in27,1,0,,832,0,0,,832,
1644418110,B14,1,0,,832,0,0,,832,
1644418110,B11,1,0,,832,0,0,,832,
1644418110,cn12,1,0,,832,0,0,,832,
1644418110,B54,1,0,,832,0,0,,832,
1644418110,B51,1,1,job397_scenario0_778,832,0,0,,832,
1644418110,os4,1,0,,832,0,0,,832,
1644418110,in4,1,0,,832,0,0,,832,
1644418110,B33,1,0,,832,0,0,,832,
1644418110,in27,1,0,,833,0,0,,833,
1644418110,B14,1,0,,833,0,0,,833,
1644418110,B11,1,0,,833,0,0,,833,
1644418110,cn12,1,0,,833,0,0,,833,
1644418110,B54,1,0,,833,0,0,,833,
1644418110,B51,1,0,,833,0,0,,833,
1644418110,os4,1,1,job424_scenario4_830,833,0,0,,833,
1644418110,in4,1,0,,833,0,0,,833,
1644418110,B33,1,0,,833,0,0,,833,
1644418110,in27,1,0,,834,0,0,,834,
1644418110,B14,1,0,,834,0,0,,834,
1644418110,B11,1,0,,834,0,0,,834,
1644418110,cn12,1,0,,834,0,0,,834,
1644418110,B54,1,0,,834,0,0,,834,
1644418110,B51,1,0,,834,0,0,,834,
1644418110,os4,1,1,job424_scenario4_830,834,0,0,,834,
1644418110,in4,1,0,,834,0,0,,834,
1644418110,B33,1,0,,834,0,0,,834,
1644418111,in27,1,0,,835,0,0,,835,
1644418111,B14,1,0,,835,0,0,,835,
1644418111,B11,1,0,,835,0,0,,835,
1644418111,cn12,1,0,,835,0,0,,835,
1644418111,B54,1,0,,835,0,0,,835,
1644418111,B51,1,0,,835,0,0,,835,
1644418111,os4,1,0,,835,0,0,,835,
1644418111,in4,1,0,,835,0,0,,835,
1644418111,B33,1,0,,835,0,0,,835,
1644418111,in27,1,0,,836,0,0,,836,
1644418111,B14,1,0,,836,0,0,,836,
1644418111,B11,1,0,,836,0,0,,836,
1644418111,cn12,1,0,,836,0,0,,836,
1644418111,B54,1,0,,836,0,0,,836,
1644418111,B51,1,0,,836,0,0,,836,
1644418111,os4,1,0,,836,0,0,,836,
1644418111,in4,1,0,,836,0,0,,836,
1644418111,B33,1,1,job427_scenario2_835,836,0,0,,836,
1644418111,in27,1,0,,837,0,0,,837,
1644418111,B14,1,0,,837,0,0,,837,
1644418111,B11,1,0,,837,0,0,,837,
1644418111,cn12,1,0,,837,0,0,,837,
1644418111,B54,1,0,,837,0,0,,837,
1644418111,B51,1,0,,837,0,0,,837,
1644418111,os4,1,0,,837,0,0,,837,
1644418111,in4,1,0,,837,0,0,,837,
1644418111,B33,1,1,job427_scenario2_835,837,0,0,,837,
1644418111,in27,1,0,,838,0,0,,838,
1644418111,B14,1,0,,838,0,0,,838,
1644418111,B11,1,0,,838,0,0,,838,
1644418111,cn12,1,0,,838,0,0,,838,
1644418111,B54,1,0,,838,0,0,,838,
1644418111,B51,1,0,,838,0,0,,838,
1644418111,os4,1,0,,838,0,0,,838,
1644418111,in4,1,0,,838,0,0,,838,
1644418111,B33,1,1,job427_scenario2_835,838,0,0,,838,
1644418111,in27,1,0,,839,0,0,,839,
1644418111,B14,1,0,,839,0,0,,839,
1644418111,B11,1,0,,839,0,0,,839,
1644418111,cn12,1,0,,839,0,0,,839,
1644418111,B54,1,0,,839,0,0,,839,
1644418111,B51,1,0,,839,0,0,,839,
1644418111,os4,1,0,,839,0,0,,839,
1644418111,in4,1,0,,839,0,0,,839,
1644418111,B33,1,0,,839,0,0,,839,
1644418111,in27,1,0,,840,0,0,,840,
1644418111,B14,1,0,,840,0,0,,840,
1644418111,B11,1,0,,840,0,0,,840,
1644418111,cn12,1,0,,840,0,0,,840,
1644418111,B54,1,0,,840,0,0,,840,
1644418111,B51,1,0,,840,0,0,,840,
1644418111,os4,1,0,,840,0,0,,840,
1644418111,in4,1,0,,840,0,0,,840,
1644418111,B33,1,0,,840,0,0,,840,
1644418111,in27,1,0,,841,0,0,,841,
1644418111,B14,1,0,,841,0,0,,841,
1644418111,B11,1,0,,841,0,0,,841,
1644418111,cn12,1,0,,841,0,0,,841,
1644418111,B54,1,0,,841,0,0,,841,
1644418111,B51,1,0,,841,0,0,,841,
1644418111,os4,1,0,,841,0,0,,841,
1644418111,in4,1,0,,841,0,0,,841,
1644418111,B33,1,0,,841,0,0,,841,
1644418111,in27,1,0,,842,0,0,,842,
1644418111,B14,1,0,,842,0,0,,842,
1644418111,B11,1,0,,842,0,0,,842,
1644418111,cn12,1,0,,842,0,0,,842,
1644418111,B54,1,0,,842,0,0,,842,
1644418111,B51,1,0,,842,0,0,,842,
1644418111,os4,1,0,,842,0,0,,842,
1644418111,in4,1,0,,842,0,0,,842,
1644418111,B33,1,0,,842,0,0,,842,
1644418112,in27,1,0,,843,0,0,,843,
1644418112,B14,1,0,,843,0,0,,843,
1644418112,B11,1,0,,843,0,0,,843,
1644418112,cn12,1,0,,843,0,0,,843,
1644418112,B54,1,0,,843,0,0,,843,
1644418112,B51,1,0,,843,0,0,,843,
1644418112,os4,1,0,,843,0,0,,843,
1644418112,in4,1,0,,843,0,0,,843,
1644418112,B33,1,0,,843,0,0,,843,
1644418112,in27,1,0,,844,0,0,,844,
1644418112,B14,1,0,,844,0,0,,844,
1644418112,B11,1,0,,844,0,0,,844,
1644418112,cn12,1,0,,844,0,0,,844,
1644418112,B54,1,0,,844,0,0,,844,
1644418112,B51,1,0,,844,0,0,,844,
1644418112,os4,1,0,,844,0,0,,844,
1644418112,in4,1,0,,844,0,0,,844,
1644418112,B33,1,0,,844,0,0,,844,
1644418112,in27,1,0,,845,0,0,,845,
1644418112,B14,1,0,,845,0,0,,845,
1644418112,B11,1,0,,845,0,0,,845,
1644418112,cn12,1,0,,845,0,0,,845,
1644418112,B54,1,0,,845,0,0,,845,
1644418112,B51,1,0,,845,0,0,,845,
1644418112,os4,1,0,,845,0,0,,845,
1644418112,in4,1,0,,845,0,0,,845,
1644418112,B33,1,0,,845,0,0,,845,
1644418112,in27,1,0,,846,0,0,,846,
1644418112,B14,1,0,,846,0,0,,846,
1644418112,B11,1,0,,846,0,0,,846,
1644418112,cn12,1,0,,846,0,0,,846,
1644418112,B54,1,0,,846,0,0,,846,
1644418112,B51,1,0,,846,0,0,,846,
1644418112,os4,1,0,,846,0,0,,846,
1644418112,in4,1,0,,846,0,0,,846,
1644418112,B33,1,0,,846,0,0,,846,
1644418112,in27,1,0,,847,0,0,,847,
1644418112,B14,1,0,,847,0,0,,847,
1644418112,B11,1,0,,847,0,0,,847,
1644418112,cn12,1,0,,847,0,0,,847,
1644418112,B54,1,0,,847,0,0,,847,
1644418112,B51,1,0,,847,0,0,,847,
1644418112,os4,1,0,,847,0,0,,847,
1644418112,in4,1,0,,847,0,0,,847,
1644418112,B33,1,0,,847,0,0,,847,
1644418112,in27,1,0,,848,0,0,,848,
1644418112,B14,1,0,,848,0,0,,848,
1644418112,B11,1,0,,848,0,0,,848,
1644418112,cn12,1,0,,848,0,0,,848,
1644418112,B54,1,0,,848,0,0,,848,
1644418112,B51,1,0,,848,0,0,,848,
1644418112,os4,1,0,,848,0,0,,848,
1644418112,in4,1,0,,848,0,0,,848,
1644418112,B33,1,0,,848,0,0,,848,
1644418112,in27,1,0,,849,0,0,,849,
1644418112,B14,1,0,,849,0,0,,849,
1644418112,B11,1,0,,849,0,0,,849,
1644418112,cn12,1,0,,849,0,0,,849,
1644418112,B54,1,0,,849,0,0,,849,
1644418112,B51,1,0,,849,0,0,,849,
1644418112,os4,1,1,job434_scenario4_846,849,0,0,,849,
1644418112,in4,1,0,,849,0,0,,849,
1644418112,B33,1,0,,849,0,0,,849,
1644418112,in27,1,0,,850,0,0,,850,
1644418112,B14,1,0,,850,0,0,,850,
1644418112,B11,1,0,,850,0,0,,850,
1644418112,cn12,1,0,,850,0,0,,850,
1644418112,B54,1,0,,850,0,0,,850,
1644418112,B51,1,0,,850,0,0,,850,
1644418112,os4,1,1,job434_scenario4_846,850,0,0,,850,
1644418112,in4,1,0,,850,0,0,,850,
1644418112,B33,1,0,,850,0,0,,850,
1644418112,in27,1,0,,851,0,0,,851,
1644418112,B14,1,0,,851,0,0,,851,
1644418112,B11,1,0,,851,0,0,,851,
1644418112,cn12,1,0,,851,0,0,,851,
1644418112,B54,1,0,,851,0,0,,851,
1644418112,B51,1,0,,851,0,0,,851,
1644418112,os4,1,1,job434_scenario4_846,851,0,0,,851,
1644418112,in4,1,0,,851,0,0,,851,
1644418112,B33,1,1,job435_scenario2_850,851,0,0,,851,
1644418112,in27,1,0,,852,0,0,,852,
1644418112,B14,1,0,,852,0,0,,852,
1644418113,B11,1,0,,852,0,0,,852,
1644418113,cn12,1,0,,852,0,0,,852,
1644418113,B54,1,0,,852,0,0,,852,
1644418113,B51,1,0,,852,0,0,,852,
1644418113,os4,1,1,job434_scenario4_846,852,0,0,,852,
1644418113,in4,1,0,,852,0,0,,852,
1644418113,B33,1,1,job435_scenario2_850,852,0,0,,852,
1644418113,in27,1,0,,853,0,0,,853,
1644418113,B14,1,0,,853,0,0,,853,
1644418113,B11,1,0,,853,0,0,,853,
1644418113,cn12,1,0,,853,0,0,,853,
1644418113,B54,1,0,,853,0,0,,853,
1644418113,B51,1,0,,853,0,0,,853,
1644418113,os4,1,1,job434_scenario4_846,853,0,0,,853,
1644418113,in4,1,0,,853,0,0,,853,
1644418113,B33,1,1,job435_scenario2_850,853,0,0,,853,
1644418113,in27,1,0,,854,0,0,,854,
1644418113,B14,1,0,,854,0,0,,854,
1644418113,B11,1,0,,854,0,0,,854,
1644418113,cn12,1,0,,854,0,0,,854,
1644418113,B54,1,0,,854,0,0,,854,
1644418113,B51,1,0,,854,0,0,,854,
1644418113,os4,1,1,job434_scenario4_846,854,0,0,,854,
1644418113,in4,1,0,,854,0,0,,854,
1644418113,B33,1,0,,854,0,0,,854,
1644418113,in27,1,0,,855,0,0,,855,
1644418113,B14,1,0,,855,0,0,,855,
1644418113,B11,1,0,,855,0,0,,855,
1644418113,cn12,1,0,,855,0,0,,855,
1644418113,B54,1,0,,855,0,0,,855,
1644418113,B51,1,0,,855,0,0,,855,
1644418113,os4,1,1,job434_scenario4_846,855,0,0,,855,
1644418113,in4,1,0,,855,0,0,,855,
1644418113,B33,1,0,,855,0,0,,855,
1644418113,in27,1,0,,856,0,0,,856,
1644418113,B14,1,0,,856,0,0,,856,
1644418113,B11,1,0,,856,0,0,,856,
1644418113,cn12,1,0,,856,0,0,,856,
1644418113,B54,1,0,,856,0,0,,856,
1644418113,B51,1,0,,856,0,0,,856,
1644418113,os4,1,0,,856,0,0,,856,
1644418113,in4,1,0,,856,0,0,,856,
1644418113,B33,1,0,,856,0,0,,856,
1644418113,in27,1,0,,857,0,0,,857,
1644418113,B14,1,0,,857,0,0,,857,
1644418113,B11,1,0,,857,0,0,,857,
1644418113,cn12,1,0,,857,0,0,,857,
1644418113,B54,1,0,,857,0,0,,857,
1644418113,B51,1,1,job418_scenario0_817,857,0,0,,857,
1644418113,os4,1,0,,857,0,0,,857,
1644418113,in4,1,0,,857,0,0,,857,
1644418113,B33,1,0,,857,0,0,,857,
1644418113,in27,1,0,,858,0,0,,858,
1644418113,B14,1,0,,858,0,0,,858,
1644418113,B11,1,0,,858,0,0,,858,
1644418113,cn12,1,0,,858,0,0,,858,
1644418113,B54,1,0,,858,0,0,,858,
1644418113,B51,1,1,job418_scenario0_817,858,0,0,,858,
1644418113,os4,1,0,,858,0,0,,858,
1644418113,in4,1,0,,858,0,0,,858,
1644418113,B33,1,0,,858,0,0,,858,
1644418113,in27,1,0,,859,0,0,,859,
1644418113,B14,1,0,,859,0,0,,859,
1644418113,B11,1,0,,859,0,0,,859,
1644418113,cn12,1,0,,859,0,0,,859,
1644418113,B54,1,0,,859,0,0,,859,
1644418113,B51,1,1,job418_scenario0_817,859,0,0,,859,
1644418113,os4,1,0,,859,0,0,,859,
1644418113,in4,1,0,,859,0,0,,859,
1644418113,B33,1,0,,859,0,0,,859,
1644418113,in27,1,0,,860,0,0,,860,
1644418113,B14,1,0,,860,0,0,,860,
1644418113,B11,1,0,,860,0,0,,860,
1644418113,cn12,1,0,,860,0,0,,860,
1644418113,B54,1,0,,860,0,0,,860,
1644418113,B51,1,1,job418_scenario0_817,860,0,0,,860,
1644418113,os4,1,0,,860,0,0,,860,
1644418113,in4,1,0,,860,0,0,,860,
1644418113,B33,1,0,,860,0,0,,860,
1644418114,in27,1,0,,861,0,0,,861,
1644418114,B14,1,0,,861,0,0,,861,
1644418114,B11,1,0,,861,0,0,,861,
1644418114,cn12,1,0,,861,0,0,,861,
1644418114,B54,1,1,job430_scenario1_840,861,0,0,,861,
1644418114,B51,1,1,job418_scenario0_817,861,0,0,,861,
1644418114,os4,1,0,,861,0,0,,861,
1644418114,in4,1,0,,861,0,0,,861,
1644418114,B33,1,0,,861,0,0,,861,
1644418114,in27,1,0,,862,0,0,,862,
1644418114,B14,1,0,,862,0,0,,862,
1644418114,B11,1,0,,862,0,0,,862,
1644418114,cn12,1,0,,862,0,0,,862,
1644418114,B54,1,1,job430_scenario1_840,862,0,0,,862,
1644418114,B51,1,1,job418_scenario0_817,862,0,0,,862,
1644418114,os4,1,0,,862,0,0,,862,
1644418114,in4,1,0,,862,0,0,,862,
1644418114,B33,1,0,,862,0,0,,862,
1644418114,in27,1,0,,863,0,0,,863,
1644418114,B14,1,0,,863,0,0,,863,
1644418114,B11,1,0,,863,0,0,,863,
1644418114,cn12,1,0,,863,0,0,,863,
1644418114,B54,1,1,job430_scenario1_840,863,0,0,,863,
1644418114,B51,1,1,job418_scenario0_817,863,0,0,,863,
1644418114,os4,1,0,,863,0,0,,863,
1644418114,in4,1,0,,863,0,0,,863,
1644418114,B33,1,0,,863,0,0,,863,
1644418114,in27,1,0,,864,0,0,,864,
1644418114,B14,1,0,,864,0,0,,864,
1644418114,B11,1,0,,864,0,0,,864,
1644418114,cn12,1,0,,864,0,0,,864,
1644418114,B54,1,1,job430_scenario1_840,864,0,0,,864,
1644418114,B51,1,1,job418_scenario0_817,864,0,0,,864,
1644418114,os4,1,0,,864,0,0,,864,
1644418114,in4,1,0,,864,0,0,,864,
1644418114,B33,1,0,,864,0,0,,864,
1644418114,in27,1,0,,865,0,0,,865,
1644418114,B14,1,0,,865,0,0,,865,
1644418114,B11,1,0,,865,0,0,,865,
1644418114,cn12,1,0,,865,0,0,,865,
1644418114,B54,1,0,,865,0,0,,865,
1644418114,B51,1,1,job418_scenario0_817,865,0,0,,865,
1644418114,os4,1,0,,865,0,0,,865,
1644418114,in4,1,0,,865,0,0,,865,
1644418114,B33,1,0,,865,0,0,,865,
1644418114,in27,1,0,,866,0,0,,866,
1644418114,B14,1,0,,866,0,0,,866,
1644418114,B11,1,0,,866,0,0,,866,
1644418114,cn12,1,0,,866,0,0,,866,
1644418114,B54,1,0,,866,0,0,,866,
1644418114,B51,1,1,job418_scenario0_817,866,0,0,,866,
1644418114,os4,1,0,,866,0,0,,866,
1644418114,in4,1,0,,866,0,0,,866,
1644418114,B33,1,0,,866,0,0,,866,
1644418114,in27,1,0,,867,0,0,,867,
1644418114,B14,1,0,,867,0,0,,867,
1644418114,B11,1,0,,867,0,0,,867,
1644418114,cn12,1,0,,867,0,0,,867,
1644418114,B54,1,0,,867,0,0,,867,
1644418114,B51,1,1,job418_scenario0_817,867,0,0,,867,
1644418114,os4,1,0,,867,0,0,,867,
1644418114,in4,1,0,,867,0,0,,867,
1644418114,B33,1,0,,867,0,0,,867,
1644418114,in27,1,0,,868,0,0,,868,
1644418114,B14,1,0,,868,0,0,,868,
1644418114,B11,1,0,,868,0,0,,868,
1644418114,cn12,1,0,,868,0,0,,868,
1644418114,B54,1,0,,868,0,0,,868,
1644418114,B51,1,0,,868,0,0,,868,
1644418114,os4,1,0,,868,0,0,,868,
1644418114,in4,1,0,,868,0,0,,868,
1644418114,B33,1,0,,868,0,0,,868,
1644418114,in27,1,0,,869,0,0,,869,
1644418114,B14,1,0,,869,0,0,,869,
1644418114,B11,1,0,,869,0,0,,869,
1644418114,cn12,1,0,,869,0,0,,869,
1644418114,B54,1,0,,869,0,0,,869,
1644418114,B51,1,0,,869,0,0,,869,
1644418114,os4,1,0,,869,0,0,,869,
1644418114,in4,1,0,,869,0,0,,869,
1644418114,B33,1,0,,869,0,0,,869,
1644418114,in27,1,0,,870,0,0,,870,
1644418114,B14,1,0,,870,0,0,,870,
1644418114,B11,1,0,,870,0,0,,870,
1644418114,cn12,1,0,,870,0,0,,870,
1644418114,B54,1,0,,870,0,0,,870,
1644418114,B51,1,0,,870,0,0,,870,
1644418114,os4,1,0,,870,0,0,,870,
1644418114,in4,1,0,,870,0,0,,870,
1644418114,B33,1,0,,870,0,0,,870,
1644418114,in27,1,0,,871,0,0,,871,
1644418114,B14,1,0,,871,0,0,,871,
1644418114,B11,1,0,,871,0,0,,871,
1644418114,cn12,1,0,,871,0,0,,871,
1644418114,B54,1,0,,871,0,0,,871,
1644418114,B51,1,0,,871,0,0,,871,
1644418114,os4,1,0,,871,0,0,,871,
1644418114,in4,1,0,,871,0,0,,871,
1644418114,B33,1,0,,871,0,0,,871,
1644418114,in27,1,0,,872,0,0,,872,
1644418114,B14,1,0,,872,0,0,,872,
1644418114,B11,1,0,,872,0,0,,872,
1644418114,cn12,1,0,,872,0,0,,872,
1644418114,B54,1,0,,872,0,0,,872,
1644418114,B51,1,0,,872,0,0,,872,
1644418114,os4,1,0,,872,0,0,,872,
1644418114,in4,1,0,,872,0,0,,872,
1644418114,B33,1,0,,872,0,0,,872,
1644418115,in27,1,0,,873,0,0,,873,
1644418115,B14,1,0,,873,0,0,,873,
1644418115,B11,1,0,,873,0,0,,873,
1644418115,cn12,1,0,,873,0,0,,873,
1644418115,B54,1,0,,873,0,0,,873,
1644418115,B51,1,0,,873,0,0,,873,
1644418115,os4,1,0,,873,0,0,,873,
1644418115,in4,1,0,,873,0,0,,873,
1644418115,B33,1,0,,873,0,0,,873,
1644418115,in27,1,0,,874,0,0,,874,
1644418115,B14,1,0,,874,0,0,,874,
1644418115,B11,1,0,,874,0,0,,874,
1644418115,cn12,1,0,,874,0,0,,874,
1644418115,B54,1,0,,874,0,0,,874,
1644418115,B51,1,0,,874,0,0,,874,
1644418115,os4,1,0,,874,0,0,,874,
1644418115,in4,1,0,,874,0,0,,874,
1644418115,B33,1,0,,874,0,0,,874,
1644418115,in27,1,0,,875,0,0,,875,
1644418115,B14,1,0,,875,0,0,,875,
1644418115,B11,1,0,,875,0,0,,875,
1644418115,cn12,1,0,,875,0,0,,875,
1644418115,B54,1,1,job436_scenario1_851,875,0,0,,875,
1644418115,B51,1,0,,875,0,0,,875,
1644418115,os4,1,0,,875,0,0,,875,
1644418115,in4,1,0,,875,0,0,,875,
1644418115,B33,1,1,job446_scenario2_874,875,0,0,,875,
1644418115,in27,1,0,,876,0,0,,876,
1644418115,B14,1,0,,876,0,0,,876,
1644418115,B11,1,0,,876,0,0,,876,
1644418115,cn12,1,0,,876,0,0,,876,
1644418115,B54,1,1,job436_scenario1_851,876,0,0,,876,
1644418115,B51,1,0,,876,0,0,,876,
1644418115,os4,1,0,,876,0,0,,876,
1644418115,in4,1,0,,876,0,0,,876,
1644418115,B33,1,1,job446_scenario2_874,876,0,0,,876,
1644418116,in27,1,0,,877,0,0,,877,
1644418116,B14,1,0,,877,0,0,,877,
1644418116,B11,1,0,,877,0,0,,877,
1644418116,cn12,1,0,,877,0,0,,877,
1644418116,B54,1,1,job436_scenario1_851,877,0,0,,877,
1644418116,B51,1,1,job428_scenario0_836,877,0,0,,877,
1644418116,os4,1,0,,877,0,0,,877,
1644418116,in4,1,0,,877,0,0,,877,
1644418116,B33,1,0,,877,0,0,,877,
1644418116,in27,1,0,,878,0,0,,878,
1644418116,B14,1,0,,878,0,0,,878,
1644418116,B11,1,0,,878,0,0,,878,
1644418116,cn12,1,0,,878,0,0,,878,
1644418116,B54,1,1,job436_scenario1_851,878,0,0,,878,
1644418116,B51,1,1,job428_scenario0_836,878,0,0,,878,
1644418116,os4,1,0,,878,0,0,,878,
1644418116,in4,1,0,,878,0,0,,878,
1644418116,B33,1,0,,878,0,0,,878,
1644418116,in27,1,0,,879,0,0,,879,
1644418116,B14,1,0,,879,0,0,,879,
1644418116,B11,1,0,,879,0,0,,879,
1644418116,cn12,1,0,,879,0,0,,879,
1644418116,B54,1,1,job436_scenario1_851,879,0,0,,879,
1644418116,B51,1,1,job428_scenario0_836,879,0,0,,879,
1644418116,os4,1,0,,879,0,0,,879,
1644418116,in4,1,0,,879,0,0,,879,
1644418116,B33,1,0,,879,0,0,,879,
1644418116,in27,1,0,,880,0,0,,880,
1644418116,B14,1,0,,880,0,0,,880,
1644418116,B11,1,0,,880,0,0,,880,
1644418116,cn12,1,0,,880,0,0,,880,
1644418116,B54,1,0,,880,0,0,,880,
1644418116,B51,1,1,job428_scenario0_836,880,0,0,,880,
1644418116,os4,1,0,,880,0,0,,880,
1644418116,in4,1,0,,880,0,0,,880,
1644418116,B33,1,0,,880,0,0,,880,
1644418116,in27,1,0,,881,0,0,,881,
1644418116,B14,1,0,,881,0,0,,881,
1644418116,B11,1,0,,881,0,0,,881,
1644418116,cn12,1,0,,881,0,0,,881,
1644418116,B54,1,0,,881,0,0,,881,
1644418116,B51,1,1,job428_scenario0_836,881,0,0,,881,
1644418116,os4,1,0,,881,0,0,,881,
1644418116,in4,1,0,,881,0,0,,881,
1644418116,B33,1,0,,881,0,0,,881,
1644418116,in27,1,0,,882,0,0,,882,
1644418116,B14,1,0,,882,0,0,,882,
1644418116,B11,1,0,,882,0,0,,882,
1644418116,cn12,1,0,,882,0,0,,882,
1644418116,B54,1,0,,882,0,0,,882,
1644418116,B51,1,1,job428_scenario0_836,882,0,0,,882,
1644418116,os4,1,0,,882,0,0,,882,
1644418116,in4,1,0,,882,0,0,,882,
1644418116,B33,1,0,,882,0,0,,882,
1644418116,in27,1,0,,883,0,0,,883,
1644418116,B14,1,0,,883,0,0,,883,
1644418116,B11,1,0,,883,0,0,,883,
1644418116,cn12,1,0,,883,0,0,,883,
1644418116,B54,1,0,,883,0,0,,883,
1644418116,B51,1,1,job428_scenario0_836,883,0,0,,883,
1644418116,os4,1,0,,883,0,0,,883,
1644418116,in4,1,0,,883,0,0,,883,
1644418116,B33,1,0,,883,0,0,,883,
1644418116,in27,1,0,,884,0,0,,884,
1644418116,B14,1,0,,884,0,0,,884,
1644418116,B11,1,0,,884,0,0,,884,
1644418116,cn12,1,0,,884,0,0,,884,
1644418116,B54,1,1,job433_scenario1_844,884,0,0,,884,
1644418116,B51,1,1,job428_scenario0_836,884,0,0,,884,
1644418116,os4,1,0,,884,0,0,,884,
1644418116,in4,1,0,,884,0,0,,884,
1644418116,B33,1,0,,884,0,0,,884,
1644418116,in27,1,0,,885,0,0,,885,
1644418116,B14,1,0,,885,0,0,,885,
1644418116,B11,1,0,,885,0,0,,885,
1644418116,cn12,1,0,,885,0,0,,885,
1644418116,B54,1,1,job433_scenario1_844,885,0,0,,885,
1644418116,B51,1,1,job428_scenario0_836,885,0,0,,885,
1644418116,os4,1,0,,885,0,0,,885,
1644418116,in4,1,0,,885,0,0,,885,
1644418116,B33,1,0,,885,0,0,,885,
1644418117,in27,1,0,,886,0,0,,886,
1644418117,B14,1,0,,886,0,0,,886,
1644418117,B11,1,1,job447_scenario3_882,886,0,0,,886,
1644418117,cn12,1,0,,886,0,0,,886,
1644418117,B54,1,1,job433_scenario1_844,886,0,0,,886,
1644418117,B51,1,1,job428_scenario0_836,886,0,0,,886,
1644418117,os4,1,0,,886,0,0,,886,
1644418117,in4,1,0,,886,0,0,,886,
1644418117,B33,1,0,,886,0,0,,886,
1644418117,in27,1,0,,887,0,0,,887,
1644418117,B14,1,0,,887,0,0,,887,
1644418117,B11,1,1,job447_scenario3_882,887,0,0,,887,
1644418117,cn12,1,0,,887,0,0,,887,
1644418117,B54,1,1,job433_scenario1_844,887,0,0,,887,
1644418117,B51,1,1,job428_scenario0_836,887,0,0,,887,
1644418117,os4,1,0,,887,0,0,,887,
1644418117,in4,1,0,,887,0,0,,887,
1644418117,B33,1,0,,887,0,0,,887,
1644418117,in27,1,0,,888,0,0,,888,
1644418117,B14,1,0,,888,0,0,,888,
1644418117,B11,1,1,job447_scenario3_882,888,0,0,,888,
1644418117,cn12,1,0,,888,0,0,,888,
1644418117,B54,1,1,job433_scenario1_844,888,0,0,,888,
1644418117,B51,1,1,job428_scenario0_836,888,0,0,,888,
1644418117,os4,1,0,,888,0,0,,888,
1644418117,in4,1,0,,888,0,0,,888,
1644418117,B33,1,0,,888,0,0,,888,
1644418117,in27,1,0,,889,0,0,,889,
1644418117,B14,1,0,,889,0,0,,889,
1644418117,B11,1,1,job447_scenario3_882,889,0,0,,889,
1644418117,cn12,1,0,,889,0,0,,889,
1644418117,B54,1,1,job433_scenario1_844,889,0,0,,889,
1644418117,B51,1,1,job428_scenario0_836,889,0,0,,889,
1644418117,os4,1,0,,889,0,0,,889,
1644418117,in4,1,0,,889,0,0,,889,
1644418117,B33,1,0,,889,0,0,,889,
1644418117,in27,1,0,,890,0,0,,890,
1644418117,B14,1,0,,890,0,0,,890,
1644418117,B11,1,0,,890,0,0,,890,
1644418117,cn12,1,0,,890,0,0,,890,
1644418117,B54,1,1,job433_scenario1_844,890,0,0,,890,
1644418117,B51,1,1,job428_scenario0_836,890,0,0,,890,
1644418117,os4,1,0,,890,0,0,,890,
1644418117,in4,1,0,,890,0,0,,890,
1644418117,B33,1,0,,890,0,0,,890,
1644418117,in27,1,0,,891,0,0,,891,
1644418117,B14,1,0,,891,0,0,,891,
1644418117,B11,1,0,,891,0,0,,891,
1644418117,cn12,1,0,,891,0,0,,891,
1644418117,B54,1,1,job433_scenario1_844,891,0,0,,891,
1644418117,B51,1,0,,891,0,0,,891,
1644418117,os4,1,0,,891,0,0,,891,
1644418117,in4,1,0,,891,0,0,,891,
1644418117,B33,1,0,,891,0,0,,891,
1644418117,in27,1,0,,892,0,0,,892,
1644418117,B14,1,0,,892,0,0,,892,
1644418117,B11,1,0,,892,0,0,,892,
1644418117,cn12,1,0,,892,0,0,,892,
1644418117,B54,1,1,job433_scenario1_844,892,0,0,,892,
1644418117,B51,1,0,,892,0,0,,892,
1644418117,os4,1,0,,892,0,0,,892,
1644418117,in4,1,0,,892,0,0,,892,
1644418117,B33,1,0,,892,0,0,,892,
1644418117,in27,1,0,,893,0,0,,893,
1644418117,B14,1,0,,893,0,0,,893,
1644418117,B11,1,0,,893,0,0,,893,
1644418117,cn12,1,0,,893,0,0,,893,
1644418117,B54,1,0,,893,0,0,,893,
1644418117,B51,1,0,,893,0,0,,893,
1644418117,os4,1,0,,893,0,0,,893,
1644418117,in4,1,0,,893,0,0,,893,
1644418117,B33,1,0,,893,0,0,,893,
1644418117,in27,1,0,,894,0,0,,894,
1644418117,B14,1,0,,894,0,0,,894,
1644418117,B11,1,0,,894,0,0,,894,
1644418117,cn12,1,0,,894,0,0,,894,
1644418117,B54,1,0,,894,0,0,,894,
1644418117,B51,1,0,,894,0,0,,894,
1644418117,os4,1,0,,894,0,0,,894,
1644418117,in4,1,0,,894,0,0,,894,
1644418117,B33,1,0,,894,0,0,,894,
1644418118,in27,1,0,,895,0,0,,895,
1644418118,B14,1,0,,895,0,0,,895,
1644418118,B11,1,0,,895,0,0,,895,
1644418118,cn12,1,0,,895,0,0,,895,
1644418118,B54,1,0,,895,0,0,,895,
1644418118,B51,1,0,,895,0,0,,895,
1644418118,os4,1,1,job451_scenario4_891,895,0,0,,895,
1644418118,in4,1,0,,895,0,0,,895,
1644418118,B33,1,1,job453_scenario2_894,895,0,0,,895,
1644418118,in27,1,0,,896,0,0,,896,
1644418118,B14,1,0,,896,0,0,,896,
1644418118,B11,1,0,,896,0,0,,896,
1644418118,cn12,1,0,,896,0,0,,896,
1644418118,B54,1,0,,896,0,0,,896,
1644418118,B51,1,0,,896,0,0,,896,
1644418118,os4,1,1,job451_scenario4_891,896,0,0,,896,
1644418118,in4,1,0,,896,0,0,,896,
1644418118,B33,1,1,job453_scenario2_894,896,0,0,,896,
1644418118,in27,1,0,,897,0,0,,897,
1644418118,B14,1,0,,897,0,0,,897,
1644418118,B11,1,1,job452_scenario3_893,897,0,0,,897,
1644418118,cn12,1,0,,897,0,0,,897,
1644418118,B54,1,0,,897,0,0,,897,
1644418118,B51,1,0,,897,0,0,,897,
1644418118,os4,1,1,job451_scenario4_891,897,0,0,,897,
1644418118,in4,1,0,,897,0,0,,897,
1644418118,B33,1,0,,897,0,0,,897,
1644418118,in27,1,0,,898,0,0,,898,
1644418118,B14,1,0,,898,0,0,,898,
1644418118,B11,1,1,job452_scenario3_893,898,0,0,,898,
1644418118,cn12,1,0,,898,0,0,,898,
1644418118,B54,1,1,job440_scenario1_862,898,0,0,,898,
1644418118,B51,1,0,,898,0,0,,898,
1644418118,os4,1,1,job451_scenario4_891,898,0,0,,898,
1644418118,in4,1,0,,898,0,0,,898,
1644418118,B33,1,0,,898,0,0,,898,
1644418119,in27,1,0,,899,0,0,,899,
1644418119,B14,1,0,,899,0,0,,899,
1644418119,B11,1,1,job452_scenario3_893,899,0,0,,899,
1644418119,cn12,1,0,,899,0,0,,899,
1644418119,B54,1,1,job440_scenario1_862,899,0,0,,899,
1644418119,B51,1,0,,899,0,0,,899,
1644418119,os4,1,1,job451_scenario4_891,899,0,0,,899,
1644418119,in4,1,0,,899,0,0,,899,
1644418119,B33,1,1,job456_scenario2_898,899,0,0,,899,
1644418119,in27,1,0,,900,0,0,,900,
1644418119,B14,1,0,,900,0,0,,900,
1644418119,B11,1,1,job452_scenario3_893,900,0,0,,900,
1644418119,cn12,1,0,,900,0,0,,900,
1644418119,B54,1,1,job440_scenario1_862,900,0,0,,900,
1644418119,B51,1,0,,900,0,0,,900,
1644418119,os4,1,0,,900,0,0,,900,
1644418119,in4,1,0,,900,0,0,,900,
1644418119,B33,1,1,job456_scenario2_898,900,0,0,,900,
1644418119,in27,1,0,,901,0,0,,901,
1644418119,B14,1,0,,901,0,0,,901,
1644418119,B11,1,0,,901,0,0,,901,
1644418119,cn12,1,0,,901,0,0,,901,
1644418119,B54,1,1,job440_scenario1_862,901,0,0,,901,
1644418119,B51,1,1,job439_scenario0_861,901,0,0,,901,
1644418119,os4,1,0,,901,0,0,,901,
1644418119,in4,1,0,,901,0,0,,901,
1644418119,B33,1,1,job456_scenario2_898,901,0,0,,901,
1644418119,in27,1,0,,902,0,0,,902,
1644418119,B14,1,0,,902,0,0,,902,
1644418119,B11,1,0,,902,0,0,,902,
1644418119,cn12,1,0,,902,0,0,,902,
1644418119,B54,1,1,job440_scenario1_862,902,0,0,,902,
1644418119,B51,1,1,job439_scenario0_861,902,0,0,,902,
1644418119,os4,1,0,,902,0,0,,902,
1644418119,in4,1,0,,902,0,0,,902,
1644418119,B33,1,1,job456_scenario2_898,902,0,0,,902,
1644418119,in27,1,0,,903,0,0,,903,
1644418119,B14,1,0,,903,0,0,,903,
1644418119,B11,1,0,,903,0,0,,903,
1644418119,cn12,1,0,,903,0,0,,903,
1644418119,B54,1,1,job440_scenario1_862,903,0,0,,903,
1644418119,B51,1,1,job439_scenario0_861,903,0,0,,903,
1644418119,os4,1,0,,903,0,0,,903,
1644418119,in4,1,0,,903,0,0,,903,
1644418119,B33,1,0,,903,0,0,,903,
1644418119,in27,1,0,,904,0,0,,904,
1644418119,B14,1,0,,904,0,0,,904,
1644418119,B11,1,0,,904,0,0,,904,
1644418119,cn12,1,0,,904,0,0,,904,
1644418119,B54,1,1,job440_scenario1_862,904,0,0,,904,
1644418119,B51,1,1,job439_scenario0_861,904,0,0,,904,
1644418119,os4,1,0,,904,0,0,,904,
1644418119,in4,1,0,,904,0,0,,904,
1644418119,B33,1,0,,904,0,0,,904,
1644418119,in27,1,0,,905,0,0,,905,
1644418119,B14,1,0,,905,0,0,,905,
1644418119,B11,1,0,,905,0,0,,905,
1644418119,cn12,1,0,,905,0,0,,905,
1644418119,B54,1,1,job440_scenario1_862,905,0,0,,905,
1644418119,B51,1,1,job439_scenario0_861,905,0,0,,905,
1644418119,os4,1,0,,905,0,0,,905,
1644418119,in4,1,0,,905,0,0,,905,
1644418119,B33,1,0,,905,0,0,,905,
1644418119,in27,1,0,,906,0,0,,906,
1644418119,B14,1,0,,906,0,0,,906,
1644418119,B11,1,0,,906,0,0,,906,
1644418119,cn12,1,0,,906,0,0,,906,
1644418119,B54,1,1,job440_scenario1_862,906,0,0,,906,
1644418119,B51,1,1,job439_scenario0_861,906,0,0,,906,
1644418119,os4,1,0,,906,0,0,,906,
1644418119,in4,1,0,,906,0,0,,906,
1644418119,B33,1,0,,906,0,0,,906,
1644418119,in27,1,0,,907,0,0,,907,
1644418119,B14,1,0,,907,0,0,,907,
1644418119,B11,1,0,,907,0,0,,907,
1644418119,cn12,1,0,,907,0,0,,907,
1644418119,B54,1,0,,907,0,0,,907,
1644418119,B51,1,1,job439_scenario0_861,907,0,0,,907,
1644418119,os4,1,0,,907,0,0,,907,
1644418119,in4,1,0,,907,0,0,,907,
1644418119,B33,1,1,job458_scenario2_906,907,0,0,,907,
1644418119,in27,1,0,,908,0,0,,908,
1644418119,B14,1,0,,908,0,0,,908,
1644418119,B11,1,0,,908,0,0,,908,
1644418119,cn12,1,0,,908,0,0,,908,
1644418119,B54,1,0,,908,0,0,,908,
1644418119,B51,1,1,job439_scenario0_861,908,0,0,,908,
1644418119,os4,1,0,,908,0,0,,908,
1644418119,in4,1,0,,908,0,0,,908,
1644418119,B33,1,1,job458_scenario2_906,908,0,0,,908,
1644418119,in27,1,0,,909,0,0,,909,
1644418119,B14,1,0,,909,0,0,,909,
1644418119,B11,1,0,,909,0,0,,909,
1644418119,cn12,1,0,,909,0,0,,909,
1644418119,B54,1,0,,909,0,0,,909,
1644418119,B51,1,1,job439_scenario0_861,909,0,0,,909,
1644418119,os4,1,0,,909,0,0,,909,
1644418119,in4,1,0,,909,0,0,,909,
1644418120,B33,1,1,job458_scenario2_906,909,0,0,,909,
1644418120,in27,1,0,,910,0,0,,910,
1644418120,B14,1,0,,910,0,0,,910,
1644418120,B11,1,0,,910,0,0,,910,
1644418120,cn12,1,0,,910,0,0,,910,
1644418120,B54,1,0,,910,0,0,,910,
1644418120,B51,1,0,,910,0,0,,910,
1644418120,os4,1,0,,910,0,0,,910,
1644418120,in4,1,0,,910,0,0,,910,
1644418120,B33,1,0,,910,0,0,,910,
1644418120,in27,1,0,,911,0,0,,911,
1644418120,B14,1,0,,911,0,0,,911,
1644418120,B11,1,0,,911,0,0,,911,
1644418120,cn12,1,0,,911,0,0,,911,
1644418120,B54,1,0,,911,0,0,,911,
1644418120,B51,1,1,job443_scenario0_871,911,0,0,,911,
1644418120,os4,1,0,,911,0,0,,911,
1644418120,in4,1,0,,911,0,0,,911,
1644418120,B33,1,0,,911,0,0,,911,
1644418120,in27,1,0,,912,0,0,,912,
1644418120,B14,1,0,,912,0,0,,912,
1644418120,B11,1,0,,912,0,0,,912,
1644418120,cn12,1,0,,912,0,0,,912,
1644418120,B54,1,0,,912,0,0,,912,
1644418120,B51,1,1,job443_scenario0_871,912,0,0,,912,
1644418120,os4,1,0,,912,0,0,,912,
1644418120,in4,1,0,,912,0,0,,912,
1644418120,B33,1,0,,912,0,0,,912,
1644418120,in27,1,0,,913,0,0,,913,
1644418120,B14,1,0,,913,0,0,,913,
1644418120,B11,1,0,,913,0,0,,913,
1644418120,cn12,1,0,,913,0,0,,913,
1644418120,B54,1,0,,913,0,0,,913,
1644418120,B51,1,1,job443_scenario0_871,913,0,0,,913,
1644418120,os4,1,0,,913,0,0,,913,
1644418120,in4,1,0,,913,0,0,,913,
1644418120,B33,1,0,,913,0,0,,913,
1644418120,in27,1,0,,914,0,0,,914,
1644418120,B14,1,0,,914,0,0,,914,
1644418120,B11,1,0,,914,0,0,,914,
1644418120,cn12,1,0,,914,0,0,,914,
1644418120,B54,1,0,,914,0,0,,914,
1644418120,B51,1,1,job443_scenario0_871,914,0,0,,914,
1644418120,os4,1,0,,914,0,0,,914,
1644418120,in4,1,0,,914,0,0,,914,
1644418120,B33,1,0,,914,0,0,,914,
1644418120,in27,1,0,,915,0,0,,915,
1644418120,B14,1,0,,915,0,0,,915,
1644418120,B11,1,0,,915,0,0,,915,
1644418120,cn12,1,0,,915,0,0,,915,
1644418120,B54,1,0,,915,0,0,,915,
1644418120,B51,1,1,job443_scenario0_871,915,0,0,,915,
1644418120,os4,1,0,,915,0,0,,915,
1644418120,in4,1,0,,915,0,0,,915,
1644418120,B33,1,0,,915,0,0,,915,
1644418120,in27,1,0,,916,0,0,,916,
1644418120,B14,1,0,,916,0,0,,916,
1644418120,B11,1,0,,916,0,0,,916,
1644418120,cn12,1,0,,916,0,0,,916,
1644418120,B54,1,0,,916,0,0,,916,
1644418120,B51,1,1,job443_scenario0_871,916,0,0,,916,
1644418120,os4,1,0,,916,0,0,,916,
1644418120,in4,1,0,,916,0,0,,916,
1644418120,B33,1,0,,916,0,0,,916,
1644418120,in27,1,0,,917,0,0,,917,
1644418120,B14,1,0,,917,0,0,,917,
1644418120,B11,1,0,,917,0,0,,917,
1644418120,cn12,1,0,,917,0,0,,917,
1644418120,B54,1,0,,917,0,0,,917,
1644418120,B51,1,1,job443_scenario0_871,917,0,0,,917,
1644418120,os4,1,0,,917,0,0,,917,
1644418120,in4,1,0,,917,0,0,,917,
1644418120,B33,1,0,,917,0,0,,917,
1644418120,in27,1,0,,918,0,0,,918,
1644418120,B14,1,0,,918,0,0,,918,
1644418120,B11,1,0,,918,0,0,,918,
1644418120,cn12,1,0,,918,0,0,,918,
1644418120,B54,1,0,,918,0,0,,918,
1644418120,B51,1,1,job443_scenario0_871,918,0,0,,918,
1644418120,os4,1,0,,918,0,0,,918,
1644418120,in4,1,0,,918,0,0,,918,
1644418120,B33,1,0,,918,0,0,,918,
1644418120,in27,1,0,,919,0,0,,919,
1644418120,B14,1,0,,919,0,0,,919,
1644418120,B11,1,0,,919,0,0,,919,
1644418120,cn12,1,0,,919,0,0,,919,
1644418120,B54,1,0,,919,0,0,,919,
1644418120,B51,1,1,job443_scenario0_871,919,0,0,,919,
1644418120,os4,1,0,,919,0,0,,919,
1644418120,in4,1,0,,919,0,0,,919,
1644418120,B33,1,0,,919,0,0,,919,
1644418120,in27,1,0,,920,0,0,,920,
1644418120,B14,1,0,,920,0,0,,920,
1644418120,B11,1,0,,920,0,0,,920,
1644418120,cn12,1,0,,920,0,0,,920,
1644418120,B54,1,0,,920,0,0,,920,
1644418120,B51,1,1,job443_scenario0_871,920,0,0,,920,
1644418120,os4,1,0,,920,0,0,,920,
1644418120,in4,1,0,,920,0,0,,920,
1644418120,B33,1,0,,920,0,0,,920,
1644418120,in27,1,0,,921,0,0,,921,
1644418120,B14,1,0,,921,0,0,,921,
1644418120,B11,1,0,,921,0,0,,921,
1644418120,cn12,1,0,,921,0,0,,921,
1644418121,B54,1,0,,921,0,0,,921,
1644418121,B51,1,1,job443_scenario0_871,921,0,0,,921,
1644418121,os4,1,0,,921,0,0,,921,
1644418121,in4,1,0,,921,0,0,,921,
1644418121,B33,1,0,,921,0,0,,921,
1644418121,in27,1,0,,922,0,0,,922,
1644418121,B14,1,0,,922,0,0,,922,
1644418121,B11,1,0,,922,0,0,,922,
1644418121,cn12,1,0,,922,0,0,,922,
1644418121,B54,1,0,,922,0,0,,922,
1644418121,B51,1,0,,922,0,0,,922,
1644418121,os4,1,1,job467_scenario4_918,922,0,0,,922,
1644418121,in4,1,0,,922,0,0,,922,
1644418121,B33,1,0,,922,0,0,,922,
1644418121,in27,1,0,,923,0,0,,923,
1644418121,B14,1,0,,923,0,0,,923,
1644418121,B11,1,0,,923,0,0,,923,
1644418121,cn12,1,0,,923,0,0,,923,
1644418121,B54,1,0,,923,0,0,,923,
1644418121,B51,1,0,,923,0,0,,923,
1644418121,os4,1,1,job467_scenario4_918,923,0,0,,923,
1644418121,in4,1,0,,923,0,0,,923,
1644418121,B33,1,0,,923,0,0,,923,
1644418121,in27,1,0,,924,0,0,,924,
1644418121,B14,1,0,,924,0,0,,924,
1644418121,B11,1,0,,924,0,0,,924,
1644418121,cn12,1,0,,924,0,0,,924,
1644418121,B54,1,0,,924,0,0,,924,
1644418121,B51,1,1,job448_scenario0_883,924,0,0,,924,
1644418121,os4,1,1,job467_scenario4_918,924,0,0,,924,
1644418121,in4,1,0,,924,0,0,,924,
1644418121,B33,1,1,job469_scenario2_923,924,0,0,,924,
1644418121,in27,1,0,,925,0,0,,925,
1644418121,B14,1,0,,925,0,0,,925,
1644418121,B11,1,0,,925,0,0,,925,
1644418121,cn12,1,0,,925,0,0,,925,
1644418121,B54,1,0,,925,0,0,,925,
1644418121,B51,1,1,job448_scenario0_883,925,0,0,,925,
1644418121,os4,1,1,job467_scenario4_918,925,0,0,,925,
1644418121,in4,1,0,,925,0,0,,925,
1644418121,B33,1,1,job469_scenario2_923,925,0,0,,925,
1644418121,in27,1,0,,926,0,0,,926,
1644418121,B14,1,0,,926,0,0,,926,
1644418122,B11,1,0,,926,0,0,,926,
1644418122,cn12,1,0,,926,0,0,,926,
1644418122,B54,1,0,,926,0,0,,926,
1644418122,B51,1,1,job448_scenario0_883,926,0,0,,926,
1644418122,os4,1,0,,926,0,0,,926,
1644418122,in4,1,0,,926,0,0,,926,
1644418122,B33,1,0,,926,0,0,,926,
1644418122,in27,1,0,,927,0,0,,927,
1644418122,B14,1,0,,927,0,0,,927,
1644418122,B11,1,0,,927,0,0,,927,
1644418122,cn12,1,0,,927,0,0,,927,
1644418122,B54,1,0,,927,0,0,,927,
1644418122,B51,1,1,job448_scenario0_883,927,0,0,,927,
1644418122,os4,1,0,,927,0,0,,927,
1644418122,in4,1,0,,927,0,0,,927,
1644418122,B33,1,0,,927,0,0,,927,
1644418122,in27,1,0,,928,0,0,,928,
1644418122,B14,1,0,,928,0,0,,928,
1644418122,B11,1,0,,928,0,0,,928,
1644418122,cn12,1,0,,928,0,0,,928,
1644418122,B54,1,0,,928,0,0,,928,
1644418122,B51,1,1,job448_scenario0_883,928,0,0,,928,
1644418122,os4,1,0,,928,0,0,,928,
1644418122,in4,1,0,,928,0,0,,928,
1644418122,B33,1,0,,928,0,0,,928,
1644418122,in27,1,0,,929,0,0,,929,
1644418122,B14,1,0,,929,0,0,,929,
1644418122,B11,1,0,,929,0,0,,929,
1644418122,cn12,1,0,,929,0,0,,929,
1644418122,B54,1,0,,929,0,0,,929,
1644418122,B51,1,1,job448_scenario0_883,929,0,0,,929,
1644418122,os4,1,0,,929,0,0,,929,
1644418122,in4,1,0,,929,0,0,,929,
1644418122,B33,1,0,,929,0,0,,929,
1644418122,in27,1,0,,930,0,0,,930,
1644418122,B14,1,0,,930,0,0,,930,
1644418122,B11,1,0,,930,0,0,,930,
1644418122,cn12,1,0,,930,0,0,,930,
1644418122,B54,1,0,,930,0,0,,930,
1644418122,B51,1,1,job448_scenario0_883,930,0,0,,930,
1644418122,os4,1,0,,930,0,0,,930,
1644418122,in4,1,0,,930,0,0,,930,
1644418122,B33,1,0,,930,0,0,,930,
1644418122,in27,1,0,,931,0,0,,931,
1644418122,B14,1,0,,931,0,0,,931,
1644418122,B11,1,0,,931,0,0,,931,
1644418122,cn12,1,0,,931,0,0,,931,
1644418122,B54,1,0,,931,0,0,,931,
1644418122,B51,1,1,job448_scenario0_883,931,0,0,,931,
1644418122,os4,1,0,,931,0,0,,931,
1644418122,in4,1,0,,931,0,0,,931,
1644418122,B33,1,0,,931,0,0,,931,
1644418122,in27,1,0,,932,0,0,,932,
1644418122,B14,1,0,,932,0,0,,932,
1644418122,B11,1,0,,932,0,0,,932,
1644418122,cn12,1,0,,932,0,0,,932,
1644418122,B54,1,0,,932,0,0,,932,
1644418122,B51,1,1,job448_scenario0_883,932,0,0,,932,
1644418122,os4,1,0,,932,0,0,,932,
1644418122,in4,1,0,,932,0,0,,932,
1644418122,B33,1,0,,932,0,0,,932,
1644418122,in27,1,0,,933,0,0,,933,
1644418122,B14,1,0,,933,0,0,,933,
1644418123,B11,1,1,job472_scenario3_929,933,0,0,,933,
1644418123,cn12,1,0,,933,0,0,,933,
1644418123,B54,1,0,,933,0,0,,933,
1644418123,B51,1,1,job448_scenario0_883,933,0,0,,933,
1644418123,os4,1,0,,933,0,0,,933,
1644418123,in4,1,0,,933,0,0,,933,
1644418123,B33,1,0,,933,0,0,,933,
1644418123,in27,1,0,,934,0,0,,934,
1644418123,B14,1,0,,934,0,0,,934,
1644418123,B11,1,0,,934,0,0,,934,
1644418123,cn12,1,0,,934,0,0,,934,
1644418123,B54,1,1,job455_scenario1_896,934,0,0,,934,
1644418123,B51,1,1,job448_scenario0_883,934,0,0,,934,
1644418123,os4,1,0,,934,0,0,,934,
1644418123,in4,1,0,,934,0,0,,934,
1644418123,B33,1,0,,934,0,0,,934,
1644418123,in27,1,0,,935,0,0,,935,
1644418123,B14,1,0,,935,0,0,,935,
1644418123,B11,1,0,,935,0,0,,935,
1644418123,cn12,1,0,,935,0,0,,935,
1644418123,B54,1,1,job455_scenario1_896,935,0,0,,935,
1644418123,B51,1,1,job448_scenario0_883,935,0,0,,935,
1644418123,os4,1,0,,935,0,0,,935,
1644418123,in4,1,0,,935,0,0,,935,
1644418123,B33,1,0,,935,0,0,,935,
1644418123,in27,1,0,,936,0,0,,936,
1644418123,B14,1,0,,936,0,0,,936,
1644418123,B11,1,0,,936,0,0,,936,
1644418123,cn12,1,0,,936,0,0,,936,
1644418123,B54,1,1,job455_scenario1_896,936,0,0,,936,
1644418123,B51,1,1,job448_scenario0_883,936,0,0,,936,
1644418123,os4,1,0,,936,0,0,,936,
1644418123,in4,1,0,,936,0,0,,936,
1644418123,B33,1,0,,936,0,0,,936,
1644418123,in27,1,0,,937,0,0,,937,
1644418123,B14,1,0,,937,0,0,,937,
1644418123,B11,1,0,,937,0,0,,937,
1644418123,cn12,1,0,,937,0,0,,937,
1644418123,B54,1,1,job455_scenario1_896,937,0,0,,937,
1644418123,B51,1,0,,937,0,0,,937,
1644418123,os4,1,0,,937,0,0,,937,
1644418123,in4,1,0,,937,0,0,,937,
1644418123,B33,1,0,,937,0,0,,937,
1644418123,in27,1,0,,938,0,0,,938,
1644418123,B14,1,0,,938,0,0,,938,
1644418123,B11,1,0,,938,0,0,,938,
1644418123,cn12,1,0,,938,0,0,,938,
1644418123,B54,1,0,,938,0,0,,938,
1644418123,B51,1,0,,938,0,0,,938,
1644418123,os4,1,0,,938,0,0,,938,
1644418123,in4,1,0,,938,0,0,,938,
1644418123,B33,1,0,,938,0,0,,938,
1644418124,in27,1,0,,939,0,0,,939,
1644418124,B14,1,0,,939,0,0,,939,
1644418124,B11,1,0,,939,0,0,,939,
1644418124,cn12,1,0,,939,0,0,,939,
1644418124,B54,1,0,,939,0,0,,939,
1644418124,B51,1,0,,939,0,0,,939,
1644418124,os4,1,0,,939,0,0,,939,
1644418124,in4,1,0,,939,0,0,,939,
1644418124,B33,1,1,job476_scenario2_938,939,0,0,,939,
1644418124,in27,1,0,,940,0,0,,940,
1644418124,B14,1,0,,940,0,0,,940,
1644418124,B11,1,0,,940,0,0,,940,
1644418124,cn12,1,0,,940,0,0,,940,
1644418124,B54,1,0,,940,0,0,,940,
1644418124,B51,1,1,job457_scenario0_901,940,0,0,,940,
1644418124,os4,1,0,,940,0,0,,940,
1644418124,in4,1,0,,940,0,0,,940,
1644418124,B33,1,1,job476_scenario2_938,940,0,0,,940,
1644418124,in27,1,0,,941,0,0,,941,
1644418124,B14,1,0,,941,0,0,,941,
1644418124,B11,1,0,,941,0,0,,941,
1644418124,cn12,1,0,,941,0,0,,941,
1644418124,B54,1,0,,941,0,0,,941,
1644418124,B51,1,1,job457_scenario0_901,941,0,0,,941,
1644418124,os4,1,0,,941,0,0,,941,
1644418124,in4,1,0,,941,0,0,,941,
1644418124,B33,1,0,,941,0,0,,941,
1644418124,in27,1,0,,942,0,0,,942,
1644418124,B14,1,0,,942,0,0,,942,
1644418124,B11,1,0,,942,0,0,,942,
1644418124,cn12,1,0,,942,0,0,,942,
1644418124,B54,1,0,,942,0,0,,942,
1644418124,B51,1,1,job457_scenario0_901,942,0,0,,942,
1644418124,os4,1,0,,942,0,0,,942,
1644418124,in4,1,0,,942,0,0,,942,
1644418124,B33,1,0,,942,0,0,,942,
1644418124,in27,1,0,,943,0,0,,943,
1644418125,B14,1,0,,943,0,0,,943,
1644418125,B11,1,0,,943,0,0,,943,
1644418125,cn12,1,0,,943,0,0,,943,
1644418125,B54,1,0,,943,0,0,,943,
1644418125,B51,1,1,job457_scenario0_901,943,0,0,,943,
1644418125,os4,1,0,,943,0,0,,943,
1644418125,in4,1,0,,943,0,0,,943,
1644418125,B33,1,0,,943,0,0,,943,
1644418125,in27,1,0,,944,0,0,,944,
1644418125,B14,1,0,,944,0,0,,944,
1644418125,B11,1,0,,944,0,0,,944,
1644418125,cn12,1,0,,944,0,0,,944,
1644418125,B54,1,0,,944,0,0,,944,
1644418125,B51,1,1,job457_scenario0_901,944,0,0,,944,
1644418125,os4,1,0,,944,0,0,,944,
1644418125,in4,1,0,,944,0,0,,944,
1644418125,B33,1,0,,944,0,0,,944,
1644418125,in27,1,0,,945,0,0,,945,
1644418125,B14,1,0,,945,0,0,,945,
1644418125,B11,1,0,,945,0,0,,945,
1644418125,cn12,1,0,,945,0,0,,945,
1644418125,B54,1,0,,945,0,0,,945,
1644418125,B51,1,1,job457_scenario0_901,945,0,0,,945,
1644418125,os4,1,0,,945,0,0,,945,
1644418125,in4,1,0,,945,0,0,,945,
1644418125,B33,1,0,,945,0,0,,945,
1644418125,in27,1,0,,946,0,0,,946,
1644418125,B14,1,0,,946,0,0,,946,
1644418125,B11,1,0,,946,0,0,,946,
1644418125,cn12,1,0,,946,0,0,,946,
1644418125,B54,1,0,,946,0,0,,946,
1644418125,B51,1,1,job457_scenario0_901,946,0,0,,946,
1644418125,os4,1,0,,946,0,0,,946,
1644418125,in4,1,0,,946,0,0,,946,
1644418125,B33,1,0,,946,0,0,,946,
1644418125,in27,1,0,,947,0,0,,947,
1644418125,B14,1,0,,947,0,0,,947,
1644418125,B11,1,0,,947,0,0,,947,
1644418125,cn12,1,0,,947,0,0,,947,
1644418125,B54,1,0,,947,0,0,,947,
1644418125,B51,1,1,job457_scenario0_901,947,0,0,,947,
1644418125,os4,1,0,,947,0,0,,947,
1644418125,in4,1,0,,947,0,0,,947,
1644418125,B33,1,0,,947,0,0,,947,
1644418126,in27,1,0,,948,0,0,,948,
1644418126,B14,1,0,,948,0,0,,948,
1644418126,B11,1,0,,948,0,0,,948,
1644418126,cn12,1,0,,948,0,0,,948,
1644418126,B54,1,1,job460_scenario1_908,948,0,0,,948,
1644418126,B51,1,1,job457_scenario0_901,948,0,0,,948,
1644418126,os4,1,0,,948,0,0,,948,
1644418126,in4,1,0,,948,0,0,,948,
1644418126,B33,1,0,,948,0,0,,948,
1644418126,in27,1,0,,949,0,0,,949,
1644418126,B14,1,0,,949,0,0,,949,
1644418126,B11,1,0,,949,0,0,,949,
1644418126,cn12,1,0,,949,0,0,,949,
1644418126,B54,1,1,job460_scenario1_908,949,0,0,,949,
1644418126,B51,1,1,job457_scenario0_901,949,0,0,,949,
1644418126,os4,1,0,,949,0,0,,949,
1644418126,in4,1,0,,949,0,0,,949,
1644418126,B33,1,0,,949,0,0,,949,
1644418126,in27,1,0,,950,0,0,,950,
1644418126,B14,1,0,,950,0,0,,950,
1644418126,B11,1,0,,950,0,0,,950,
1644418126,cn12,1,0,,950,0,0,,950,
1644418126,B54,1,1,job460_scenario1_908,950,0,0,,950,
1644418126,B51,1,1,job457_scenario0_901,950,0,0,,950,
1644418126,os4,1,0,,950,0,0,,950,
1644418126,in4,1,0,,950,0,0,,950,
1644418126,B33,1,0,,950,0,0,,950,
1644418126,in27,1,0,,951,0,0,,951,
1644418126,B14,1,0,,951,0,0,,951,
1644418126,B11,1,0,,951,0,0,,951,
1644418126,cn12,1,0,,951,0,0,,951,
1644418126,B54,1,1,job460_scenario1_908,951,0,0,,951,
1644418126,B51,1,1,job457_scenario0_901,951,0,0,,951,
1644418126,os4,1,0,,951,0,0,,951,
1644418126,in4,1,0,,951,0,0,,951,
1644418126,B33,1,0,,951,0,0,,951,
1644418126,in27,1,0,,952,0,0,,952,
1644418126,B14,1,0,,952,0,0,,952,
1644418126,B11,1,0,,952,0,0,,952,
1644418126,cn12,1,0,,952,0,0,,952,
1644418126,B54,1,1,job460_scenario1_908,952,0,0,,952,
1644418126,B51,1,1,job457_scenario0_901,952,0,0,,952,
1644418126,os4,1,0,,952,0,0,,952,
1644418126,in4,1,0,,952,0,0,,952,
1644418126,B33,1,0,,952,0,0,,952,
1644418127,in27,1,0,,953,0,0,,953,
1644418127,B14,1,0,,953,0,0,,953,
1644418127,B11,1,0,,953,0,0,,953,
1644418127,cn12,1,0,,953,0,0,,953,
1644418127,B54,1,1,job460_scenario1_908,953,0,0,,953,
1644418127,B51,1,0,,953,0,0,,953,
1644418127,os4,1,0,,953,0,0,,953,
1644418127,in4,1,0,,953,0,0,,953,
1644418127,B33,1,1,job484_scenario2_952,953,0,0,,953,
1644418127,in27,1,0,,954,0,0,,954,
1644418127,B14,1,0,,954,0,0,,954,
1644418127,B11,1,0,,954,0,0,,954,
1644418127,cn12,1,0,,954,0,0,,954,
1644418127,B54,1,1,job460_scenario1_908,954,0,0,,954,
1644418127,B51,1,1,job466_scenario0_916,954,0,0,,954,
1644418127,os4,1,0,,954,0,0,,954,
1644418127,in4,1,0,,954,0,0,,954,
1644418127,B33,1,1,job484_scenario2_952,954,0,0,,954,
1644418127,in27,1,0,,955,0,0,,955,
1644418127,B14,1,0,,955,0,0,,955,
1644418127,B11,1,0,,955,0,0,,955,
1644418127,cn12,1,0,,955,0,0,,955,
1644418127,B54,1,0,,955,0,0,,955,
1644418127,B51,1,1,job466_scenario0_916,955,0,0,,955,
1644418127,os4,1,0,,955,0,0,,955,
1644418127,in4,1,0,,955,0,0,,955,
1644418127,B33,1,1,job484_scenario2_952,955,0,0,,955,
1644418127,in27,1,0,,956,0,0,,956,
1644418127,B14,1,0,,956,0,0,,956,
1644418128,B11,1,0,,956,0,0,,956,
1644418128,cn12,1,0,,956,0,0,,956,
1644418128,B54,1,0,,956,0,0,,956,
1644418128,B51,1,1,job466_scenario0_916,956,0,0,,956,
1644418128,os4,1,0,,956,0,0,,956,
1644418128,in4,1,0,,956,0,0,,956,
1644418128,B33,1,1,job484_scenario2_952,956,0,0,,956,
1644418128,in27,1,0,,957,0,0,,957,
1644418128,B14,1,0,,957,0,0,,957,
1644418128,B11,1,0,,957,0,0,,957,
1644418128,cn12,1,0,,957,0,0,,957,
1644418128,B54,1,0,,957,0,0,,957,
1644418128,B51,1,1,job466_scenario0_916,957,0,0,,957,
1644418128,os4,1,0,,957,0,0,,957,
1644418128,in4,1,0,,957,0,0,,957,
1644418128,B33,1,0,,957,0,0,,957,
1644418128,in27,1,0,,958,0,0,,958,
1644418128,B14,1,0,,958,0,0,,958,
1644418128,B11,1,1,job486_scenario3_954,958,0,0,,958,
1644418128,cn12,1,0,,958,0,0,,958,
1644418128,B54,1,0,,958,0,0,,958,
1644418128,B51,1,1,job466_scenario0_916,958,0,0,,958,
1644418128,os4,1,0,,958,0,0,,958,
1644418128,in4,1,0,,958,0,0,,958,
1644418128,B33,1,0,,958,0,0,,958,
1644418128,in27,1,0,,959,0,0,,959,
1644418128,B14,1,0,,959,0,0,,959,
1644418128,B11,1,1,job486_scenario3_954,959,0,0,,959,
1644418128,cn12,1,0,,959,0,0,,959,
1644418128,B54,1,0,,959,0,0,,959,
1644418128,B51,1,1,job466_scenario0_916,959,0,0,,959,
1644418128,os4,1,0,,959,0,0,,959,
1644418128,in4,1,0,,959,0,0,,959,
1644418128,B33,1,0,,959,0,0,,959,
1644418128,in27,1,0,,960,0,0,,960,
1644418128,B14,1,0,,960,0,0,,960,
1644418128,B11,1,0,,960,0,0,,960,
1644418128,cn12,1,0,,960,0,0,,960,
1644418128,B54,1,0,,960,0,0,,960,
1644418128,B51,1,1,job466_scenario0_916,960,0,0,,960,
1644418128,os4,1,0,,960,0,0,,960,
1644418128,in4,1,0,,960,0,0,,960,
1644418128,B33,1,0,,960,0,0,,960,
1644418128,in27,1,0,,961,0,0,,961,
1644418128,B14,1,0,,961,0,0,,961,
1644418128,B11,1,0,,961,0,0,,961,
1644418128,cn12,1,0,,961,0,0,,961,
1644418129,B54,1,0,,961,0,0,,961,
1644418129,B51,1,1,job466_scenario0_916,961,0,0,,961,
1644418129,os4,1,0,,961,0,0,,961,
1644418129,in4,1,0,,961,0,0,,961,
1644418129,B33,1,0,,961,0,0,,961,
1644418129,in27,1,0,,962,0,0,,962,
1644418129,B14,1,0,,962,0,0,,962,
1644418129,B11,1,0,,962,0,0,,962,
1644418129,cn12,1,0,,962,0,0,,962,
1644418129,B54,1,0,,962,0,0,,962,
1644418129,B51,1,1,job466_scenario0_916,962,0,0,,962,
1644418129,os4,1,0,,962,0,0,,962,
1644418129,in4,1,0,,962,0,0,,962,
1644418129,B33,1,0,,962,0,0,,962,
1644418129,in27,1,0,,963,0,0,,963,
1644418129,B14,1,0,,963,0,0,,963,
1644418129,B11,1,0,,963,0,0,,963,
1644418129,cn12,1,0,,963,0,0,,963,
1644418129,B54,1,0,,963,0,0,,963,
1644418129,B51,1,1,job466_scenario0_916,963,0,0,,963,
1644418129,os4,1,0,,963,0,0,,963,
1644418129,in4,1,0,,963,0,0,,963,
1644418129,B33,1,0,,963,0,0,,963,
1644418129,in27,1,0,,964,0,0,,964,
1644418129,B14,1,0,,964,0,0,,964,
1644418129,B11,1,0,,964,0,0,,964,
1644418129,cn12,1,0,,964,0,0,,964,
1644418129,B54,1,0,,964,0,0,,964,
1644418129,B51,1,0,,964,0,0,,964,
1644418129,os4,1,0,,964,0,0,,964,
1644418129,in4,1,0,,964,0,0,,964,
1644418129,B33,1,0,,964,0,0,,964,
1644418129,in27,1,0,,965,0,0,,965,
1644418129,B14,1,0,,965,0,0,,965,
1644418129,B11,1,0,,965,0,0,,965,
1644418129,cn12,1,0,,965,0,0,,965,
1644418129,B54,1,0,,965,0,0,,965,
1644418129,B51,1,0,,965,0,0,,965,
1644418129,os4,1,0,,965,0,0,,965,
1644418129,in4,1,0,,965,0,0,,965,
1644418129,B33,1,0,,965,0,0,,965,
1644418129,in27,1,0,,966,0,0,,966,
1644418129,B14,1,0,,966,0,0,,966,
1644418129,B11,1,0,,966,0,0,,966,
1644418129,cn12,1,0,,966,0,0,,966,
1644418129,B54,1,0,,966,0,0,,966,
1644418129,B51,1,0,,966,0,0,,966,
1644418129,os4,1,0,,966,0,0,,966,
1644418129,in4,1,0,,966,0,0,,966,
1644418129,B33,1,0,,966,0,0,,966,
1644418129,in27,1,0,,967,0,0,,967,
1644418129,B14,1,0,,967,0,0,,967,
1644418129,B11,1,0,,967,0,0,,967,
1644418129,cn12,1,0,,967,0,0,,967,
1644418129,B54,1,0,,967,0,0,,967,
1644418129,B51,1,0,,967,0,0,,967,
1644418129,os4,1,0,,967,0,0,,967,
1644418129,in4,1,0,,967,0,0,,967,
1644418129,B33,1,0,,967,0,0,,967,
1644418129,in27,1,0,,968,0,0,,968,
1644418129,B14,1,0,,968,0,0,,968,
1644418129,B11,1,0,,968,0,0,,968,
1644418129,cn12,1,0,,968,0,0,,968,
1644418129,B54,1,0,,968,0,0,,968,
1644418129,B51,1,0,,968,0,0,,968,
1644418130,os4,1,0,,968,0,0,,968,
1644418130,in4,1,0,,968,0,0,,968,
1644418130,B33,1,0,,968,0,0,,968,
1644418130,in27,1,0,,969,0,0,,969,
1644418130,B14,1,0,,969,0,0,,969,
1644418130,B11,1,0,,969,0,0,,969,
1644418130,cn12,1,0,,969,0,0,,969,
1644418130,B54,1,0,,969,0,0,,969,
1644418130,B51,1,1,job473_scenario0_932,969,0,0,,969,
1644418130,os4,1,0,,969,0,0,,969,
1644418130,in4,1,0,,969,0,0,,969,
1644418130,B33,1,1,job491_scenario2_968,969,0,0,,969,
1644418130,in27,1,0,,970,0,0,,970,
1644418130,B14,1,0,,970,0,0,,970,
1644418130,B11,1,0,,970,0,0,,970,
1644418130,cn12,1,0,,970,0,0,,970,
1644418130,B54,1,0,,970,0,0,,970,
1644418130,B51,1,1,job473_scenario0_932,970,0,0,,970,
1644418130,os4,1,0,,970,0,0,,970,
1644418130,in4,1,0,,970,0,0,,970,
1644418130,B33,1,1,job491_scenario2_968,970,0,0,,970,
1644418130,in27,1,0,,971,0,0,,971,
1644418130,B14,1,0,,971,0,0,,971,
1644418130,B11,1,0,,971,0,0,,971,
1644418130,cn12,1,0,,971,0,0,,971,
1644418130,B54,1,0,,971,0,0,,971,
1644418130,B51,1,1,job473_scenario0_932,971,0,0,,971,
1644418130,os4,1,0,,971,0,0,,971,
1644418130,in4,1,0,,971,0,0,,971,
1644418130,B33,1,1,job491_scenario2_968,971,0,0,,971,
1644418130,in27,1,0,,972,0,0,,972,
1644418130,B14,1,0,,972,0,0,,972,
1644418130,B11,1,0,,972,0,0,,972,
1644418130,cn12,1,0,,972,0,0,,972,
1644418130,B54,1,0,,972,0,0,,972,
1644418130,B51,1,1,job473_scenario0_932,972,0,0,,972,
1644418130,os4,1,0,,972,0,0,,972,
1644418130,in4,1,0,,972,0,0,,972,
1644418130,B33,1,0,,972,0,0,,972,
1644418131,in27,1,0,,973,0,0,,973,
1644418131,B14,1,0,,973,0,0,,973,
1644418131,B11,1,1,job492_scenario3_969,973,0,0,,973,
1644418131,cn12,1,0,,973,0,0,,973,
1644418131,B54,1,0,,973,0,0,,973,
1644418131,B51,1,1,job473_scenario0_932,973,0,0,,973,
1644418131,os4,1,0,,973,0,0,,973,
1644418131,in4,1,0,,973,0,0,,973,
1644418131,B33,1,0,,973,0,0,,973,
1644418131,in27,1,0,,974,0,0,,974,
1644418131,B14,1,0,,974,0,0,,974,
1644418131,B11,1,0,,974,0,0,,974,
1644418131,cn12,1,0,,974,0,0,,974,
1644418131,B54,1,0,,974,0,0,,974,
1644418131,B51,1,1,job473_scenario0_932,974,0,0,,974,
1644418131,os4,1,0,,974,0,0,,974,
1644418131,in4,1,0,,974,0,0,,974,
1644418131,B33,1,0,,974,0,0,,974,
1644418131,in27,1,0,,975,0,0,,975,
1644418131,B14,1,0,,975,0,0,,975,
1644418131,B11,1,0,,975,0,0,,975,
1644418131,cn12,1,0,,975,0,0,,975,
1644418131,B54,1,0,,975,0,0,,975,
1644418131,B51,1,1,job473_scenario0_932,975,0,0,,975,
1644418131,os4,1,0,,975,0,0,,975,
1644418131,in4,1,0,,975,0,0,,975,
1644418131,B33,1,0,,975,0,0,,975,
1644418131,in27,1,0,,976,0,0,,976,
1644418131,B14,1,0,,976,0,0,,976,
1644418131,B11,1,0,,976,0,0,,976,
1644418131,cn12,1,0,,976,0,0,,976,
1644418131,B54,1,0,,976,0,0,,976,
1644418131,B51,1,1,job473_scenario0_932,976,0,0,,976,
1644418131,os4,1,0,,976,0,0,,976,
1644418131,in4,1,0,,976,0,0,,976,
1644418131,B33,1,0,,976,0,0,,976,
1644418131,in27,1,0,,977,0,0,,977,
1644418131,B14,1,0,,977,0,0,,977,
1644418131,B11,1,0,,977,0,0,,977,
1644418131,cn12,1,0,,977,0,0,,977,
1644418131,B54,1,0,,977,0,0,,977,
1644418131,B51,1,1,job473_scenario0_932,977,0,0,,977,
1644418131,os4,1,0,,977,0,0,,977,
1644418131,in4,1,0,,977,0,0,,977,
1644418131,B33,1,0,,977,0,0,,977,
1644418131,in27,1,0,,978,0,0,,978,
1644418131,B14,1,0,,978,0,0,,978,
1644418131,B11,1,0,,978,0,0,,978,
1644418131,cn12,1,0,,978,0,0,,978,
1644418131,B54,1,0,,978,0,0,,978,
1644418131,B51,1,1,job473_scenario0_932,978,0,0,,978,
1644418131,os4,1,0,,978,0,0,,978,
1644418131,in4,1,0,,978,0,0,,978,
1644418131,B33,1,0,,978,0,0,,978,
1644418131,in27,1,0,,979,0,0,,979,
1644418131,B14,1,0,,979,0,0,,979,
1644418131,B11,1,0,,979,0,0,,979,
1644418131,cn12,1,0,,979,0,0,,979,
1644418131,B54,1,0,,979,0,0,,979,
1644418131,B51,1,1,job473_scenario0_932,979,0,0,,979,
1644418131,os4,1,0,,979,0,0,,979,
1644418132,in4,1,0,,979,0,0,,979,
1644418132,B33,1,0,,979,0,0,,979,
1644418132,in27,1,0,,980,0,0,,980,
1644418132,B14,1,0,,980,0,0,,980,
1644418132,B11,1,0,,980,0,0,,980,
1644418132,cn12,1,0,,980,0,0,,980,
1644418132,B54,1,0,,980,0,0,,980,
1644418132,B51,1,0,,980,0,0,,980,
1644418132,os4,1,0,,980,0,0,,980,
1644418132,in4,1,0,,980,0,0,,980,
1644418132,B33,1,0,,980,0,0,,980,
1644418132,in27,1,0,,981,0,0,,981,
1644418132,B14,1,0,,981,0,0,,981,
1644418132,B11,1,0,,981,0,0,,981,
1644418132,cn12,1,0,,981,0,0,,981,
1644418132,B54,1,0,,981,0,0,,981,
1644418132,B51,1,0,,981,0,0,,981,
1644418132,os4,1,0,,981,0,0,,981,
1644418132,in4,1,0,,981,0,0,,981,
1644418132,B33,1,0,,981,0,0,,981,
1644418132,in27,1,0,,982,0,0,,982,
1644418132,B14,1,0,,982,0,0,,982,
1644418132,B11,1,0,,982,0,0,,982,
1644418132,cn12,1,0,,982,0,0,,982,
1644418132,B54,1,1,job478_scenario0_941,982,0,0,,982,
1644418132,B51,1,0,,982,0,0,,982,
1644418132,os4,1,0,,982,0,0,,982,
1644418132,in4,1,0,,982,0,0,,982,
1644418132,B33,1,0,,982,0,0,,982,
1644418133,in27,1,0,,983,0,0,,983,
1644418133,B14,1,0,,983,0,0,,983,
1644418133,B11,1,0,,983,0,0,,983,
1644418133,cn12,1,0,,983,0,0,,983,
1644418133,B54,1,1,job478_scenario0_941,983,0,0,,983,
1644418133,B51,1,1,job482_scenario0_949,983,0,0,,983,
1644418133,os4,1,0,,983,0,0,,983,
1644418133,in4,1,0,,983,0,0,,983,
1644418133,B33,1,0,,983,0,0,,983,
1644418133,in27,1,0,,984,0,0,,984,
1644418133,B14,1,0,,984,0,0,,984,
1644418133,B11,1,0,,984,0,0,,984,
1644418133,cn12,1,0,,984,0,0,,984,
1644418133,B54,1,1,job478_scenario0_941,984,0,0,,984,
1644418133,B51,1,1,job482_scenario0_949,984,0,0,,984,
1644418133,os4,1,1,job496_scenario4_980,984,0,0,,984,
1644418133,in4,1,0,,984,0,0,,984,
1644418133,B33,1,0,,984,0,0,,984,
1644418133,in27,1,0,,985,0,0,,985,
1644418133,B14,1,0,,985,0,0,,985,
1644418133,B11,1,0,,985,0,0,,985,
1644418133,cn12,1,0,,985,0,0,,985,
1644418133,B54,1,1,job478_scenario0_941,985,0,0,,985,
1644418133,B51,1,1,job482_scenario0_949,985,0,0,,985,
1644418133,os4,1,1,job496_scenario4_980,985,0,0,,985,
1644418133,in4,1,0,,985,0,0,,985,
1644418133,B33,1,0,,985,0,0,,985,
1644418133,in27,1,0,,986,0,0,,986,
1644418134,B14,1,0,,986,0,0,,986,
1644418134,B11,1,0,,986,0,0,,986,
1644418134,cn12,1,0,,986,0,0,,986,
1644418134,B54,1,1,job478_scenario0_941,986,0,0,,986,
1644418134,B51,1,1,job482_scenario0_949,986,0,0,,986,
1644418134,os4,1,1,job496_scenario4_980,986,0,0,,986,
1644418134,in4,1,0,,986,0,0,,986,
1644418134,B33,1,0,,986,0,0,,986,
1644418134,in27,1,0,,987,0,0,,987,
1644418134,B14,1,0,,987,0,0,,987,
1644418134,B11,1,0,,987,0,0,,987,
1644418134,cn12,1,0,,987,0,0,,987,
1644418134,B54,1,1,job478_scenario0_941,987,0,0,,987,
1644418134,B51,1,1,job482_scenario0_949,987,0,0,,987,
1644418134,os4,1,1,job496_scenario4_980,987,0,0,,987,
1644418134,in4,1,0,,987,0,0,,987,
1644418134,B33,1,0,,987,0,0,,987,
1644418134,in27,1,0,,988,0,0,,988,
1644418134,B14,1,0,,988,0,0,,988,
1644418134,B11,1,0,,988,0,0,,988,
1644418134,cn12,1,0,,988,0,0,,988,
1644418134,B54,1,1,job478_scenario0_941,988,0,0,,988,
1644418134,B51,1,1,job482_scenario0_949,988,0,0,,988,
1644418134,os4,1,1,job496_scenario4_980,988,0,0,,988,
1644418134,in4,1,0,,988,0,0,,988,
1644418134,B33,1,0,,988,0,0,,988,
1644418134,in27,1,0,,989,0,0,,989,
1644418134,B14,1,0,,989,0,0,,989,
1644418134,B11,1,1,job499_scenario3_985,989,0,0,,989,
1644418134,cn12,1,0,,989,0,0,,989,
1644418134,B54,1,1,job478_scenario0_941,989,0,0,,989,
1644418134,B51,1,1,job482_scenario0_949,989,0,0,,989,
1644418134,os4,1,1,job496_scenario4_980,989,0,0,,989,
1644418134,in4,1,0,,989,0,0,,989,
1644418134,B33,1,0,,989,0,0,,989,
1644418134,in27,1,0,,990,0,0,,990,
1644418134,B14,1,0,,990,0,0,,990,
1644418134,B11,1,1,job499_scenario3_985,990,0,0,,990,
1644418134,cn12,1,0,,990,0,0,,990,
1644418134,B54,1,1,job478_scenario0_941,990,0,0,,990,
1644418134,B51,1,1,job482_scenario0_949,990,0,0,,990,
1644418134,os4,1,0,,990,0,0,,990,
1644418134,in4,1,0,,990,0,0,,990,
1644418135,B33,1,0,,990,0,0,,990,
1644418135,in27,1,0,,991,0,0,,991,
1644418135,B14,1,0,,991,0,0,,991,
1644418135,B11,1,1,job499_scenario3_985,991,0,0,,991,
1644418135,cn12,1,0,,991,0,0,,991,
1644418135,B54,1,1,job478_scenario0_941,991,0,0,,991,
1644418135,B51,1,1,job482_scenario0_949,991,0,0,,991,
1644418135,os4,1,0,,991,0,0,,991,
1644418135,in4,1,0,,991,0,0,,991,
1644418135,B33,1,0,,991,0,0,,991,
1644418135,in27,1,0,,992,0,0,,992,
1644418135,B14,1,0,,992,0,0,,992,
1644418135,B11,1,1,job499_scenario3_985,992,0,0,,992,
1644418135,cn12,1,0,,992,0,0,,992,
1644418135,B54,1,1,job478_scenario0_941,992,0,0,,992,
1644418135,B51,1,1,job482_scenario0_949,992,0,0,,992,
1644418135,os4,1,0,,992,0,0,,992,
1644418135,in4,1,0,,992,0,0,,992,
1644418135,B33,1,0,,992,0,0,,992,
1644418135,in27,1,0,,993,0,0,,993,
1644418135,B14,1,0,,993,0,0,,993,
1644418135,B11,1,1,job499_scenario3_985,993,0,0,,993,
1644418135,cn12,1,0,,993,0,0,,993,
1644418135,B54,1,1,job478_scenario0_941,993,0,0,,993,
1644418135,B51,1,1,job482_scenario0_949,993,0,0,,993,
1644418135,os4,1,0,,993,0,0,,993,
1644418135,in4,1,0,,993,0,0,,993,
1644418135,B33,1,0,,993,0,0,,993,
1644418135,in27,1,0,,994,0,0,,994,
1644418135,B14,1,0,,994,0,0,,994,
1644418135,B11,1,1,job499_scenario3_985,994,0,0,,994,
1644418135,cn12,1,0,,994,0,0,,994,
1644418135,B54,1,0,,994,0,0,,994,
1644418135,B51,1,1,job482_scenario0_949,994,0,0,,994,
1644418135,os4,1,0,,994,0,0,,994,
1644418135,in4,1,0,,994,0,0,,994,
1644418135,B33,1,0,,994,0,0,,994,
1644418135,in27,1,0,,995,0,0,,995,
1644418135,B14,1,0,,995,0,0,,995,
1644418135,B11,1,0,,995,0,0,,995,
1644418135,cn12,1,0,,995,0,0,,995,
1644418135,B54,1,0,,995,0,0,,995,
1644418135,B51,1,0,,995,0,0,,995,
1644418135,os4,1,0,,995,0,0,,995,
1644418135,in4,1,0,,995,0,0,,995,
1644418135,B33,1,0,,995,0,0,,995,
1644418135,in27,1,0,,996,0,0,,996,
1644418135,B14,1,0,,996,0,0,,996,
1644418135,B11,1,0,,996,0,0,,996,
1644418135,cn12,1,0,,996,0,0,,996,
1644418135,B54,1,0,,996,0,0,,996,
1644418135,B51,1,0,,996,0,0,,996,
1644418135,os4,1,0,,996,0,0,,996,
1644418135,in4,1,0,,996,0,0,,996,
1644418135,B33,1,0,,996,0,0,,996,
1644418135,in27,1,0,,997,0,0,,997,
1644418135,B14,1,0,,997,0,0,,997,
1644418135,B11,1,0,,997,0,0,,997,
1644418135,cn12,1,0,,997,0,0,,997,
1644418135,B54,1,0,,997,0,0,,997,
1644418135,B51,1,0,,997,0,0,,997,
1644418135,os4,1,0,,997,0,0,,997,
1644418135,in4,1,0,,997,0,0,,997,
1644418135,B33,1,0,,997,0,0,,997,
1644418135,in27,1,0,,998,0,0,,998,
1644418135,B14,1,0,,998,0,0,,998,
1644418135,B11,1,0,,998,0,0,,998,
1644418135,cn12,1,0,,998,0,0,,998,
1644418135,B54,1,0,,998,0,0,,998,
1644418135,B51,1,0,,998,0,0,,998,
1644418135,os4,1,0,,998,0,0,,998,
1644418135,in4,1,0,,998,0,0,,998,
1644418135,B33,1,0,,998,0,0,,998,
1644418135,in27,1,0,,999,0,0,,999,
1644418135,B14,1,0,,999,0,0,,999,
1644418135,B11,1,0,,999,0,0,,999,
1644418135,cn12,1,0,,999,0,0,,999,
1644418135,B54,1,0,,999,0,0,,999,
1644418135,B51,1,0,,999,0,0,,999,
1644418135,os4,1,0,,999,0,0,,999,
1644418135,in4,1,0,,999,0,0,,999,
1644418135,B33,1,0,,999,0,0,,999,
1644418136,in27,1,0,,1000,0,0,,1000,
1644418136,B14,1,0,,1000,0,0,,1000,
1644418136,B11,1,0,,1000,0,0,,1000,
1644418136,cn12,1,0,,1000,0,0,,1000,
1644418136,B54,1,0,,1000,0,0,,1000,
1644418136,B51,1,1,job489_scenario0_960,1000,0,0,,1000,
1644418136,os4,1,0,,1000,0,0,,1000,
1644418136,in4,1,0,,1000,0,0,,1000,
1644418136,B33,1,0,,1000,0,0,,1000,
1644418136,in27,1,0,,1001,0,0,,1001,
1644418136,B14,1,0,,1001,0,0,,1001,
1644418136,B11,1,0,,1001,0,0,,1001,
1644418136,cn12,1,0,,1001,0,0,,1001,
1644418136,B54,1,0,,1001,0,0,,1001,
1644418136,B51,1,1,job489_scenario0_960,1001,0,0,,1001,
1644418136,os4,1,0,,1001,0,0,,1001,
1644418136,in4,1,0,,1001,0,0,,1001,
1644418136,B33,1,0,,1001,0,0,,1001,
1644418136,in27,1,0,,1002,0,0,,1002,
1644418136,B14,1,0,,1002,0,0,,1002,
1644418136,B11,1,0,,1002,0,0,,1002,
1644418136,cn12,1,0,,1002,0,0,,1002,
1644418136,B54,1,0,,1002,0,0,,1002,
1644418136,B51,1,1,job489_scenario0_960,1002,0,0,,1002,
1644418136,os4,1,0,,1002,0,0,,1002,
1644418136,in4,1,0,,1002,0,0,,1002,
1644418136,B33,1,0,,1002,0,0,,1002,
1644418136,in27,1,0,,1003,0,0,,1003,
1644418136,B14,1,0,,1003,0,0,,1003,
1644418136,B11,1,0,,1003,0,0,,1003,
1644418136,cn12,1,0,,1003,0,0,,1003,
1644418136,B54,1,0,,1003,0,0,,1003,
1644418136,B51,1,1,job489_scenario0_960,1003,0,0,,1003,
1644418136,os4,1,0,,1003,0,0,,1003,
1644418136,in4,1,0,,1003,0,0,,1003,
1644418136,B33,1,1,job503_scenario2_1002,1003,0,0,,1003,
1644418137,in27,1,0,,1004,0,0,,1004,
1644418137,B14,1,0,,1004,0,0,,1004,
1644418137,B11,1,0,,1004,0,0,,1004,
1644418137,cn12,1,0,,1004,0,0,,1004,
1644418137,B54,1,1,job501_scenario1_992,1004,0,0,,1004,
1644418137,B51,1,1,job489_scenario0_960,1004,0,0,,1004,
1644418137,os4,1,0,,1004,0,0,,1004,
1644418137,in4,1,0,,1004,0,0,,1004,
1644418137,B33,1,1,job503_scenario2_1002,1004,0,0,,1004,
1644418137,in27,1,0,,1005,0,0,,1005,
1644418137,B14,1,0,,1005,0,0,,1005,
1644418137,B11,1,0,,1005,0,0,,1005,
1644418137,cn12,1,0,,1005,0,0,,1005,
1644418137,B54,1,1,job501_scenario1_992,1005,0,0,,1005,
1644418137,B51,1,1,job489_scenario0_960,1005,0,0,,1005,
1644418137,os4,1,1,job502_scenario4_1001,1005,0,0,,1005,
1644418137,in4,1,0,,1005,0,0,,1005,
1644418137,B33,1,0,,1005,0,0,,1005,
1644418137,in27,1,0,,1006,0,0,,1006,
1644418137,B14,1,0,,1006,0,0,,1006,
1644418137,B11,1,0,,1006,0,0,,1006,
1644418137,cn12,1,0,,1006,0,0,,1006,
1644418137,B54,1,1,job501_scenario1_992,1006,0,0,,1006,
1644418137,B51,1,1,job489_scenario0_960,1006,0,0,,1006,
1644418137,os4,1,1,job502_scenario4_1001,1006,0,0,,1006,
1644418137,in4,1,0,,1006,0,0,,1006,
1644418137,B33,1,0,,1006,0,0,,1006,
1644418137,in27,1,0,,1007,0,0,,1007,
1644418137,B14,1,0,,1007,0,0,,1007,
1644418137,B11,1,0,,1007,0,0,,1007,
1644418137,cn12,1,0,,1007,0,0,,1007,
1644418137,B54,1,1,job501_scenario1_992,1007,0,0,,1007,
1644418137,B51,1,1,job489_scenario0_960,1007,0,0,,1007,
1644418137,os4,1,1,job502_scenario4_1001,1007,0,0,,1007,
1644418137,in4,1,0,,1007,0,0,,1007,
1644418137,B33,1,0,,1007,0,0,,1007,
1644418137,in27,1,0,,1008,0,0,,1008,
1644418137,B14,1,0,,1008,0,0,,1008,
1644418137,B11,1,0,,1008,0,0,,1008,
1644418137,cn12,1,0,,1008,0,0,,1008,
1644418137,B54,1,0,,1008,0,0,,1008,
1644418137,B51,1,1,job489_scenario0_960,1008,0,0,,1008,
1644418137,os4,1,1,job502_scenario4_1001,1008,0,0,,1008,
1644418137,in4,1,0,,1008,0,0,,1008,
1644418137,B33,1,0,,1008,0,0,,1008,
1644418137,in27,1,0,,1009,0,0,,1009,
1644418137,B14,1,0,,1009,0,0,,1009,
1644418137,B11,1,0,,1009,0,0,,1009,
1644418137,cn12,1,0,,1009,0,0,,1009,
1644418137,B54,1,0,,1009,0,0,,1009,
1644418137,B51,1,1,job489_scenario0_960,1009,0,0,,1009,
1644418137,os4,1,0,,1009,0,0,,1009,
1644418137,in4,1,0,,1009,0,0,,1009,
1644418137,B33,1,0,,1009,0,0,,1009,
1644418137,in27,1,0,,1010,0,0,,1010,
1644418137,B14,1,0,,1010,0,0,,1010,
1644418137,B11,1,0,,1010,0,0,,1010,
1644418137,cn12,1,0,,1010,0,0,,1010,
1644418137,B54,1,0,,1010,0,0,,1010,
1644418137,B51,1,1,job489_scenario0_960,1010,0,0,,1010,
1644418137,os4,1,0,,1010,0,0,,1010,
1644418137,in4,1,0,,1010,0,0,,1010,
1644418137,B33,1,0,,1010,0,0,,1010,
1644418138,in27,1,0,,1011,0,0,,1011,
1644418138,B14,1,0,,1011,0,0,,1011,
1644418138,B11,1,1,job505_scenario3_1007,1011,0,0,,1011,
1644418138,cn12,1,0,,1011,0,0,,1011,
1644418138,B54,1,1,job493_scenario1_970,1011,0,0,,1011,
1644418138,B51,1,0,,1011,0,0,,1011,
1644418138,os4,1,0,,1011,0,0,,1011,
1644418138,in4,1,0,,1011,0,0,,1011,
1644418138,B33,1,0,,1011,0,0,,1011,
1644418138,in27,1,0,,1012,0,0,,1012,
1644418138,B14,1,0,,1012,0,0,,1012,
1644418138,B11,1,1,job505_scenario3_1007,1012,0,0,,1012,
1644418138,cn12,1,0,,1012,0,0,,1012,
1644418138,B54,1,1,job493_scenario1_970,1012,0,0,,1012,
1644418138,B51,1,0,,1012,0,0,,1012,
1644418138,os4,1,0,,1012,0,0,,1012,
1644418138,in4,1,0,,1012,0,0,,1012,
1644418138,B33,1,0,,1012,0,0,,1012,
1644418138,in27,1,0,,1013,0,0,,1013,
1644418138,B14,1,0,,1013,0,0,,1013,
1644418138,B11,1,1,job505_scenario3_1007,1013,0,0,,1013,
1644418139,cn12,1,0,,1013,0,0,,1013,
1644418139,B54,1,1,job493_scenario1_970,1013,0,0,,1013,
1644418139,B51,1,0,,1013,0,0,,1013,
1644418139,os4,1,0,,1013,0,0,,1013,
1644418139,in4,1,0,,1013,0,0,,1013,
1644418139,B33,1,0,,1013,0,0,,1013,
1644418139,in27,1,0,,1014,0,0,,1014,
1644418139,B14,1,0,,1014,0,0,,1014,
1644418139,B11,1,0,,1014,0,0,,1014,
1644418139,cn12,1,0,,1014,0,0,,1014,
1644418139,B54,1,1,job493_scenario1_970,1014,0,0,,1014,
1644418139,B51,1,0,,1014,0,0,,1014,
1644418139,os4,1,0,,1014,0,0,,1014,
1644418139,in4,1,0,,1014,0,0,,1014,
1644418139,B33,1,0,,1014,0,0,,1014,
1644418139,in27,1,0,,1015,0,0,,1015,
1644418139,B14,1,0,,1015,0,0,,1015,
1644418139,B11,1,0,,1015,0,0,,1015,
1644418139,cn12,1,0,,1015,0,0,,1015,
1644418139,B54,1,0,,1015,0,0,,1015,
1644418139,B51,1,0,,1015,0,0,,1015,
1644418139,os4,1,0,,1015,0,0,,1015,
1644418139,in4,1,0,,1015,0,0,,1015,
1644418139,B33,1,0,,1015,0,0,,1015,
1644418139,in27,1,0,,1016,0,0,,1016,
1644418139,B14,1,0,,1016,0,0,,1016,
1644418139,B11,1,0,,1016,0,0,,1016,
1644418139,cn12,1,0,,1016,0,0,,1016,
1644418139,B54,1,1,job494_scenario1_977,1016,0,0,,1016,
1644418139,B51,1,0,,1016,0,0,,1016,
1644418139,os4,1,0,,1016,0,0,,1016,
1644418139,in4,1,0,,1016,0,0,,1016,
1644418139,B33,1,0,,1016,0,0,,1016,
1644418139,in27,1,0,,1017,0,0,,1017,
1644418139,B14,1,0,,1017,0,0,,1017,
1644418139,B11,1,0,,1017,0,0,,1017,
1644418139,cn12,1,0,,1017,0,0,,1017,
1644418139,B54,1,1,job494_scenario1_977,1017,0,0,,1017,
1644418139,B51,1,0,,1017,0,0,,1017,
1644418139,os4,1,0,,1017,0,0,,1017,
1644418139,in4,1,0,,1017,0,0,,1017,
1644418139,B33,1,0,,1017,0,0,,1017,
1644418139,in27,1,0,,1018,0,0,,1018,
1644418139,B14,1,0,,1018,0,0,,1018,
1644418139,B11,1,0,,1018,0,0,,1018,
1644418139,cn12,1,0,,1018,0,0,,1018,
1644418139,B54,1,1,job494_scenario1_977,1018,0,0,,1018,
1644418139,B51,1,0,,1018,0,0,,1018,
1644418139,os4,1,0,,1018,0,0,,1018,
1644418139,in4,1,0,,1018,0,0,,1018,
1644418139,B33,1,0,,1018,0,0,,1018,
1644418139,in27,1,0,,1019,0,0,,1019,
1644418139,B14,1,0,,1019,0,0,,1019,
1644418139,B11,1,0,,1019,0,0,,1019,
1644418139,cn12,1,0,,1019,0,0,,1019,
1644418139,B54,1,1,job494_scenario1_977,1019,0,0,,1019,
1644418139,B51,1,0,,1019,0,0,,1019,
1644418139,os4,1,0,,1019,0,0,,1019,
1644418139,in4,1,0,,1019,0,0,,1019,
1644418139,B33,1,0,,1019,0,0,,1019,
1644418139,in27,1,0,,1020,0,0,,1020,
1644418139,B14,1,0,,1020,0,0,,1020,
1644418139,B11,1,0,,1020,0,0,,1020,
1644418140,cn12,1,0,,1020,0,0,,1020,
1644418140,B54,1,1,job494_scenario1_977,1020,0,0,,1020,
1644418140,B51,1,0,,1020,0,0,,1020,
1644418140,os4,1,0,,1020,0,0,,1020,
1644418140,in4,1,0,,1020,0,0,,1020,
1644418140,B33,1,0,,1020,0,0,,1020,
1644418140,in27,1,0,,1021,0,0,,1021,
1644418140,B14,1,0,,1021,0,0,,1021,
1644418140,B11,1,0,,1021,0,0,,1021,
1644418140,cn12,1,0,,1021,0,0,,1021,
1644418140,B54,1,1,job494_scenario1_977,1021,0,0,,1021,
1644418140,B51,1,0,,1021,0,0,,1021,
1644418140,os4,1,0,,1021,0,0,,1021,
1644418140,in4,1,0,,1021,0,0,,1021,
1644418140,B33,1,0,,1021,0,0,,1021,
1644418140,in27,1,0,,1022,0,0,,1022,
1644418140,B14,1,0,,1022,0,0,,1022,
1644418140,B11,1,0,,1022,0,0,,1022,
1644418140,cn12,1,0,,1022,0,0,,1022,
1644418140,B54,1,0,,1022,0,0,,1022,
1644418140,B51,1,0,,1022,0,0,,1022,
1644418140,os4,1,0,,1022,0,0,,1022,
1644418140,in4,1,0,,1022,0,0,,1022,
1644418140,B33,1,0,,1022,0,0,,1022,
1644418140,in27,1,0,,1023,0,0,,1023,
1644418140,B14,1,0,,1023,0,0,,1023,
1644418140,B11,1,0,,1023,0,0,,1023,
1644418140,cn12,1,0,,1023,0,0,,1023,
1644418140,B54,1,0,,1023,0,0,,1023,
1644418140,B51,1,0,,1023,0,0,,1023,
1644418140,os4,1,0,,1023,0,0,,1023,
1644418140,in4,1,0,,1023,0,0,,1023,
1644418140,B33,1,0,,1023,0,0,,1023,
1644418140,in27,1,0,,1024,0,0,,1024,
1644418140,B14,1,0,,1024,0,0,,1024,
1644418140,B11,1,0,,1024,0,0,,1024,
1644418140,cn12,1,0,,1024,0,0,,1024,
1644418140,B54,1,0,,1024,0,0,,1024,
1644418140,B51,1,0,,1024,0,0,,1024,
1644418140,os4,1,0,,1024,0,0,,1024,
1644418140,in4,1,0,,1024,0,0,,1024,
1644418140,B33,1,0,,1024,0,0,,1024,
1644418140,in27,1,0,,1025,0,0,,1025,
1644418140,B14,1,0,,1025,0,0,,1025,
1644418140,B11,1,0,,1025,0,0,,1025,
1644418140,cn12,1,0,,1025,0,0,,1025,
1644418140,B54,1,0,,1025,0,0,,1025,
1644418140,B51,1,0,,1025,0,0,,1025,
1644418140,os4,1,0,,1025,0,0,,1025,
1644418140,in4,1,0,,1025,0,0,,1025,
1644418140,B33,1,0,,1025,0,0,,1025,
1644418140,in27,1,0,,1026,0,0,,1026,
1644418140,B14,1,0,,1026,0,0,,1026,
1644418140,B11,1,0,,1026,0,0,,1026,
1644418140,cn12,1,0,,1026,0,0,,1026,
1644418140,B54,1,0,,1026,0,0,,1026,
1644418140,B51,1,0,,1026,0,0,,1026,
1644418140,os4,1,0,,1026,0,0,,1026,
1644418140,in4,1,0,,1026,0,0,,1026,
1644418140,B33,1,0,,1026,0,0,,1026,
1644418140,in27,1,0,,1027,0,0,,1027,
1644418140,B14,1,0,,1027,0,0,,1027,
1644418140,B11,1,0,,1027,0,0,,1027,
1644418140,cn12,1,0,,1027,0,0,,1027,
1644418140,B54,1,0,,1027,0,0,,1027,
1644418140,B51,1,0,,1027,0,0,,1027,
1644418140,os4,1,0,,1027,0,0,,1027,
1644418140,in4,1,0,,1027,0,0,,1027,
1644418140,B33,1,1,job513_scenario2_1026,1027,0,0,,1027,
1644418140,in27,1,0,,1028,0,0,,1028,
1644418140,B14,1,0,,1028,0,0,,1028,
1644418140,B11,1,0,,1028,0,0,,1028,
1644418140,cn12,1,0,,1028,0,0,,1028,
1644418140,B54,1,0,,1028,0,0,,1028,
1644418140,B51,1,0,,1028,0,0,,1028,
1644418141,os4,1,0,,1028,0,0,,1028,
1644418141,in4,1,0,,1028,0,0,,1028,
1644418141,B33,1,1,job513_scenario2_1026,1028,0,0,,1028,
1644418141,in27,1,0,,1029,0,0,,1029,
1644418141,B14,1,0,,1029,0,0,,1029,
1644418141,B11,1,0,,1029,0,0,,1029,
1644418141,cn12,1,0,,1029,0,0,,1029,
1644418141,B54,1,0,,1029,0,0,,1029,
1644418141,B51,1,0,,1029,0,0,,1029,
1644418141,os4,1,1,job512_scenario4_1025,1029,0,0,,1029,
1644418141,in4,1,0,,1029,0,0,,1029,
1644418141,B33,1,1,job513_scenario2_1026,1029,0,0,,1029,
1644418141,in27,1,0,,1030,0,0,,1030,
1644418141,B14,1,0,,1030,0,0,,1030,
1644418141,B11,1,0,,1030,0,0,,1030,
1644418141,cn12,1,0,,1030,0,0,,1030,
1644418141,B54,1,0,,1030,0,0,,1030,
1644418141,B51,1,0,,1030,0,0,,1030,
1644418141,os4,1,1,job512_scenario4_1025,1030,0,0,,1030,
1644418141,in4,1,0,,1030,0,0,,1030,
1644418141,B33,1,0,,1030,0,0,,1030,
1644418141,in27,1,0,,1031,0,0,,1031,
1644418141,B14,1,0,,1031,0,0,,1031,
1644418141,B11,1,0,,1031,0,0,,1031,
1644418141,cn12,1,0,,1031,0,0,,1031,
1644418141,B54,1,0,,1031,0,0,,1031,
1644418141,B51,1,0,,1031,0,0,,1031,
1644418141,os4,1,1,job512_scenario4_1025,1031,0,0,,1031,
1644418141,in4,1,0,,1031,0,0,,1031,
1644418141,B33,1,0,,1031,0,0,,1031,
1644418141,in27,1,0,,1032,0,0,,1032,
1644418141,B14,1,0,,1032,0,0,,1032,
1644418141,B11,1,0,,1032,0,0,,1032,
1644418141,cn12,1,0,,1032,0,0,,1032,
1644418141,B54,1,0,,1032,0,0,,1032,
1644418141,B51,1,0,,1032,0,0,,1032,
1644418141,os4,1,1,job512_scenario4_1025,1032,0,0,,1032,
1644418141,in4,1,0,,1032,0,0,,1032,
1644418141,B33,1,0,,1032,0,0,,1032,
1644418141,in27,1,0,,1033,0,0,,1033,
1644418141,B14,1,0,,1033,0,0,,1033,
1644418141,B11,1,0,,1033,0,0,,1033,
1644418141,cn12,1,0,,1033,0,0,,1033,
1644418141,B54,1,0,,1033,0,0,,1033,
1644418141,B51,1,0,,1033,0,0,,1033,
1644418141,os4,1,1,job512_scenario4_1025,1033,0,0,,1033,
1644418141,in4,1,0,,1033,0,0,,1033,
1644418141,B33,1,0,,1033,0,0,,1033,
1644418141,in27,1,0,,1034,0,0,,1034,
1644418141,B14,1,0,,1034,0,0,,1034,
1644418141,B11,1,0,,1034,0,0,,1034,
1644418141,cn12,1,0,,1034,0,0,,1034,
1644418141,B54,1,0,,1034,0,0,,1034,
1644418141,B51,1,0,,1034,0,0,,1034,
1644418141,os4,1,1,job512_scenario4_1025,1034,0,0,,1034,
1644418141,in4,1,0,,1034,0,0,,1034,
1644418141,B33,1,0,,1034,0,0,,1034,
1644418141,in27,1,0,,1035,0,0,,1035,
1644418141,B14,1,0,,1035,0,0,,1035,
1644418141,B11,1,0,,1035,0,0,,1035,
1644418141,cn12,1,0,,1035,0,0,,1035,
1644418141,B54,1,0,,1035,0,0,,1035,
1644418141,B51,1,0,,1035,0,0,,1035,
1644418141,os4,1,0,,1035,0,0,,1035,
1644418141,in4,1,0,,1035,0,0,,1035,
1644418141,B33,1,0,,1035,0,0,,1035,
1644418141,in27,1,0,,1036,0,0,,1036,
1644418141,B14,1,0,,1036,0,0,,1036,
1644418141,B11,1,0,,1036,0,0,,1036,
1644418142,cn12,1,0,,1036,0,0,,1036,
1644418142,B54,1,0,,1036,0,0,,1036,
1644418142,B51,1,0,,1036,0,0,,1036,
1644418142,os4,1,0,,1036,0,0,,1036,
1644418142,in4,1,0,,1036,0,0,,1036,
1644418142,B33,1,0,,1036,0,0,,1036,
1644418142,in27,1,0,,1037,0,0,,1037,
1644418142,B14,1,0,,1037,0,0,,1037,
1644418142,B11,1,0,,1037,0,0,,1037,
1644418142,cn12,1,0,,1037,0,0,,1037,
1644418142,B54,1,0,,1037,0,0,,1037,
1644418142,B51,1,0,,1037,0,0,,1037,
1644418142,os4,1,0,,1037,0,0,,1037,
1644418142,in4,1,0,,1037,0,0,,1037,
1644418142,B33,1,0,,1037,0,0,,1037,
1644418142,in27,1,0,,1038,0,0,,1038,
1644418142,B14,1,0,,1038,0,0,,1038,
1644418142,B11,1,0,,1038,0,0,,1038,
1644418142,cn12,1,0,,1038,0,0,,1038,
1644418142,B54,1,0,,1038,0,0,,1038,
1644418142,B51,1,0,,1038,0,0,,1038,
1644418142,os4,1,0,,1038,0,0,,1038,
1644418142,in4,1,0,,1038,0,0,,1038,
1644418142,B33,1,0,,1038,0,0,,1038,
1644418142,in27,1,0,,1039,0,0,,1039,
1644418142,B14,1,0,,1039,0,0,,1039,
1644418142,B11,1,0,,1039,0,0,,1039,
1644418142,cn12,1,0,,1039,0,0,,1039,
1644418142,B54,1,0,,1039,0,0,,1039,
1644418142,B51,1,0,,1039,0,0,,1039,
1644418142,os4,1,0,,1039,0,0,,1039,
1644418142,in4,1,0,,1039,0,0,,1039,
1644418142,B33,1,0,,1039,0,0,,1039,
1644418142,in27,1,0,,1040,0,0,,1040,
1644418142,B14,1,0,,1040,0,0,,1040,
1644418142,B11,1,0,,1040,0,0,,1040,
1644418142,cn12,1,0,,1040,0,0,,1040,
1644418142,B54,1,0,,1040,0,0,,1040,
1644418142,B51,1,0,,1040,0,0,,1040,
1644418142,os4,1,0,,1040,0,0,,1040,
1644418142,in4,1,0,,1040,0,0,,1040,
1644418142,B33,1,0,,1040,0,0,,1040,
1644418142,in27,1,0,,1041,0,0,,1041,
1644418142,B14,1,0,,1041,0,0,,1041,
1644418142,B11,1,0,,1041,0,0,,1041,
1644418142,cn12,1,0,,1041,0,0,,1041,
1644418142,B54,1,0,,1041,0,0,,1041,
1644418142,B51,1,0,,1041,0,0,,1041,
1644418142,os4,1,0,,1041,0,0,,1041,
1644418142,in4,1,0,,1041,0,0,,1041,
1644418142,B33,1,0,,1041,0,0,,1041,
1644418142,in27,1,0,,1042,0,0,,1042,
1644418142,B14,1,0,,1042,0,0,,1042,
1644418142,B11,1,0,,1042,0,0,,1042,
1644418142,cn12,1,0,,1042,0,0,,1042,
1644418142,B54,1,0,,1042,0,0,,1042,
1644418142,B51,1,0,,1042,0,0,,1042,
1644418142,os4,1,0,,1042,0,0,,1042,
1644418142,in4,1,0,,1042,0,0,,1042,
1644418142,B33,1,0,,1042,0,0,,1042,
1644418142,in27,1,0,,1043,0,0,,1043,
1644418142,B14,1,0,,1043,0,0,,1043,
1644418142,B11,1,0,,1043,0,0,,1043,
1644418142,cn12,1,0,,1043,0,0,,1043,
1644418142,B54,1,0,,1043,0,0,,1043,
1644418142,B51,1,0,,1043,0,0,,1043,
1644418142,os4,1,0,,1043,0,0,,1043,
1644418142,in4,1,0,,1043,0,0,,1043,
1644418142,B33,1,0,,1043,0,0,,1043,
1644418142,in27,1,0,,1044,0,0,,1044,
1644418142,B14,1,0,,1044,0,0,,1044,
1644418142,B11,1,0,,1044,0,0,,1044,
1644418142,cn12,1,0,,1044,0,0,,1044,
1644418142,B54,1,0,,1044,0,0,,1044,
1644418142,B51,1,0,,1044,0,0,,1044,
1644418142,os4,1,0,,1044,0,0,,1044,
1644418142,in4,1,0,,1044,0,0,,1044,
1644418142,B33,1,0,,1044,0,0,,1044,
1644418142,in27,1,0,,1045,0,0,,1045,
1644418142,B14,1,0,,1045,0,0,,1045,
1644418142,B11,1,0,,1045,0,0,,1045,
1644418142,cn12,1,0,,1045,0,0,,1045,
1644418142,B54,1,0,,1045,0,0,,1045,
1644418142,B51,1,0,,1045,0,0,,1045,
1644418142,os4,1,0,,1045,0,0,,1045,
1644418142,in4,1,0,,1045,0,0,,1045,
1644418142,B33,1,0,,1045,0,0,,1045,
1644418142,in27,1,0,,1046,0,0,,1046,
1644418142,B14,1,0,,1046,0,0,,1046,
1644418142,B11,1,0,,1046,0,0,,1046,
1644418142,cn12,1,0,,1046,0,0,,1046,
1644418142,B54,1,0,,1046,0,0,,1046,
1644418142,B51,1,0,,1046,0,0,,1046,
1644418143,os4,1,0,,1046,0,0,,1046,
1644418143,in4,1,0,,1046,0,0,,1046,
1644418143,B33,1,0,,1046,0,0,,1046,
1644418143,in27,1,0,,1047,0,0,,1047,
1644418143,B14,1,0,,1047,0,0,,1047,
1644418143,B11,1,0,,1047,0,0,,1047,
1644418143,cn12,1,0,,1047,0,0,,1047,
1644418143,B54,1,0,,1047,0,0,,1047,
1644418143,B51,1,0,,1047,0,0,,1047,
1644418143,os4,1,0,,1047,0,0,,1047,
1644418143,in4,1,0,,1047,0,0,,1047,
1644418143,B33,1,0,,1047,0,0,,1047,
1644418143,in27,1,0,,1048,0,0,,1048,
1644418143,B14,1,0,,1048,0,0,,1048,
1644418143,B11,1,0,,1048,0,0,,1048,
1644418143,cn12,1,0,,1048,0,0,,1048,
1644418143,B54,1,0,,1048,0,0,,1048,
1644418143,B51,1,0,,1048,0,0,,1048,
1644418143,os4,1,0,,1048,0,0,,1048,
1644418143,in4,1,0,,1048,0,0,,1048,
1644418143,B33,1,0,,1048,0,0,,1048,
1644418143,in27,1,0,,1049,0,0,,1049,
1644418143,B14,1,0,,1049,0,0,,1049,
1644418143,B11,1,0,,1049,0,0,,1049,
1644418143,cn12,1,0,,1049,0,0,,1049,
1644418143,B54,1,0,,1049,0,0,,1049,
1644418143,B51,1,1,job506_scenario0_1009,1049,0,0,,1049,
1644418143,os4,1,0,,1049,0,0,,1049,
1644418143,in4,1,0,,1049,0,0,,1049,
1644418143,B33,1,0,,1049,0,0,,1049,
1644418143,in27,1,0,,1050,0,0,,1050,
1644418143,B14,1,0,,1050,0,0,,1050,
1644418143,B11,1,0,,1050,0,0,,1050,
1644418144,cn12,1,0,,1050,0,0,,1050,
1644418144,B54,1,0,,1050,0,0,,1050,
1644418144,B51,1,1,job506_scenario0_1009,1050,0,0,,1050,
1644418144,os4,1,0,,1050,0,0,,1050,
1644418144,in4,1,0,,1050,0,0,,1050,
1644418144,B33,1,0,,1050,0,0,,1050,
1644418144,in27,1,0,,1051,0,0,,1051,
1644418144,B14,1,0,,1051,0,0,,1051,
1644418144,B11,1,0,,1051,0,0,,1051,
1644418144,cn12,1,0,,1051,0,0,,1051,
1644418144,B54,1,0,,1051,0,0,,1051,
1644418144,B51,1,1,job506_scenario0_1009,1051,0,0,,1051,
1644418144,os4,1,0,,1051,0,0,,1051,
1644418144,in4,1,0,,1051,0,0,,1051,
1644418144,B33,1,0,,1051,0,0,,1051,
1644418144,in27,1,0,,1052,0,0,,1052,
1644418144,B14,1,0,,1052,0,0,,1052,
1644418144,B11,1,0,,1052,0,0,,1052,
1644418144,cn12,1,0,,1052,0,0,,1052,
1644418144,B54,1,0,,1052,0,0,,1052,
1644418144,B51,1,1,job506_scenario0_1009,1052,0,0,,1052,
1644418144,os4,1,0,,1052,0,0,,1052,
1644418144,in4,1,0,,1052,0,0,,1052,
1644418144,B33,1,0,,1052,0,0,,1052,
1644418144,in27,1,0,,1053,0,0,,1053,
1644418144,B14,1,0,,1053,0,0,,1053,
1644418144,B11,1,0,,1053,0,0,,1053,
1644418144,cn12,1,0,,1053,0,0,,1053,
1644418144,B54,1,0,,1053,0,0,,1053,
1644418144,B51,1,1,job506_scenario0_1009,1053,0,0,,1053,
1644418144,os4,1,0,,1053,0,0,,1053,
1644418144,in4,1,0,,1053,0,0,,1053,
1644418144,B33,1,0,,1053,0,0,,1053,
1644418144,in27,1,0,,1054,0,0,,1054,
1644418144,B14,1,0,,1054,0,0,,1054,
1644418144,B11,1,0,,1054,0,0,,1054,
1644418144,cn12,1,0,,1054,0,0,,1054,
1644418144,B54,1,0,,1054,0,0,,1054,
1644418144,B51,1,1,job506_scenario0_1009,1054,0,0,,1054,
1644418144,os4,1,0,,1054,0,0,,1054,
1644418144,in4,1,0,,1054,0,0,,1054,
1644418144,B33,1,0,,1054,0,0,,1054,
1644418144,in27,1,0,,1055,0,0,,1055,
1644418144,B14,1,0,,1055,0,0,,1055,
1644418144,B11,1,0,,1055,0,0,,1055,
1644418144,cn12,1,0,,1055,0,0,,1055,
1644418144,B54,1,0,,1055,0,0,,1055,
1644418144,B51,1,1,job506_scenario0_1009,1055,0,0,,1055,
1644418144,os4,1,0,,1055,0,0,,1055,
1644418144,in4,1,0,,1055,0,0,,1055,
1644418144,B33,1,0,,1055,0,0,,1055,
1644418144,in27,1,0,,1056,0,0,,1056,
1644418144,B14,1,0,,1056,0,0,,1056,
1644418145,B11,1,0,,1056,0,0,,1056,
1644418145,cn12,1,0,,1056,0,0,,1056,
1644418145,B54,1,0,,1056,0,0,,1056,
1644418145,B51,1,1,job506_scenario0_1009,1056,0,0,,1056,
1644418145,os4,1,0,,1056,0,0,,1056,
1644418145,in4,1,0,,1056,0,0,,1056,
1644418145,B33,1,0,,1056,0,0,,1056,
1644418145,in27,1,0,,1057,0,0,,1057,
1644418145,B14,1,0,,1057,0,0,,1057,
1644418145,B11,1,0,,1057,0,0,,1057,
1644418145,cn12,1,0,,1057,0,0,,1057,
1644418145,B54,1,0,,1057,0,0,,1057,
1644418145,B51,1,1,job506_scenario0_1009,1057,0,0,,1057,
1644418145,os4,1,0,,1057,0,0,,1057,
1644418145,in4,1,0,,1057,0,0,,1057,
1644418145,B33,1,0,,1057,0,0,,1057,
1644418145,in27,1,0,,1058,0,0,,1058,
1644418145,B14,1,0,,1058,0,0,,1058,
1644418145,B11,1,0,,1058,0,0,,1058,
1644418145,cn12,1,0,,1058,0,0,,1058,
1644418145,B54,1,0,,1058,0,0,,1058,
1644418145,B51,1,1,job506_scenario0_1009,1058,0,0,,1058,
1644418145,os4,1,0,,1058,0,0,,1058,
1644418145,in4,1,0,,1058,0,0,,1058,
1644418145,B33,1,0,,1058,0,0,,1058,
1644418145,in27,1,0,,1059,0,0,,1059,
1644418145,B14,1,0,,1059,0,0,,1059,
1644418145,B11,1,0,,1059,0,0,,1059,
1644418145,cn12,1,0,,1059,0,0,,1059,
1644418145,B54,1,0,,1059,0,0,,1059,
1644418145,B51,1,0,,1059,0,0,,1059,
1644418145,os4,1,0,,1059,0,0,,1059,
1644418145,in4,1,0,,1059,0,0,,1059,
1644418145,B33,1,0,,1059,0,0,,1059,
1644418145,in27,1,0,,1060,0,0,,1060,
1644418145,B14,1,0,,1060,0,0,,1060,
1644418145,B11,1,0,,1060,0,0,,1060,
1644418145,cn12,1,0,,1060,0,0,,1060,
1644418145,B54,1,0,,1060,0,0,,1060,
1644418145,B51,1,0,,1060,0,0,,1060,
1644418145,os4,1,0,,1060,0,0,,1060,
1644418145,in4,1,0,,1060,0,0,,1060,
1644418145,B33,1,0,,1060,0,0,,1060,
1644418145,in27,1,0,,1061,0,0,,1061,
1644418145,B14,1,0,,1061,0,0,,1061,
1644418145,B11,1,1,job527_scenario3_1057,1061,0,0,,1061,
1644418145,cn12,1,0,,1061,0,0,,1061,
1644418145,B54,1,0,,1061,0,0,,1061,
1644418145,B51,1,0,,1061,0,0,,1061,
1644418145,os4,1,0,,1061,0,0,,1061,
1644418145,in4,1,0,,1061,0,0,,1061,
1644418145,B33,1,0,,1061,0,0,,1061,
1644418145,in27,1,0,,1062,0,0,,1062,
1644418145,B14,1,0,,1062,0,0,,1062,
1644418145,B11,1,1,job527_scenario3_1057,1062,0,0,,1062,
1644418145,cn12,1,0,,1062,0,0,,1062,
1644418145,B54,1,1,job520_scenario1_1042,1062,0,0,,1062,
1644418146,B51,1,0,,1062,0,0,,1062,
1644418146,os4,1,0,,1062,0,0,,1062,
1644418146,in4,1,0,,1062,0,0,,1062,
1644418146,B33,1,0,,1062,0,0,,1062,
1644418146,in27,1,0,,1063,0,0,,1063,
1644418146,B14,1,0,,1063,0,0,,1063,
1644418146,B11,1,1,job527_scenario3_1057,1063,0,0,,1063,
1644418146,cn12,1,0,,1063,0,0,,1063,
1644418146,B54,1,1,job520_scenario1_1042,1063,0,0,,1063,
1644418146,B51,1,0,,1063,0,0,,1063,
1644418146,os4,1,0,,1063,0,0,,1063,
1644418146,in4,1,0,,1063,0,0,,1063,
1644418146,B33,1,0,,1063,0,0,,1063,
1644418146,in27,1,0,,1064,0,0,,1064,
1644418146,B14,1,0,,1064,0,0,,1064,
1644418146,B11,1,1,job527_scenario3_1057,1064,0,0,,1064,
1644418146,cn12,1,0,,1064,0,0,,1064,
1644418146,B54,1,1,job520_scenario1_1042,1064,0,0,,1064,
1644418146,B51,1,1,job511_scenario0_1023,1064,0,0,,1064,
1644418146,os4,1,0,,1064,0,0,,1064,
1644418146,in4,1,0,,1064,0,0,,1064,
1644418146,B33,1,1,job531_scenario2_1063,1064,0,0,,1064,
1644418146,in27,1,0,,1065,0,0,,1065,
1644418146,B14,1,0,,1065,0,0,,1065,
1644418146,B11,1,0,,1065,0,0,,1065,
1644418146,cn12,1,0,,1065,0,0,,1065,
1644418147,B54,1,1,job520_scenario1_1042,1065,0,0,,1065,
1644418147,B51,1,1,job511_scenario0_1023,1065,0,0,,1065,
1644418147,os4,1,0,,1065,0,0,,1065,
1644418147,in4,1,0,,1065,0,0,,1065,
1644418147,B33,1,0,,1065,0,0,,1065,
1644418147,in27,1,0,,1066,0,0,,1066,
1644418147,B14,1,0,,1066,0,0,,1066,
1644418147,B11,1,0,,1066,0,0,,1066,
1644418147,cn12,1,0,,1066,0,0,,1066,
1644418147,B54,1,1,job520_scenario1_1042,1066,0,0,,1066,
1644418147,B51,1,1,job511_scenario0_1023,1066,0,0,,1066,
1644418147,os4,1,0,,1066,0,0,,1066,
1644418147,in4,1,0,,1066,0,0,,1066,
1644418147,B33,1,0,,1066,0,0,,1066,
1644418147,in27,1,0,,1067,0,0,,1067,
1644418147,B14,1,0,,1067,0,0,,1067,
1644418147,B11,1,0,,1067,0,0,,1067,
1644418147,cn12,1,0,,1067,0,0,,1067,
1644418147,B54,1,1,job520_scenario1_1042,1067,0,0,,1067,
1644418147,B51,1,1,job511_scenario0_1023,1067,0,0,,1067,
1644418147,os4,1,0,,1067,0,0,,1067,
1644418147,in4,1,0,,1067,0,0,,1067,
1644418147,B33,1,0,,1067,0,0,,1067,
1644418147,in27,1,0,,1068,0,0,,1068,
1644418147,B14,1,0,,1068,0,0,,1068,
1644418147,B11,1,0,,1068,0,0,,1068,
1644418147,cn12,1,0,,1068,0,0,,1068,
1644418147,B54,1,1,job520_scenario1_1042,1068,0,0,,1068,
1644418147,B51,1,1,job511_scenario0_1023,1068,0,0,,1068,
1644418147,os4,1,0,,1068,0,0,,1068,
1644418147,in4,1,0,,1068,0,0,,1068,
1644418147,B33,1,0,,1068,0,0,,1068,
1644418147,in27,1,0,,1069,0,0,,1069,
1644418147,B14,1,0,,1069,0,0,,1069,
1644418147,B11,1,0,,1069,0,0,,1069,
1644418147,cn12,1,0,,1069,0,0,,1069,
1644418147,B54,1,0,,1069,0,0,,1069,
1644418147,B51,1,1,job511_scenario0_1023,1069,0,0,,1069,
1644418147,os4,1,0,,1069,0,0,,1069,
1644418147,in4,1,0,,1069,0,0,,1069,
1644418147,B33,1,0,,1069,0,0,,1069,
1644418147,in27,1,0,,1070,0,0,,1070,
1644418147,B14,1,0,,1070,0,0,,1070,
1644418147,B11,1,0,,1070,0,0,,1070,
1644418147,cn12,1,0,,1070,0,0,,1070,
1644418147,B54,1,0,,1070,0,0,,1070,
1644418147,B51,1,1,job511_scenario0_1023,1070,0,0,,1070,
1644418147,os4,1,0,,1070,0,0,,1070,
1644418147,in4,1,0,,1070,0,0,,1070,
1644418147,B33,1,0,,1070,0,0,,1070,
1644418148,in27,1,0,,1071,0,0,,1071,
1644418148,B14,1,0,,1071,0,0,,1071,
1644418148,B11,1,0,,1071,0,0,,1071,
1644418148,cn12,1,0,,1071,0,0,,1071,
1644418148,B54,1,1,job517_scenario0_1033,1071,0,0,,1071,
1644418148,B51,1,1,job511_scenario0_1023,1071,0,0,,1071,
1644418148,os4,1,0,,1071,0,0,,1071,
1644418148,in4,1,0,,1071,0,0,,1071,
1644418148,B33,1,0,,1071,0,0,,1071,
1644418148,in27,1,0,,1072,0,0,,1072,
1644418148,B14,1,0,,1072,0,0,,1072,
1644418148,B11,1,0,,1072,0,0,,1072,
1644418148,cn12,1,0,,1072,0,0,,1072,
1644418148,B54,1,1,job517_scenario0_1033,1072,0,0,,1072,
1644418148,B51,1,1,job511_scenario0_1023,1072,0,0,,1072,
1644418148,os4,1,0,,1072,0,0,,1072,
1644418148,in4,1,0,,1072,0,0,,1072,
1644418148,B33,1,0,,1072,0,0,,1072,
1644418148,in27,1,0,,1073,0,0,,1073,
1644418148,B14,1,0,,1073,0,0,,1073,
1644418148,B11,1,0,,1073,0,0,,1073,
1644418148,cn12,1,0,,1073,0,0,,1073,
1644418148,B54,1,1,job517_scenario0_1033,1073,0,0,,1073,
1644418148,B51,1,0,,1073,0,0,,1073,
1644418148,os4,1,0,,1073,0,0,,1073,
1644418148,in4,1,0,,1073,0,0,,1073,
1644418148,B33,1,0,,1073,0,0,,1073,
1644418149,in27,1,0,,1074,0,0,,1074,
1644418149,B14,1,0,,1074,0,0,,1074,
1644418149,B11,1,0,,1074,0,0,,1074,
1644418149,cn12,1,0,,1074,0,0,,1074,
1644418149,B54,1,1,job517_scenario0_1033,1074,0,0,,1074,
1644418149,B51,1,1,job518_scenario0_1034,1074,0,0,,1074,
1644418149,os4,1,0,,1074,0,0,,1074,
1644418149,in4,1,0,,1074,0,0,,1074,
1644418149,B33,1,0,,1074,0,0,,1074,
1644418149,in27,1,0,,1075,0,0,,1075,
1644418149,B14,1,0,,1075,0,0,,1075,
1644418149,B11,1,0,,1075,0,0,,1075,
1644418149,cn12,1,0,,1075,0,0,,1075,
1644418149,B54,1,1,job517_scenario0_1033,1075,0,0,,1075,
1644418149,B51,1,1,job518_scenario0_1034,1075,0,0,,1075,
1644418149,os4,1,0,,1075,0,0,,1075,
1644418149,in4,1,0,,1075,0,0,,1075,
1644418149,B33,1,0,,1075,0,0,,1075,
1644418149,in27,1,0,,1076,0,0,,1076,
1644418149,B14,1,0,,1076,0,0,,1076,
1644418149,B11,1,0,,1076,0,0,,1076,
1644418149,cn12,1,0,,1076,0,0,,1076,
1644418149,B54,1,1,job517_scenario0_1033,1076,0,0,,1076,
1644418149,B51,1,1,job518_scenario0_1034,1076,0,0,,1076,
1644418149,os4,1,0,,1076,0,0,,1076,
1644418149,in4,1,0,,1076,0,0,,1076,
1644418149,B33,1,1,job533_scenario2_1075,1076,0,0,,1076,
1644418149,in27,1,0,,1077,0,0,,1077,
1644418149,B14,1,0,,1077,0,0,,1077,
1644418149,B11,1,0,,1077,0,0,,1077,
1644418149,cn12,1,0,,1077,0,0,,1077,
1644418149,B54,1,1,job517_scenario0_1033,1077,0,0,,1077,
1644418149,B51,1,1,job518_scenario0_1034,1077,0,0,,1077,
1644418149,os4,1,0,,1077,0,0,,1077,
1644418149,in4,1,0,,1077,0,0,,1077,
1644418149,B33,1,1,job533_scenario2_1075,1077,0,0,,1077,
1644418149,in27,1,0,,1078,0,0,,1078,
1644418149,B14,1,0,,1078,0,0,,1078,
1644418149,B11,1,0,,1078,0,0,,1078,
1644418149,cn12,1,0,,1078,0,0,,1078,
1644418149,B54,1,1,job517_scenario0_1033,1078,0,0,,1078,
1644418149,B51,1,1,job518_scenario0_1034,1078,0,0,,1078,
1644418149,os4,1,0,,1078,0,0,,1078,
1644418149,in4,1,0,,1078,0,0,,1078,
1644418149,B33,1,1,job533_scenario2_1075,1078,0,0,,1078,
1644418149,in27,1,0,,1079,0,0,,1079,
1644418149,B14,1,0,,1079,0,0,,1079,
1644418149,B11,1,0,,1079,0,0,,1079,
1644418149,cn12,1,0,,1079,0,0,,1079,
1644418149,B54,1,1,job517_scenario0_1033,1079,0,0,,1079,
1644418149,B51,1,1,job518_scenario0_1034,1079,0,0,,1079,
1644418149,os4,1,0,,1079,0,0,,1079,
1644418149,in4,1,0,,1079,0,0,,1079,
1644418149,B33,1,0,,1079,0,0,,1079,
1644418150,in27,1,0,,1080,0,0,,1080,
1644418150,B14,1,0,,1080,0,0,,1080,
1644418150,B11,1,0,,1080,0,0,,1080,
1644418150,cn12,1,0,,1080,0,0,,1080,
1644418150,B54,1,1,job517_scenario0_1033,1080,0,0,,1080,
1644418150,B51,1,1,job518_scenario0_1034,1080,0,0,,1080,
1644418150,os4,1,0,,1080,0,0,,1080,
1644418150,in4,1,0,,1080,0,0,,1080,
1644418150,B33,1,1,job534_scenario2_1079,1080,0,0,,1080,
1644418150,in27,1,0,,1081,0,0,,1081,
1644418150,B14,1,0,,1081,0,0,,1081,
1644418150,B11,1,0,,1081,0,0,,1081,
1644418150,cn12,1,0,,1081,0,0,,1081,
1644418150,B54,1,1,job517_scenario0_1033,1081,0,0,,1081,
1644418150,B51,1,1,job518_scenario0_1034,1081,0,0,,1081,
1644418150,os4,1,0,,1081,0,0,,1081,
1644418150,in4,1,0,,1081,0,0,,1081,
1644418150,B33,1,1,job534_scenario2_1079,1081,0,0,,1081,
1644418150,in27,1,0,,1082,0,0,,1082,
1644418150,B14,1,0,,1082,0,0,,1082,
1644418150,B11,1,0,,1082,0,0,,1082,
1644418150,cn12,1,0,,1082,0,0,,1082,
1644418150,B54,1,1,job517_scenario0_1033,1082,0,0,,1082,
1644418150,B51,1,1,job518_scenario0_1034,1082,0,0,,1082,
1644418150,os4,1,0,,1082,0,0,,1082,
1644418150,in4,1,0,,1082,0,0,,1082,
1644418150,B33,1,1,job534_scenario2_1079,1082,0,0,,1082,
1644418150,in27,1,0,,1083,0,0,,1083,
1644418150,B14,1,0,,1083,0,0,,1083,
1644418150,B11,1,0,,1083,0,0,,1083,
1644418150,cn12,1,0,,1083,0,0,,1083,
1644418150,B54,1,1,job517_scenario0_1033,1083,0,0,,1083,
1644418150,B51,1,0,,1083,0,0,,1083,
1644418150,os4,1,0,,1083,0,0,,1083,
1644418150,in4,1,0,,1083,0,0,,1083,
1644418150,B33,1,1,job534_scenario2_1079,1083,0,0,,1083,
1644418150,in27,1,0,,1084,0,0,,1084,
1644418150,B14,1,0,,1084,0,0,,1084,
1644418150,B11,1,0,,1084,0,0,,1084,
1644418150,cn12,1,0,,1084,0,0,,1084,
1644418150,B54,1,0,,1084,0,0,,1084,
1644418150,B51,1,0,,1084,0,0,,1084,
1644418150,os4,1,0,,1084,0,0,,1084,
1644418150,in4,1,0,,1084,0,0,,1084,
1644418150,B33,1,1,job534_scenario2_1079,1084,0,0,,1084,
1644418150,in27,1,0,,1085,0,0,,1085,
1644418150,B14,1,0,,1085,0,0,,1085,
1644418150,B11,1,0,,1085,0,0,,1085,
1644418150,cn12,1,0,,1085,0,0,,1085,
1644418150,B54,1,0,,1085,0,0,,1085,
1644418150,B51,1,0,,1085,0,0,,1085,
1644418150,os4,1,0,,1085,0,0,,1085,
1644418150,in4,1,0,,1085,0,0,,1085,
1644418150,B33,1,1,job534_scenario2_1079,1085,0,0,,1085,
1644418150,in27,1,0,,1086,0,0,,1086,
1644418150,B14,1,0,,1086,0,0,,1086,
1644418150,B11,1,0,,1086,0,0,,1086,
1644418150,cn12,1,0,,1086,0,0,,1086,
1644418150,B54,1,0,,1086,0,0,,1086,
1644418150,B51,1,0,,1086,0,0,,1086,
1644418150,os4,1,0,,1086,0,0,,1086,
1644418150,in4,1,0,,1086,0,0,,1086,
1644418150,B33,1,0,,1086,0,0,,1086,
1644418150,in27,1,0,,1087,0,0,,1087,
1644418150,B14,1,0,,1087,0,0,,1087,
1644418150,B11,1,0,,1087,0,0,,1087,
1644418150,cn12,1,0,,1087,0,0,,1087,
1644418150,B54,1,0,,1087,0,0,,1087,
1644418150,B51,1,0,,1087,0,0,,1087,
1644418150,os4,1,0,,1087,0,0,,1087,
1644418150,in4,1,0,,1087,0,0,,1087,
1644418150,B33,1,0,,1087,0,0,,1087,
1644418151,in27,1,0,,1088,0,0,,1088,
1644418151,B14,1,0,,1088,0,0,,1088,
1644418151,B11,1,0,,1088,0,0,,1088,
1644418151,cn12,1,0,,1088,0,0,,1088,
1644418151,B54,1,0,,1088,0,0,,1088,
1644418151,B51,1,0,,1088,0,0,,1088,
1644418151,os4,1,0,,1088,0,0,,1088,
1644418151,in4,1,0,,1088,0,0,,1088,
1644418151,B33,1,0,,1088,0,0,,1088,
1644418151,in27,1,0,,1089,0,0,,1089,
1644418151,B14,1,0,,1089,0,0,,1089,
1644418151,B11,1,0,,1089,0,0,,1089,
1644418151,cn12,1,0,,1089,0,0,,1089,
1644418151,B54,1,1,job526_scenario0_1056,1089,0,0,,1089,
1644418151,B51,1,0,,1089,0,0,,1089,
1644418151,os4,1,0,,1089,0,0,,1089,
1644418151,in4,1,0,,1089,0,0,,1089,
1644418151,B33,1,0,,1089,0,0,,1089,
1644418151,in27,1,0,,1090,0,0,,1090,
1644418151,B14,1,0,,1090,0,0,,1090,
1644418151,B11,1,0,,1090,0,0,,1090,
1644418151,cn12,1,0,,1090,0,0,,1090,
1644418151,B54,1,1,job526_scenario0_1056,1090,0,0,,1090,
1644418151,B51,1,0,,1090,0,0,,1090,
1644418151,os4,1,0,,1090,0,0,,1090,
1644418151,in4,1,0,,1090,0,0,,1090,
1644418151,B33,1,0,,1090,0,0,,1090,
1644418151,in27,1,0,,1091,0,0,,1091,
1644418151,B14,1,0,,1091,0,0,,1091,
1644418151,B11,1,0,,1091,0,0,,1091,
1644418151,cn12,1,0,,1091,0,0,,1091,
1644418151,B54,1,1,job526_scenario0_1056,1091,0,0,,1091,
1644418151,B51,1,0,,1091,0,0,,1091,
1644418151,os4,1,0,,1091,0,0,,1091,
1644418151,in4,1,0,,1091,0,0,,1091,
1644418151,B33,1,0,,1091,0,0,,1091,
1644418151,in27,1,0,,1092,0,0,,1092,
1644418151,B14,1,0,,1092,0,0,,1092,
1644418151,B11,1,0,,1092,0,0,,1092,
1644418151,cn12,1,0,,1092,0,0,,1092,
1644418151,B54,1,1,job526_scenario0_1056,1092,0,0,,1092,
1644418151,B51,1,0,,1092,0,0,,1092,
1644418151,os4,1,0,,1092,0,0,,1092,
1644418151,in4,1,0,,1092,0,0,,1092,
1644418151,B33,1,0,,1092,0,0,,1092,
1644418151,in27,1,0,,1093,0,0,,1093,
1644418151,B14,1,0,,1093,0,0,,1093,
1644418151,B11,1,0,,1093,0,0,,1093,
1644418151,cn12,1,0,,1093,0,0,,1093,
1644418151,B54,1,1,job526_scenario0_1056,1093,0,0,,1093,
1644418151,B51,1,0,,1093,0,0,,1093,
1644418151,os4,1,0,,1093,0,0,,1093,
1644418151,in4,1,0,,1093,0,0,,1093,
1644418151,B33,1,0,,1093,0,0,,1093,
1644418151,in27,1,0,,1094,0,0,,1094,
1644418151,B14,1,0,,1094,0,0,,1094,
1644418151,B11,1,0,,1094,0,0,,1094,
1644418151,cn12,1,0,,1094,0,0,,1094,
1644418151,B54,1,1,job526_scenario0_1056,1094,0,0,,1094,
1644418151,B51,1,0,,1094,0,0,,1094,
1644418151,os4,1,0,,1094,0,0,,1094,
1644418151,in4,1,0,,1094,0,0,,1094,
1644418151,B33,1,0,,1094,0,0,,1094,
1644418151,in27,1,0,,1095,0,0,,1095,
1644418151,B14,1,0,,1095,0,0,,1095,
1644418151,B11,1,0,,1095,0,0,,1095,
1644418151,cn12,1,0,,1095,0,0,,1095,
1644418151,B54,1,1,job526_scenario0_1056,1095,0,0,,1095,
1644418151,B51,1,0,,1095,0,0,,1095,
1644418151,os4,1,0,,1095,0,0,,1095,
1644418151,in4,1,0,,1095,0,0,,1095,
1644418151,B33,1,0,,1095,0,0,,1095,
1644418151,in27,1,0,,1096,0,0,,1096,
1644418151,B14,1,0,,1096,0,0,,1096,
1644418151,B11,1,0,,1096,0,0,,1096,
1644418151,cn12,1,0,,1096,0,0,,1096,
1644418151,B54,1,1,job526_scenario0_1056,1096,0,0,,1096,
1644418151,B51,1,0,,1096,0,0,,1096,
1644418151,os4,1,0,,1096,0,0,,1096,
1644418152,in4,1,0,,1096,0,0,,1096,
1644418152,B33,1,1,job541_scenario2_1095,1096,0,0,,1096,
1644418152,in27,1,0,,1097,0,0,,1097,
1644418152,B14,1,0,,1097,0,0,,1097,
1644418152,B11,1,0,,1097,0,0,,1097,
1644418152,cn12,1,0,,1097,0,0,,1097,
1644418152,B54,1,1,job526_scenario0_1056,1097,0,0,,1097,
1644418152,B51,1,0,,1097,0,0,,1097,
1644418152,os4,1,0,,1097,0,0,,1097,
1644418152,in4,1,0,,1097,0,0,,1097,
1644418152,B33,1,1,job541_scenario2_1095,1097,0,0,,1097,
1644418152,in27,1,0,,1098,0,0,,1098,
1644418152,B14,1,0,,1098,0,0,,1098,
1644418152,B11,1,0,,1098,0,0,,1098,
1644418152,cn12,1,0,,1098,0,0,,1098,
1644418152,B54,1,1,job526_scenario0_1056,1098,0,0,,1098,
1644418152,B51,1,0,,1098,0,0,,1098,
1644418152,os4,1,0,,1098,0,0,,1098,
1644418152,in4,1,0,,1098,0,0,,1098,
1644418152,B33,1,1,job541_scenario2_1095,1098,0,0,,1098,
1644418152,in27,1,0,,1099,0,0,,1099,
1644418152,B14,1,0,,1099,0,0,,1099,
1644418152,B11,1,0,,1099,0,0,,1099,
1644418152,cn12,1,0,,1099,0,0,,1099,
1644418152,B54,1,1,job526_scenario0_1056,1099,0,0,,1099,
1644418152,B51,1,1,job528_scenario0_1059,1099,0,0,,1099,
1644418152,os4,1,0,,1099,0,0,,1099,
1644418152,in4,1,0,,1099,0,0,,1099,
1644418152,B33,1,0,,1099,0,0,,1099,
1644418152,in27,1,0,,1100,0,0,,1100,
1644418152,B14,1,0,,1100,0,0,,1100,
1644418152,B11,1,0,,1100,0,0,,1100,
1644418152,cn12,1,0,,1100,0,0,,1100,
1644418152,B54,1,0,,1100,0,0,,1100,
1644418152,B51,1,1,job528_scenario0_1059,1100,0,0,,1100,
1644418152,os4,1,0,,1100,0,0,,1100,
1644418152,in4,1,0,,1100,0,0,,1100,
1644418152,B33,1,0,,1100,0,0,,1100,
1644418152,in27,1,0,,1101,0,0,,1101,
1644418152,B14,1,0,,1101,0,0,,1101,
1644418152,B11,1,0,,1101,0,0,,1101,
1644418152,cn12,1,0,,1101,0,0,,1101,
1644418152,B54,1,0,,1101,0,0,,1101,
1644418152,B51,1,1,job528_scenario0_1059,1101,0,0,,1101,
1644418152,os4,1,0,,1101,0,0,,1101,
1644418152,in4,1,0,,1101,0,0,,1101,
1644418152,B33,1,0,,1101,0,0,,1101,
1644418152,in27,1,0,,1102,0,0,,1102,
1644418152,B14,1,0,,1102,0,0,,1102,
1644418152,B11,1,0,,1102,0,0,,1102,
1644418152,cn12,1,0,,1102,0,0,,1102,
1644418152,B54,1,0,,1102,0,0,,1102,
1644418152,B51,1,1,job528_scenario0_1059,1102,0,0,,1102,
1644418152,os4,1,0,,1102,0,0,,1102,
1644418152,in4,1,0,,1102,0,0,,1102,
1644418152,B33,1,0,,1102,0,0,,1102,
1644418152,in27,1,0,,1103,0,0,,1103,
1644418152,B14,1,0,,1103,0,0,,1103,
1644418152,B11,1,0,,1103,0,0,,1103,
1644418152,cn12,1,0,,1103,0,0,,1103,
1644418152,B54,1,0,,1103,0,0,,1103,
1644418152,B51,1,1,job528_scenario0_1059,1103,0,0,,1103,
1644418152,os4,1,0,,1103,0,0,,1103,
1644418152,in4,1,0,,1103,0,0,,1103,
1644418152,B33,1,0,,1103,0,0,,1103,
1644418152,in27,1,0,,1104,0,0,,1104,
1644418152,B14,1,0,,1104,0,0,,1104,
1644418152,B11,1,0,,1104,0,0,,1104,
1644418152,cn12,1,0,,1104,0,0,,1104,
1644418152,B54,1,0,,1104,0,0,,1104,
1644418152,B51,1,1,job528_scenario0_1059,1104,0,0,,1104,
1644418152,os4,1,0,,1104,0,0,,1104,
1644418152,in4,1,0,,1104,0,0,,1104,
1644418152,B33,1,0,,1104,0,0,,1104,
1644418152,in27,1,0,,1105,0,0,,1105,
1644418152,B14,1,0,,1105,0,0,,1105,
1644418152,B11,1,0,,1105,0,0,,1105,
1644418152,cn12,1,0,,1105,0,0,,1105,
1644418152,B54,1,0,,1105,0,0,,1105,
1644418153,B51,1,1,job528_scenario0_1059,1105,0,0,,1105,
1644418153,os4,1,0,,1105,0,0,,1105,
1644418153,in4,1,0,,1105,0,0,,1105,
1644418153,B33,1,0,,1105,0,0,,1105,
1644418153,in27,1,0,,1106,0,0,,1106,
1644418153,B14,1,0,,1106,0,0,,1106,
1644418153,B11,1,0,,1106,0,0,,1106,
1644418153,cn12,1,0,,1106,0,0,,1106,
1644418153,B54,1,0,,1106,0,0,,1106,
1644418153,B51,1,1,job528_scenario0_1059,1106,0,0,,1106,
1644418153,os4,1,0,,1106,0,0,,1106,
1644418153,in4,1,0,,1106,0,0,,1106,
1644418153,B33,1,1,job549_scenario2_1105,1106,0,0,,1106,
1644418153,in27,1,0,,1107,0,0,,1107,
1644418153,B14,1,0,,1107,0,0,,1107,
1644418153,B11,1,0,,1107,0,0,,1107,
1644418153,cn12,1,0,,1107,0,0,,1107,
1644418153,B54,1,0,,1107,0,0,,1107,
1644418153,B51,1,1,job528_scenario0_1059,1107,0,0,,1107,
1644418153,os4,1,0,,1107,0,0,,1107,
1644418153,in4,1,0,,1107,0,0,,1107,
1644418153,B33,1,0,,1107,0,0,,1107,
1644418153,in27,1,0,,1108,0,0,,1108,
1644418153,B14,1,0,,1108,0,0,,1108,
1644418153,B11,1,0,,1108,0,0,,1108,
1644418153,cn12,1,0,,1108,0,0,,1108,
1644418153,B54,1,0,,1108,0,0,,1108,
1644418153,B51,1,1,job528_scenario0_1059,1108,0,0,,1108,
1644418153,os4,1,0,,1108,0,0,,1108,
1644418153,in4,1,0,,1108,0,0,,1108,
1644418153,B33,1,0,,1108,0,0,,1108,
1644418153,in27,1,0,,1109,0,0,,1109,
1644418153,B14,1,0,,1109,0,0,,1109,
1644418153,B11,1,0,,1109,0,0,,1109,
1644418153,cn12,1,0,,1109,0,0,,1109,
1644418153,B54,1,0,,1109,0,0,,1109,
1644418153,B51,1,1,job528_scenario0_1059,1109,0,0,,1109,
1644418153,os4,1,0,,1109,0,0,,1109,
1644418153,in4,1,0,,1109,0,0,,1109,
1644418153,B33,1,0,,1109,0,0,,1109,
1644418153,in27,1,0,,1110,0,0,,1110,
1644418153,B14,1,0,,1110,0,0,,1110,
1644418153,B11,1,0,,1110,0,0,,1110,
1644418153,cn12,1,0,,1110,0,0,,1110,
1644418153,B54,1,0,,1110,0,0,,1110,
1644418153,B51,1,1,job528_scenario0_1059,1110,0,0,,1110,
1644418153,os4,1,0,,1110,0,0,,1110,
1644418153,in4,1,0,,1110,0,0,,1110,
1644418153,B33,1,0,,1110,0,0,,1110,
1644418153,in27,1,0,,1111,0,0,,1111,
1644418153,B14,1,0,,1111,0,0,,1111,
1644418153,B11,1,0,,1111,0,0,,1111,
1644418153,cn12,1,0,,1111,0,0,,1111,
1644418153,B54,1,0,,1111,0,0,,1111,
1644418153,B51,1,1,job528_scenario0_1059,1111,0,0,,1111,
1644418153,os4,1,0,,1111,0,0,,1111,
1644418153,in4,1,0,,1111,0,0,,1111,
1644418153,B33,1,0,,1111,0,0,,1111,
1644418153,in27,1,0,,1112,0,0,,1112,
1644418153,B14,1,0,,1112,0,0,,1112,
1644418153,B11,1,0,,1112,0,0,,1112,
1644418153,cn12,1,0,,1112,0,0,,1112,
1644418153,B54,1,1,job537_scenario1_1084,1112,0,0,,1112,
1644418153,B51,1,1,job528_scenario0_1059,1112,0,0,,1112,
1644418153,os4,1,0,,1112,0,0,,1112,
1644418153,in4,1,0,,1112,0,0,,1112,
1644418153,B33,1,0,,1112,0,0,,1112,
1644418153,in27,1,0,,1113,0,0,,1113,
1644418153,B14,1,0,,1113,0,0,,1113,
1644418153,B11,1,0,,1113,0,0,,1113,
1644418153,cn12,1,0,,1113,0,0,,1113,
1644418153,B54,1,1,job537_scenario1_1084,1113,0,0,,1113,
1644418153,B51,1,1,job528_scenario0_1059,1113,0,0,,1113,
1644418153,os4,1,0,,1113,0,0,,1113,
1644418153,in4,1,0,,1113,0,0,,1113,
1644418153,B33,1,0,,1113,0,0,,1113,
1644418154,in27,1,0,,1114,0,0,,1114,
1644418154,B14,1,0,,1114,0,0,,1114,
1644418154,B11,1,0,,1114,0,0,,1114,
1644418154,cn12,1,0,,1114,0,0,,1114,
1644418154,B54,1,1,job537_scenario1_1084,1114,0,0,,1114,
1644418154,B51,1,0,,1114,0,0,,1114,
1644418154,os4,1,0,,1114,0,0,,1114,
1644418154,in4,1,0,,1114,0,0,,1114,
1644418154,B33,1,0,,1114,0,0,,1114,
1644418154,in27,1,0,,1115,0,0,,1115,
1644418154,B14,1,0,,1115,0,0,,1115,
1644418154,B11,1,0,,1115,0,0,,1115,
1644418154,cn12,1,0,,1115,0,0,,1115,
1644418154,B54,1,1,job537_scenario1_1084,1115,0,0,,1115,
1644418154,B51,1,0,,1115,0,0,,1115,
1644418154,os4,1,0,,1115,0,0,,1115,
1644418154,in4,1,0,,1115,0,0,,1115,
1644418154,B33,1,1,job551_scenario2_1114,1115,0,0,,1115,
1644418154,in27,1,0,,1116,0,0,,1116,
1644418154,B14,1,0,,1116,0,0,,1116,
1644418154,B11,1,0,,1116,0,0,,1116,
1644418154,cn12,1,0,,1116,0,0,,1116,
1644418154,B54,1,1,job537_scenario1_1084,1116,0,0,,1116,
1644418154,B51,1,0,,1116,0,0,,1116,
1644418154,os4,1,0,,1116,0,0,,1116,
1644418154,in4,1,0,,1116,0,0,,1116,
1644418154,B33,1,0,,1116,0,0,,1116,
1644418154,in27,1,0,,1117,0,0,,1117,
1644418154,B14,1,0,,1117,0,0,,1117,
1644418154,B11,1,0,,1117,0,0,,1117,
1644418154,cn12,1,0,,1117,0,0,,1117,
1644418154,B54,1,1,job537_scenario1_1084,1117,0,0,,1117,
1644418154,B51,1,0,,1117,0,0,,1117,
1644418154,os4,1,0,,1117,0,0,,1117,
1644418154,in4,1,0,,1117,0,0,,1117,
1644418154,B33,1,0,,1117,0,0,,1117,
1644418154,in27,1,0,,1118,0,0,,1118,
1644418154,B14,1,0,,1118,0,0,,1118,
1644418154,B11,1,0,,1118,0,0,,1118,
1644418154,cn12,1,0,,1118,0,0,,1118,
1644418154,B54,1,1,job537_scenario1_1084,1118,0,0,,1118,
1644418154,B51,1,0,,1118,0,0,,1118,
1644418154,os4,1,0,,1118,0,0,,1118,
1644418154,in4,1,0,,1118,0,0,,1118,
1644418154,B33,1,0,,1118,0,0,,1118,
1644418154,in27,1,0,,1119,0,0,,1119,
1644418154,B14,1,0,,1119,0,0,,1119,
1644418154,B11,1,0,,1119,0,0,,1119,
1644418154,cn12,1,0,,1119,0,0,,1119,
1644418154,B54,1,1,job537_scenario1_1084,1119,0,0,,1119,
1644418154,B51,1,0,,1119,0,0,,1119,
1644418154,os4,1,0,,1119,0,0,,1119,
1644418154,in4,1,0,,1119,0,0,,1119,
1644418154,B33,1,0,,1119,0,0,,1119,
1644418154,in27,1,0,,1120,0,0,,1120,
1644418154,B14,1,0,,1120,0,0,,1120,
1644418154,B11,1,0,,1120,0,0,,1120,
1644418154,cn12,1,0,,1120,0,0,,1120,
1644418154,B54,1,0,,1120,0,0,,1120,
1644418154,B51,1,0,,1120,0,0,,1120,
1644418154,os4,1,0,,1120,0,0,,1120,
1644418154,in4,1,0,,1120,0,0,,1120,
1644418154,B33,1,0,,1120,0,0,,1120,
1644418154,in27,1,0,,1121,0,0,,1121,
1644418154,B14,1,0,,1121,0,0,,1121,
1644418154,B11,1,0,,1121,0,0,,1121,
1644418154,cn12,1,0,,1121,0,0,,1121,
1644418155,B54,1,0,,1121,0,0,,1121,
1644418155,B51,1,0,,1121,0,0,,1121,
1644418155,os4,1,0,,1121,0,0,,1121,
1644418155,in4,1,0,,1121,0,0,,1121,
1644418155,B33,1,0,,1121,0,0,,1121,
1644418155,in27,1,0,,1122,0,0,,1122,
1644418155,B14,1,0,,1122,0,0,,1122,
1644418155,B11,1,0,,1122,0,0,,1122,
1644418155,cn12,1,0,,1122,0,0,,1122,
1644418155,B54,1,0,,1122,0,0,,1122,
1644418155,B51,1,0,,1122,0,0,,1122,
1644418155,os4,1,0,,1122,0,0,,1122,
1644418155,in4,1,0,,1122,0,0,,1122,
1644418155,B33,1,0,,1122,0,0,,1122,
1644418155,in27,1,0,,1123,0,0,,1123,
1644418155,B14,1,0,,1123,0,0,,1123,
1644418155,B11,1,0,,1123,0,0,,1123,
1644418155,cn12,1,0,,1123,0,0,,1123,
1644418155,B54,1,1,job538_scenario1_1085,1123,0,0,,1123,
1644418155,B51,1,1,job536_scenario0_1082,1123,0,0,,1123,
1644418155,os4,1,0,,1123,0,0,,1123,
1644418155,in4,1,0,,1123,0,0,,1123,
1644418155,B33,1,0,,1123,0,0,,1123,
1644418155,in27,1,0,,1124,0,0,,1124,
1644418155,B14,1,0,,1124,0,0,,1124,
1644418155,B11,1,0,,1124,0,0,,1124,
1644418155,cn12,1,0,,1124,0,0,,1124,
1644418155,B54,1,1,job538_scenario1_1085,1124,0,0,,1124,
1644418155,B51,1,1,job536_scenario0_1082,1124,0,0,,1124,
1644418155,os4,1,0,,1124,0,0,,1124,
1644418155,in4,1,0,,1124,0,0,,1124,
1644418155,B33,1,0,,1124,0,0,,1124,
1644418155,in27,1,0,,1125,0,0,,1125,
1644418155,B14,1,0,,1125,0,0,,1125,
1644418155,B11,1,0,,1125,0,0,,1125,
1644418155,cn12,1,0,,1125,0,0,,1125,
1644418155,B54,1,1,job538_scenario1_1085,1125,0,0,,1125,
1644418155,B51,1,0,,1125,0,0,,1125,
1644418155,os4,1,0,,1125,0,0,,1125,
1644418155,in4,1,0,,1125,0,0,,1125,
1644418155,B33,1,0,,1125,0,0,,1125,
1644418155,in27,1,0,,1126,0,0,,1126,
1644418155,B14,1,0,,1126,0,0,,1126,
1644418155,B11,1,0,,1126,0,0,,1126,
1644418155,cn12,1,0,,1126,0,0,,1126,
1644418155,B54,1,1,job538_scenario1_1085,1126,0,0,,1126,
1644418155,B51,1,0,,1126,0,0,,1126,
1644418155,os4,1,0,,1126,0,0,,1126,
1644418155,in4,1,0,,1126,0,0,,1126,
1644418155,B33,1,0,,1126,0,0,,1126,
1644418156,in27,1,0,,1127,0,0,,1127,
1644418156,B14,1,0,,1127,0,0,,1127,
1644418156,B11,1,0,,1127,0,0,,1127,
1644418156,cn12,1,0,,1127,0,0,,1127,
1644418156,B54,1,1,job538_scenario1_1085,1127,0,0,,1127,
1644418156,B51,1,0,,1127,0,0,,1127,
1644418156,os4,1,0,,1127,0,0,,1127,
1644418156,in4,1,0,,1127,0,0,,1127,
1644418156,B33,1,1,job555_scenario2_1126,1127,0,0,,1127,
1644418156,in27,1,0,,1128,0,0,,1128,
1644418156,B14,1,0,,1128,0,0,,1128,
1644418156,B11,1,0,,1128,0,0,,1128,
1644418156,cn12,1,0,,1128,0,0,,1128,
1644418156,B54,1,1,job538_scenario1_1085,1128,0,0,,1128,
1644418156,B51,1,0,,1128,0,0,,1128,
1644418156,os4,1,0,,1128,0,0,,1128,
1644418156,in4,1,0,,1128,0,0,,1128,
1644418156,B33,1,1,job555_scenario2_1126,1128,0,0,,1128,
1644418156,in27,1,0,,1129,0,0,,1129,
1644418156,B14,1,0,,1129,0,0,,1129,
1644418156,B11,1,0,,1129,0,0,,1129,
1644418156,cn12,1,0,,1129,0,0,,1129,
1644418156,B54,1,1,job538_scenario1_1085,1129,0,0,,1129,
1644418156,B51,1,0,,1129,0,0,,1129,
1644418156,os4,1,0,,1129,0,0,,1129,
1644418156,in4,1,0,,1129,0,0,,1129,
1644418156,B33,1,0,,1129,0,0,,1129,
1644418156,in27,1,0,,1130,0,0,,1130,
1644418156,B14,1,0,,1130,0,0,,1130,
1644418156,B11,1,0,,1130,0,0,,1130,
1644418156,cn12,1,0,,1130,0,0,,1130,
1644418156,B54,1,0,,1130,0,0,,1130,
1644418156,B51,1,0,,1130,0,0,,1130,
1644418156,os4,1,0,,1130,0,0,,1130,
1644418156,in4,1,0,,1130,0,0,,1130,
1644418156,B33,1,0,,1130,0,0,,1130,
1644418156,in27,1,0,,1131,0,0,,1131,
1644418156,B14,1,0,,1131,0,0,,1131,
1644418156,B11,1,0,,1131,0,0,,1131,
1644418156,cn12,1,0,,1131,0,0,,1131,
1644418156,B54,1,0,,1131,0,0,,1131,
1644418156,B51,1,0,,1131,0,0,,1131,
1644418156,os4,1,0,,1131,0,0,,1131,
1644418156,in4,1,0,,1131,0,0,,1131,
1644418156,B33,1,0,,1131,0,0,,1131,
1644418156,in27,1,0,,1132,0,0,,1132,
1644418156,B14,1,0,,1132,0,0,,1132,
1644418156,B11,1,0,,1132,0,0,,1132,
1644418156,cn12,1,0,,1132,0,0,,1132,
1644418156,B54,1,0,,1132,0,0,,1132,
1644418156,B51,1,0,,1132,0,0,,1132,
1644418156,os4,1,0,,1132,0,0,,1132,
1644418156,in4,1,0,,1132,0,0,,1132,
1644418156,B33,1,0,,1132,0,0,,1132,
1644418156,in27,1,0,,1133,0,0,,1133,
1644418156,B14,1,0,,1133,0,0,,1133,
1644418156,B11,1,0,,1133,0,0,,1133,
1644418156,cn12,1,0,,1133,0,0,,1133,
1644418156,B54,1,0,,1133,0,0,,1133,
1644418156,B51,1,0,,1133,0,0,,1133,
1644418156,os4,1,0,,1133,0,0,,1133,
1644418156,in4,1,0,,1133,0,0,,1133,
1644418156,B33,1,1,job557_scenario2_1132,1133,0,0,,1133,
1644418156,in27,1,0,,1134,0,0,,1134,
1644418156,B14,1,0,,1134,0,0,,1134,
1644418156,B11,1,0,,1134,0,0,,1134,
1644418156,cn12,1,0,,1134,0,0,,1134,
1644418156,B54,1,1,job543_scenario1_1097,1134,0,0,,1134,
1644418156,B51,1,0,,1134,0,0,,1134,
1644418156,os4,1,0,,1134,0,0,,1134,
1644418156,in4,1,0,,1134,0,0,,1134,
1644418156,B33,1,1,job557_scenario2_1132,1134,0,0,,1134,
1644418156,in27,1,0,,1135,0,0,,1135,
1644418156,B14,1,0,,1135,0,0,,1135,
1644418156,B11,1,0,,1135,0,0,,1135,
1644418156,cn12,1,0,,1135,0,0,,1135,
1644418156,B54,1,1,job543_scenario1_1097,1135,0,0,,1135,
1644418156,B51,1,0,,1135,0,0,,1135,
1644418156,os4,1,0,,1135,0,0,,1135,
1644418156,in4,1,0,,1135,0,0,,1135,
1644418156,B33,1,1,job557_scenario2_1132,1135,0,0,,1135,
1644418157,in27,1,0,,1136,0,0,,1136,
1644418157,B14,1,0,,1136,0,0,,1136,
1644418157,B11,1,0,,1136,0,0,,1136,
1644418157,cn12,1,0,,1136,0,0,,1136,
1644418157,B54,1,1,job543_scenario1_1097,1136,0,0,,1136,
1644418157,B51,1,0,,1136,0,0,,1136,
1644418157,os4,1,0,,1136,0,0,,1136,
1644418157,in4,1,0,,1136,0,0,,1136,
1644418157,B33,1,0,,1136,0,0,,1136,
1644418157,in27,1,0,,1137,0,0,,1137,
1644418157,B14,1,0,,1137,0,0,,1137,
1644418157,B11,1,0,,1137,0,0,,1137,
1644418157,cn12,1,0,,1137,0,0,,1137,
1644418157,B54,1,1,job543_scenario1_1097,1137,0,0,,1137,
1644418157,B51,1,1,job542_scenario0_1096,1137,0,0,,1137,
1644418157,os4,1,0,,1137,0,0,,1137,
1644418157,in4,1,0,,1137,0,0,,1137,
1644418157,B33,1,0,,1137,0,0,,1137,
1644418158,in27,1,0,,1138,0,0,,1138,
1644418158,B14,1,0,,1138,0,0,,1138,
1644418158,B11,1,0,,1138,0,0,,1138,
1644418158,cn12,1,0,,1138,0,0,,1138,
1644418158,B54,1,1,job543_scenario1_1097,1138,0,0,,1138,
1644418158,B51,1,1,job542_scenario0_1096,1138,0,0,,1138,
1644418158,os4,1,1,job558_scenario4_1134,1138,0,0,,1138,
1644418158,in4,1,0,,1138,0,0,,1138,
1644418158,B33,1,0,,1138,0,0,,1138,
1644418158,in27,1,0,,1139,0,0,,1139,
1644418158,B14,1,0,,1139,0,0,,1139,
1644418158,B11,1,0,,1139,0,0,,1139,
1644418158,cn12,1,0,,1139,0,0,,1139,
1644418158,B54,1,1,job543_scenario1_1097,1139,0,0,,1139,
1644418158,B51,1,1,job542_scenario0_1096,1139,0,0,,1139,
1644418158,os4,1,1,job558_scenario4_1134,1139,0,0,,1139,
1644418158,in4,1,0,,1139,0,0,,1139,
1644418158,B33,1,0,,1139,0,0,,1139,
1644418158,in27,1,0,,1140,0,0,,1140,
1644418158,B14,1,0,,1140,0,0,,1140,
1644418158,B11,1,0,,1140,0,0,,1140,
1644418158,cn12,1,0,,1140,0,0,,1140,
1644418158,B54,1,0,,1140,0,0,,1140,
1644418158,B51,1,1,job542_scenario0_1096,1140,0,0,,1140,
1644418158,os4,1,1,job558_scenario4_1134,1140,0,0,,1140,
1644418158,in4,1,0,,1140,0,0,,1140,
1644418158,B33,1,0,,1140,0,0,,1140,
1644418158,in27,1,0,,1141,0,0,,1141,
1644418158,B14,1,0,,1141,0,0,,1141,
1644418158,B11,1,0,,1141,0,0,,1141,
1644418158,cn12,1,0,,1141,0,0,,1141,
1644418158,B54,1,0,,1141,0,0,,1141,
1644418158,B51,1,1,job542_scenario0_1096,1141,0,0,,1141,
1644418158,os4,1,1,job558_scenario4_1134,1141,0,0,,1141,
1644418158,in4,1,0,,1141,0,0,,1141,
1644418158,B33,1,0,,1141,0,0,,1141,
1644418158,in27,1,0,,1142,0,0,,1142,
1644418158,B14,1,0,,1142,0,0,,1142,
1644418158,B11,1,0,,1142,0,0,,1142,
1644418158,cn12,1,0,,1142,0,0,,1142,
1644418158,B54,1,0,,1142,0,0,,1142,
1644418158,B51,1,1,job542_scenario0_1096,1142,0,0,,1142,
1644418158,os4,1,0,,1142,0,0,,1142,
1644418158,in4,1,0,,1142,0,0,,1142,
1644418158,B33,1,0,,1142,0,0,,1142,
1644418158,in27,1,0,,1143,0,0,,1143,
1644418158,B14,1,0,,1143,0,0,,1143,
1644418158,B11,1,0,,1143,0,0,,1143,
1644418158,cn12,1,0,,1143,0,0,,1143,
1644418158,B54,1,0,,1143,0,0,,1143,
1644418158,B51,1,1,job542_scenario0_1096,1143,0,0,,1143,
1644418158,os4,1,0,,1143,0,0,,1143,
1644418158,in4,1,0,,1143,0,0,,1143,
1644418158,B33,1,1,job561_scenario2_1142,1143,0,0,,1143,
1644418158,in27,1,0,,1144,0,0,,1144,
1644418158,B14,1,0,,1144,0,0,,1144,
1644418158,B11,1,0,,1144,0,0,,1144,
1644418158,cn12,1,0,,1144,0,0,,1144,
1644418158,B54,1,0,,1144,0,0,,1144,
1644418158,B51,1,1,job542_scenario0_1096,1144,0,0,,1144,
1644418158,os4,1,0,,1144,0,0,,1144,
1644418158,in4,1,0,,1144,0,0,,1144,
1644418158,B33,1,1,job561_scenario2_1142,1144,0,0,,1144,
1644418159,in27,1,0,,1145,0,0,,1145,
1644418159,B14,1,0,,1145,0,0,,1145,
1644418159,B11,1,0,,1145,0,0,,1145,
1644418159,cn12,1,0,,1145,0,0,,1145,
1644418159,B54,1,1,job548_scenario0_1104,1145,0,0,,1145,
1644418159,B51,1,1,job542_scenario0_1096,1145,0,0,,1145,
1644418159,os4,1,0,,1145,0,0,,1145,
1644418159,in4,1,0,,1145,0,0,,1145,
1644418159,B33,1,0,,1145,0,0,,1145,
1644418159,in27,1,0,,1146,0,0,,1146,
1644418159,B14,1,0,,1146,0,0,,1146,
1644418159,B11,1,0,,1146,0,0,,1146,
1644418159,cn12,1,0,,1146,0,0,,1146,
1644418159,B54,1,1,job548_scenario0_1104,1146,0,0,,1146,
1644418159,B51,1,1,job542_scenario0_1096,1146,0,0,,1146,
1644418159,os4,1,0,,1146,0,0,,1146,
1644418159,in4,1,0,,1146,0,0,,1146,
1644418159,B33,1,0,,1146,0,0,,1146,
1644418159,in27,1,0,,1147,0,0,,1147,
1644418159,B14,1,0,,1147,0,0,,1147,
1644418159,B11,1,0,,1147,0,0,,1147,
1644418159,cn12,1,0,,1147,0,0,,1147,
1644418159,B54,1,1,job548_scenario0_1104,1147,0,0,,1147,
1644418159,B51,1,1,job542_scenario0_1096,1147,0,0,,1147,
1644418159,os4,1,0,,1147,0,0,,1147,
1644418159,in4,1,0,,1147,0,0,,1147,
1644418159,B33,1,0,,1147,0,0,,1147,
1644418159,in27,1,0,,1148,0,0,,1148,
1644418159,B14,1,0,,1148,0,0,,1148,
1644418159,B11,1,0,,1148,0,0,,1148,
1644418159,cn12,1,0,,1148,0,0,,1148,
1644418159,B54,1,1,job548_scenario0_1104,1148,0,0,,1148,
1644418159,B51,1,0,,1148,0,0,,1148,
1644418159,os4,1,1,job562_scenario4_1144,1148,0,0,,1148,
1644418159,in4,1,0,,1148,0,0,,1148,
1644418159,B33,1,0,,1148,0,0,,1148,
1644418159,in27,1,0,,1149,0,0,,1149,
1644418159,B14,1,0,,1149,0,0,,1149,
1644418159,B11,1,0,,1149,0,0,,1149,
1644418159,cn12,1,0,,1149,0,0,,1149,
1644418159,B54,1,1,job548_scenario0_1104,1149,0,0,,1149,
1644418159,B51,1,0,,1149,0,0,,1149,
1644418159,os4,1,1,job562_scenario4_1144,1149,0,0,,1149,
1644418159,in4,1,0,,1149,0,0,,1149,
1644418159,B33,1,0,,1149,0,0,,1149,
1644418159,in27,1,0,,1150,0,0,,1150,
1644418159,B14,1,0,,1150,0,0,,1150,
1644418159,B11,1,0,,1150,0,0,,1150,
1644418159,cn12,1,0,,1150,0,0,,1150,
1644418159,B54,1,1,job548_scenario0_1104,1150,0,0,,1150,
1644418159,B51,1,0,,1150,0,0,,1150,
1644418159,os4,1,1,job562_scenario4_1144,1150,0,0,,1150,
1644418159,in4,1,0,,1150,0,0,,1150,
1644418159,B33,1,0,,1150,0,0,,1150,
1644418159,in27,1,0,,1151,0,0,,1151,
1644418159,B14,1,0,,1151,0,0,,1151,
1644418159,B11,1,0,,1151,0,0,,1151,
1644418159,cn12,1,0,,1151,0,0,,1151,
1644418159,B54,1,1,job548_scenario0_1104,1151,0,0,,1151,
1644418159,B51,1,0,,1151,0,0,,1151,
1644418159,os4,1,1,job562_scenario4_1144,1151,0,0,,1151,
1644418159,in4,1,0,,1151,0,0,,1151,
1644418159,B33,1,0,,1151,0,0,,1151,
1644418160,in27,1,0,,1152,0,0,,1152,
1644418160,B14,1,0,,1152,0,0,,1152,
1644418160,B11,1,1,job563_scenario3_1148,1152,0,0,,1152,
1644418160,cn12,1,0,,1152,0,0,,1152,
1644418160,B54,1,1,job548_scenario0_1104,1152,0,0,,1152,
1644418160,B51,1,0,,1152,0,0,,1152,
1644418160,os4,1,0,,1152,0,0,,1152,
1644418160,in4,1,0,,1152,0,0,,1152,
1644418160,B33,1,0,,1152,0,0,,1152,
1644418160,in27,1,0,,1153,0,0,,1153,
1644418160,B14,1,0,,1153,0,0,,1153,
1644418160,B11,1,0,,1153,0,0,,1153,
1644418160,cn12,1,0,,1153,0,0,,1153,
1644418160,B54,1,1,job548_scenario0_1104,1153,0,0,,1153,
1644418160,B51,1,0,,1153,0,0,,1153,
1644418160,os4,1,0,,1153,0,0,,1153,
1644418160,in4,1,0,,1153,0,0,,1153,
1644418160,B33,1,0,,1153,0,0,,1153,
1644418160,in27,1,0,,1154,0,0,,1154,
1644418160,B14,1,0,,1154,0,0,,1154,
1644418160,B11,1,0,,1154,0,0,,1154,
1644418160,cn12,1,0,,1154,0,0,,1154,
1644418160,B54,1,0,,1154,0,0,,1154,
1644418160,B51,1,0,,1154,0,0,,1154,
1644418160,os4,1,0,,1154,0,0,,1154,
1644418160,in4,1,0,,1154,0,0,,1154,
1644418160,B33,1,0,,1154,0,0,,1154,
1644418160,in27,1,0,,1155,0,0,,1155,
1644418160,B14,1,0,,1155,0,0,,1155,
1644418160,B11,1,0,,1155,0,0,,1155,
1644418160,cn12,1,0,,1155,0,0,,1155,
1644418160,B54,1,0,,1155,0,0,,1155,
1644418160,B51,1,0,,1155,0,0,,1155,
1644418160,os4,1,0,,1155,0,0,,1155,
1644418160,in4,1,0,,1155,0,0,,1155,
1644418160,B33,1,0,,1155,0,0,,1155,
1644418160,in27,1,0,,1156,0,0,,1156,
1644418160,B14,1,0,,1156,0,0,,1156,
1644418160,B11,1,0,,1156,0,0,,1156,
1644418160,cn12,1,0,,1156,0,0,,1156,
1644418160,B54,1,0,,1156,0,0,,1156,
1644418160,B51,1,0,,1156,0,0,,1156,
1644418160,os4,1,0,,1156,0,0,,1156,
1644418160,in4,1,0,,1156,0,0,,1156,
1644418160,B33,1,0,,1156,0,0,,1156,
1644418160,in27,1,0,,1157,0,0,,1157,
1644418160,B14,1,0,,1157,0,0,,1157,
1644418160,B11,1,0,,1157,0,0,,1157,
1644418160,cn12,1,0,,1157,0,0,,1157,
1644418160,B54,1,0,,1157,0,0,,1157,
1644418160,B51,1,0,,1157,0,0,,1157,
1644418160,os4,1,0,,1157,0,0,,1157,
1644418160,in4,1,0,,1157,0,0,,1157,
1644418160,B33,1,0,,1157,0,0,,1157,
1644418160,in27,1,0,,1158,0,0,,1158,
1644418160,B14,1,0,,1158,0,0,,1158,
1644418160,B11,1,0,,1158,0,0,,1158,
1644418160,cn12,1,0,,1158,0,0,,1158,
1644418160,B54,1,0,,1158,0,0,,1158,
1644418160,B51,1,0,,1158,0,0,,1158,
1644418160,os4,1,0,,1158,0,0,,1158,
1644418160,in4,1,0,,1158,0,0,,1158,
1644418160,B33,1,0,,1158,0,0,,1158,
1644418160,in27,1,0,,1159,0,0,,1159,
1644418160,B14,1,0,,1159,0,0,,1159,
1644418160,B11,1,0,,1159,0,0,,1159,
1644418160,cn12,1,0,,1159,0,0,,1159,
1644418160,B54,1,1,job553_scenario1_1118,1159,0,0,,1159,
1644418160,B51,1,0,,1159,0,0,,1159,
1644418160,os4,1,0,,1159,0,0,,1159,
1644418160,in4,1,0,,1159,0,0,,1159,
1644418160,B33,1,0,,1159,0,0,,1159,
1644418160,in27,1,0,,1160,0,0,,1160,
1644418160,B14,1,0,,1160,0,0,,1160,
1644418160,B11,1,0,,1160,0,0,,1160,
1644418160,cn12,1,0,,1160,0,0,,1160,
1644418160,B54,1,0,,1160,0,0,,1160,
1644418160,B51,1,0,,1160,0,0,,1160,
1644418160,os4,1,0,,1160,0,0,,1160,
1644418160,in4,1,0,,1160,0,0,,1160,
1644418160,B33,1,0,,1160,0,0,,1160,
1644418160,in27,1,0,,1161,0,0,,1161,
1644418160,B14,1,0,,1161,0,0,,1161,
1644418160,B11,1,0,,1161,0,0,,1161,
1644418160,cn12,1,0,,1161,0,0,,1161,
1644418161,B54,1,0,,1161,0,0,,1161,
1644418161,B51,1,0,,1161,0,0,,1161,
1644418161,os4,1,0,,1161,0,0,,1161,
1644418161,in4,1,0,,1161,0,0,,1161,
1644418161,B33,1,0,,1161,0,0,,1161,
1644418161,in27,1,0,,1162,0,0,,1162,
1644418161,B14,1,0,,1162,0,0,,1162,
1644418161,B11,1,0,,1162,0,0,,1162,
1644418161,cn12,1,0,,1162,0,0,,1162,
1644418161,B54,1,0,,1162,0,0,,1162,
1644418161,B51,1,0,,1162,0,0,,1162,
1644418161,os4,1,0,,1162,0,0,,1162,
1644418161,in4,1,0,,1162,0,0,,1162,
1644418161,B33,1,0,,1162,0,0,,1162,
1644418161,in27,1,0,,1163,0,0,,1163,
1644418161,B14,1,0,,1163,0,0,,1163,
1644418161,B11,1,0,,1163,0,0,,1163,
1644418161,cn12,1,0,,1163,0,0,,1163,
1644418161,B54,1,1,job554_scenario0_1122,1163,0,0,,1163,
1644418161,B51,1,0,,1163,0,0,,1163,
1644418161,os4,1,0,,1163,0,0,,1163,
1644418161,in4,1,0,,1163,0,0,,1163,
1644418161,B33,1,0,,1163,0,0,,1163,
1644418161,in27,1,0,,1164,0,0,,1164,
1644418161,B14,1,0,,1164,0,0,,1164,
1644418161,B11,1,0,,1164,0,0,,1164,
1644418161,cn12,1,0,,1164,0,0,,1164,
1644418161,B54,1,1,job554_scenario0_1122,1164,0,0,,1164,
1644418161,B51,1,0,,1164,0,0,,1164,
1644418161,os4,1,0,,1164,0,0,,1164,
1644418161,in4,1,0,,1164,0,0,,1164,
1644418161,B33,1,0,,1164,0,0,,1164,
1644418161,in27,1,0,,1165,0,0,,1165,
1644418161,B14,1,0,,1165,0,0,,1165,
1644418161,B11,1,0,,1165,0,0,,1165,
1644418161,cn12,1,0,,1165,0,0,,1165,
1644418161,B54,1,1,job554_scenario0_1122,1165,0,0,,1165,
1644418161,B51,1,0,,1165,0,0,,1165,
1644418161,os4,1,0,,1165,0,0,,1165,
1644418161,in4,1,0,,1165,0,0,,1165,
1644418161,B33,1,0,,1165,0,0,,1165,
1644418161,in27,1,0,,1166,0,0,,1166,
1644418161,B14,1,0,,1166,0,0,,1166,
1644418161,B11,1,0,,1166,0,0,,1166,
1644418161,cn12,1,0,,1166,0,0,,1166,
1644418161,B54,1,1,job554_scenario0_1122,1166,0,0,,1166,
1644418161,B51,1,0,,1166,0,0,,1166,
1644418161,os4,1,0,,1166,0,0,,1166,
1644418161,in4,1,0,,1166,0,0,,1166,
1644418161,B33,1,0,,1166,0,0,,1166,
1644418161,in27,1,0,,1167,0,0,,1167,
1644418161,B14,1,0,,1167,0,0,,1167,
1644418161,B11,1,0,,1167,0,0,,1167,
1644418161,cn12,1,0,,1167,0,0,,1167,
1644418161,B54,1,1,job554_scenario0_1122,1167,0,0,,1167,
1644418161,B51,1,0,,1167,0,0,,1167,
1644418161,os4,1,0,,1167,0,0,,1167,
1644418161,in4,1,0,,1167,0,0,,1167,
1644418161,B33,1,0,,1167,0,0,,1167,
1644418161,in27,1,0,,1168,0,0,,1168,
1644418161,B14,1,0,,1168,0,0,,1168,
1644418161,B11,1,0,,1168,0,0,,1168,
1644418161,cn12,1,0,,1168,0,0,,1168,
1644418161,B54,1,1,job554_scenario0_1122,1168,0,0,,1168,
1644418161,B51,1,0,,1168,0,0,,1168,
1644418161,os4,1,0,,1168,0,0,,1168,
1644418161,in4,1,0,,1168,0,0,,1168,
1644418161,B33,1,0,,1168,0,0,,1168,
1644418161,in27,1,0,,1169,0,0,,1169,
1644418161,B14,1,0,,1169,0,0,,1169,
1644418161,B11,1,0,,1169,0,0,,1169,
1644418161,cn12,1,0,,1169,0,0,,1169,
1644418161,B54,1,1,job554_scenario0_1122,1169,0,0,,1169,
1644418161,B51,1,1,job556_scenario0_1128,1169,0,0,,1169,
1644418161,os4,1,0,,1169,0,0,,1169,
1644418161,in4,1,0,,1169,0,0,,1169,
1644418161,B33,1,0,,1169,0,0,,1169,
1644418161,in27,1,0,,1170,0,0,,1170,
1644418162,B14,1,0,,1170,0,0,,1170,
1644418162,B11,1,0,,1170,0,0,,1170,
1644418162,cn12,1,0,,1170,0,0,,1170,
1644418162,B54,1,1,job554_scenario0_1122,1170,0,0,,1170,
1644418162,B51,1,1,job556_scenario0_1128,1170,0,0,,1170,
1644418162,os4,1,0,,1170,0,0,,1170,
1644418162,in4,1,0,,1170,0,0,,1170,
1644418162,B33,1,0,,1170,0,0,,1170,
1644418162,in27,1,0,,1171,0,0,,1171,
1644418162,B14,1,0,,1171,0,0,,1171,
1644418162,B11,1,0,,1171,0,0,,1171,
1644418162,cn12,1,0,,1171,0,0,,1171,
1644418162,B54,1,1,job554_scenario0_1122,1171,0,0,,1171,
1644418162,B51,1,1,job556_scenario0_1128,1171,0,0,,1171,
1644418162,os4,1,0,,1171,0,0,,1171,
1644418162,in4,1,0,,1171,0,0,,1171,
1644418162,B33,1,0,,1171,0,0,,1171,
1644418162,in27,1,0,,1172,0,0,,1172,
1644418162,B14,1,0,,1172,0,0,,1172,
1644418162,B11,1,0,,1172,0,0,,1172,
1644418162,cn12,1,0,,1172,0,0,,1172,
1644418162,B54,1,1,job554_scenario0_1122,1172,0,0,,1172,
1644418162,B51,1,1,job556_scenario0_1128,1172,0,0,,1172,
1644418162,os4,1,0,,1172,0,0,,1172,
1644418162,in4,1,0,,1172,0,0,,1172,
1644418162,B33,1,0,,1172,0,0,,1172,
1644418162,in27,1,0,,1173,0,0,,1173,
1644418162,B14,1,0,,1173,0,0,,1173,
1644418162,B11,1,0,,1173,0,0,,1173,
1644418162,cn12,1,0,,1173,0,0,,1173,
1644418162,B54,1,1,job554_scenario0_1122,1173,0,0,,1173,
1644418162,B51,1,1,job556_scenario0_1128,1173,0,0,,1173,
1644418162,os4,1,0,,1173,0,0,,1173,
1644418162,in4,1,0,,1173,0,0,,1173,
1644418162,B33,1,0,,1173,0,0,,1173,
1644418162,in27,1,0,,1174,0,0,,1174,
1644418162,B14,1,0,,1174,0,0,,1174,
1644418162,B11,1,0,,1174,0,0,,1174,
1644418162,cn12,1,0,,1174,0,0,,1174,
1644418162,B54,1,1,job554_scenario0_1122,1174,0,0,,1174,
1644418162,B51,1,1,job556_scenario0_1128,1174,0,0,,1174,
1644418162,os4,1,0,,1174,0,0,,1174,
1644418162,in4,1,0,,1174,0,0,,1174,
1644418162,B33,1,0,,1174,0,0,,1174,
1644418162,in27,1,0,,1175,0,0,,1175,
1644418162,B14,1,0,,1175,0,0,,1175,
1644418162,B11,1,1,job570_scenario3_1171,1175,0,0,,1175,
1644418162,cn12,1,0,,1175,0,0,,1175,
1644418162,B54,1,0,,1175,0,0,,1175,
1644418162,B51,1,1,job556_scenario0_1128,1175,0,0,,1175,
1644418162,os4,1,0,,1175,0,0,,1175,
1644418162,in4,1,0,,1175,0,0,,1175,
1644418162,B33,1,0,,1175,0,0,,1175,
1644418162,in27,1,0,,1176,0,0,,1176,
1644418162,B14,1,0,,1176,0,0,,1176,
1644418162,B11,1,1,job570_scenario3_1171,1176,0,0,,1176,
1644418162,cn12,1,0,,1176,0,0,,1176,
1644418162,B54,1,0,,1176,0,0,,1176,
1644418162,B51,1,1,job556_scenario0_1128,1176,0,0,,1176,
1644418162,os4,1,0,,1176,0,0,,1176,
1644418162,in4,1,0,,1176,0,0,,1176,
1644418162,B33,1,0,,1176,0,0,,1176,
1644418162,in27,1,0,,1177,0,0,,1177,
1644418162,B14,1,0,,1177,0,0,,1177,
1644418162,B11,1,1,job570_scenario3_1171,1177,0,0,,1177,
1644418162,cn12,1,0,,1177,0,0,,1177,
1644418162,B54,1,0,,1177,0,0,,1177,
1644418162,B51,1,1,job556_scenario0_1128,1177,0,0,,1177,
1644418162,os4,1,0,,1177,0,0,,1177,
1644418162,in4,1,0,,1177,0,0,,1177,
1644418162,B33,1,0,,1177,0,0,,1177,
1644418162,in27,1,0,,1178,0,0,,1178,
1644418162,B14,1,0,,1178,0,0,,1178,
1644418162,B11,1,0,,1178,0,0,,1178,
1644418162,cn12,1,0,,1178,0,0,,1178,
1644418162,B54,1,0,,1178,0,0,,1178,
1644418162,B51,1,1,job556_scenario0_1128,1178,0,0,,1178,
1644418162,os4,1,0,,1178,0,0,,1178,
1644418162,in4,1,0,,1178,0,0,,1178,
1644418162,B33,1,0,,1178,0,0,,1178,
1644418162,in27,1,0,,1179,0,0,,1179,
1644418162,B14,1,0,,1179,0,0,,1179,
1644418162,B11,1,0,,1179,0,0,,1179,
1644418162,cn12,1,0,,1179,0,0,,1179,
1644418162,B54,1,0,,1179,0,0,,1179,
1644418162,B51,1,1,job556_scenario0_1128,1179,0,0,,1179,
1644418162,os4,1,0,,1179,0,0,,1179,
1644418162,in4,1,0,,1179,0,0,,1179,
1644418162,B33,1,0,,1179,0,0,,1179,
1644418163,in27,1,0,,1180,0,0,,1180,
1644418163,B14,1,0,,1180,0,0,,1180,
1644418163,B11,1,1,job572_scenario3_1176,1180,0,0,,1180,
1644418163,cn12,1,0,,1180,0,0,,1180,
1644418163,B54,1,0,,1180,0,0,,1180,
1644418163,B51,1,1,job556_scenario0_1128,1180,0,0,,1180,
1644418163,os4,1,0,,1180,0,0,,1180,
1644418163,in4,1,0,,1180,0,0,,1180,
1644418163,B33,1,0,,1180,0,0,,1180,
1644418163,in27,1,0,,1181,0,0,,1181,
1644418163,B14,1,0,,1181,0,0,,1181,
1644418163,B11,1,1,job572_scenario3_1176,1181,0,0,,1181,
1644418163,cn12,1,0,,1181,0,0,,1181,
1644418163,B54,1,0,,1181,0,0,,1181,
1644418163,B51,1,1,job556_scenario0_1128,1181,0,0,,1181,
1644418163,os4,1,0,,1181,0,0,,1181,
1644418163,in4,1,0,,1181,0,0,,1181,
1644418163,B33,1,0,,1181,0,0,,1181,
1644418163,in27,1,0,,1182,0,0,,1182,
1644418163,B14,1,0,,1182,0,0,,1182,
1644418163,B11,1,1,job572_scenario3_1176,1182,0,0,,1182,
1644418163,cn12,1,0,,1182,0,0,,1182,
1644418163,B54,1,0,,1182,0,0,,1182,
1644418163,B51,1,1,job556_scenario0_1128,1182,0,0,,1182,
1644418163,os4,1,0,,1182,0,0,,1182,
1644418163,in4,1,0,,1182,0,0,,1182,
1644418163,B33,1,0,,1182,0,0,,1182,
1644418163,in27,1,0,,1183,0,0,,1183,
1644418163,B14,1,0,,1183,0,0,,1183,
1644418163,B11,1,1,job572_scenario3_1176,1183,0,0,,1183,
1644418163,cn12,1,0,,1183,0,0,,1183,
1644418163,B54,1,0,,1183,0,0,,1183,
1644418163,B51,1,0,,1183,0,0,,1183,
1644418163,os4,1,0,,1183,0,0,,1183,
1644418163,in4,1,0,,1183,0,0,,1183,
1644418163,B33,1,0,,1183,0,0,,1183,
1644418163,in27,1,0,,1184,0,0,,1184,
1644418163,B14,1,0,,1184,0,0,,1184,
1644418163,B11,1,1,job572_scenario3_1176,1184,0,0,,1184,
1644418163,cn12,1,0,,1184,0,0,,1184,
1644418163,B54,1,0,,1184,0,0,,1184,
1644418163,B51,1,0,,1184,0,0,,1184,
1644418163,os4,1,0,,1184,0,0,,1184,
1644418163,in4,1,0,,1184,0,0,,1184,
1644418163,B33,1,0,,1184,0,0,,1184,
1644418164,in27,1,0,,1185,0,0,,1185,
1644418164,B14,1,0,,1185,0,0,,1185,
1644418164,B11,1,1,job572_scenario3_1176,1185,0,0,,1185,
1644418164,cn12,1,0,,1185,0,0,,1185,
1644418164,B54,1,0,,1185,0,0,,1185,
1644418164,B51,1,0,,1185,0,0,,1185,
1644418164,os4,1,0,,1185,0,0,,1185,
1644418164,in4,1,0,,1185,0,0,,1185,
1644418164,B33,1,1,job578_scenario2_1184,1185,0,0,,1185,
1644418164,in27,1,0,,1186,0,0,,1186,
1644418164,B14,1,0,,1186,0,0,,1186,
1644418164,B11,1,0,,1186,0,0,,1186,
1644418164,cn12,1,0,,1186,0,0,,1186,
1644418164,B54,1,0,,1186,0,0,,1186,
1644418164,B51,1,0,,1186,0,0,,1186,
1644418164,os4,1,0,,1186,0,0,,1186,
1644418164,in4,1,0,,1186,0,0,,1186,
1644418164,B33,1,1,job578_scenario2_1184,1186,0,0,,1186,
1644418164,in27,1,0,,1187,0,0,,1187,
1644418164,B14,1,0,,1187,0,0,,1187,
1644418164,B11,1,0,,1187,0,0,,1187,
1644418164,cn12,1,0,,1187,0,0,,1187,
1644418164,B54,1,0,,1187,0,0,,1187,
1644418164,B51,1,0,,1187,0,0,,1187,
1644418164,os4,1,0,,1187,0,0,,1187,
1644418164,in4,1,0,,1187,0,0,,1187,
1644418164,B33,1,0,,1187,0,0,,1187,
1644418164,in27,1,0,,1188,0,0,,1188,
1644418164,B14,1,0,,1188,0,0,,1188,
1644418164,B11,1,0,,1188,0,0,,1188,
1644418164,cn12,1,0,,1188,0,0,,1188,
1644418164,B54,1,0,,1188,0,0,,1188,
1644418164,B51,1,0,,1188,0,0,,1188,
1644418164,os4,1,0,,1188,0,0,,1188,
1644418164,in4,1,0,,1188,0,0,,1188,
1644418164,B33,1,0,,1188,0,0,,1188,
1644418164,in27,1,0,,1189,0,0,,1189,
1644418164,B14,1,0,,1189,0,0,,1189,
1644418164,B11,1,0,,1189,0,0,,1189,
1644418164,cn12,1,0,,1189,0,0,,1189,
1644418164,B54,1,0,,1189,0,0,,1189,
1644418164,B51,1,0,,1189,0,0,,1189,
1644418164,os4,1,0,,1189,0,0,,1189,
1644418164,in4,1,0,,1189,0,0,,1189,
1644418164,B33,1,0,,1189,0,0,,1189,
1644418164,in27,1,0,,1190,0,0,,1190,
1644418164,B14,1,0,,1190,0,0,,1190,
1644418164,B11,1,0,,1190,0,0,,1190,
1644418164,cn12,1,0,,1190,0,0,,1190,
1644418164,B54,1,0,,1190,0,0,,1190,
1644418164,B51,1,0,,1190,0,0,,1190,
1644418164,os4,1,0,,1190,0,0,,1190,
1644418164,in4,1,0,,1190,0,0,,1190,
1644418164,B33,1,0,,1190,0,0,,1190,
1644418164,in27,1,0,,1191,0,0,,1191,
1644418164,B14,1,0,,1191,0,0,,1191,
1644418164,B11,1,0,,1191,0,0,,1191,
1644418164,cn12,1,0,,1191,0,0,,1191,
1644418164,B54,1,0,,1191,0,0,,1191,
1644418164,B51,1,0,,1191,0,0,,1191,
1644418164,os4,1,0,,1191,0,0,,1191,
1644418164,in4,1,0,,1191,0,0,,1191,
1644418164,B33,1,0,,1191,0,0,,1191,
1644418164,in27,1,0,,1192,0,0,,1192,
1644418164,B14,1,0,,1192,0,0,,1192,
1644418164,B11,1,0,,1192,0,0,,1192,
1644418164,cn12,1,0,,1192,0,0,,1192,
1644418164,B54,1,0,,1192,0,0,,1192,
1644418164,B51,1,0,,1192,0,0,,1192,
1644418164,os4,1,0,,1192,0,0,,1192,
1644418164,in4,1,0,,1192,0,0,,1192,
1644418164,B33,1,0,,1192,0,0,,1192,
1644418164,in27,1,0,,1193,0,0,,1193,
1644418164,B14,1,0,,1193,0,0,,1193,
1644418164,B11,1,1,job579_scenario3_1189,1193,0,0,,1193,
1644418164,cn12,1,0,,1193,0,0,,1193,
1644418164,B54,1,0,,1193,0,0,,1193,
1644418164,B51,1,0,,1193,0,0,,1193,
1644418164,os4,1,0,,1193,0,0,,1193,
1644418164,in4,1,0,,1193,0,0,,1193,
1644418164,B33,1,0,,1193,0,0,,1193,
1644418165,in27,1,0,,1194,0,0,,1194,
1644418165,B14,1,0,,1194,0,0,,1194,
1644418165,B11,1,1,job579_scenario3_1189,1194,0,0,,1194,
1644418165,cn12,1,0,,1194,0,0,,1194,
1644418165,B54,1,0,,1194,0,0,,1194,
1644418165,B51,1,0,,1194,0,0,,1194,
1644418165,os4,1,0,,1194,0,0,,1194,
1644418165,in4,1,0,,1194,0,0,,1194,
1644418165,B33,1,0,,1194,0,0,,1194,
1644418165,in27,1,0,,1195,0,0,,1195,
1644418165,B14,1,0,,1195,0,0,,1195,
1644418165,B11,1,0,,1195,0,0,,1195,
1644418165,cn12,1,0,,1195,0,0,,1195,
1644418165,B54,1,0,,1195,0,0,,1195,
1644418165,B51,1,1,job564_scenario0_1154,1195,0,0,,1195,
1644418165,os4,1,0,,1195,0,0,,1195,
1644418165,in4,1,0,,1195,0,0,,1195,
1644418165,B33,1,0,,1195,0,0,,1195,
1644418166,in27,1,0,,1196,0,0,,1196,
1644418166,B14,1,0,,1196,0,0,,1196,
1644418166,B11,1,1,job581_scenario3_1192,1196,0,0,,1196,
1644418166,cn12,1,0,,1196,0,0,,1196,
1644418166,B54,1,0,,1196,0,0,,1196,
1644418166,B51,1,1,job564_scenario0_1154,1196,0,0,,1196,
1644418166,os4,1,0,,1196,0,0,,1196,
1644418166,in4,1,0,,1196,0,0,,1196,
1644418166,B33,1,0,,1196,0,0,,1196,
1644418166,in27,1,0,,1197,0,0,,1197,
1644418166,B14,1,0,,1197,0,0,,1197,
1644418166,B11,1,1,job581_scenario3_1192,1197,0,0,,1197,
1644418166,cn12,1,0,,1197,0,0,,1197,
1644418166,B54,1,0,,1197,0,0,,1197,
1644418166,B51,1,1,job564_scenario0_1154,1197,0,0,,1197,
1644418166,os4,1,0,,1197,0,0,,1197,
1644418166,in4,1,0,,1197,0,0,,1197,
1644418166,B33,1,0,,1197,0,0,,1197,
1644418166,in27,1,0,,1198,0,0,,1198,
1644418166,B14,1,0,,1198,0,0,,1198,
1644418166,B11,1,0,,1198,0,0,,1198,
1644418166,cn12,1,0,,1198,0,0,,1198,
1644418166,B54,1,0,,1198,0,0,,1198,
1644418166,B51,1,1,job564_scenario0_1154,1198,0,0,,1198,
1644418166,os4,1,0,,1198,0,0,,1198,
1644418166,in4,1,0,,1198,0,0,,1198,
1644418166,B33,1,0,,1198,0,0,,1198,
1644418166,in27,1,0,,1199,0,0,,1199,
1644418166,B14,1,0,,1199,0,0,,1199,
1644418166,B11,1,0,,1199,0,0,,1199,
1644418166,cn12,1,0,,1199,0,0,,1199,
1644418166,B54,1,0,,1199,0,0,,1199,
1644418166,B51,1,1,job564_scenario0_1154,1199,0,0,,1199,
1644418166,os4,1,0,,1199,0,0,,1199,
1644418166,in4,1,0,,1199,0,0,,1199,
1644418166,B33,1,0,,1199,0,0,,1199,
1644418166,in27,1,0,,1200,0,0,,1200,
1644418166,B14,1,0,,1200,0,0,,1200,
1644418166,B11,1,0,,1200,0,0,,1200,
1644418166,cn12,1,0,,1200,0,0,,1200,
1644418166,B54,1,0,,1200,0,0,,1200,
1644418167,B51,1,1,job564_scenario0_1154,1200,0,0,,1200,
1644418167,os4,1,0,,1200,0,0,,1200,
1644418167,in4,1,0,,1200,0,0,,1200,
1644418167,B33,1,0,,1200,0,0,,1200,
1644418167,in27,1,0,,1201,0,0,,1201,
1644418167,B14,1,0,,1201,0,0,,1201,
1644418167,B11,1,0,,1201,0,0,,1201,
1644418167,cn12,1,0,,1201,0,0,,1201,
1644418167,B54,1,0,,1201,0,0,,1201,
1644418167,B51,1,1,job564_scenario0_1154,1201,0,0,,1201,
1644418167,os4,1,0,,1201,0,0,,1201,
1644418167,in4,1,0,,1201,0,0,,1201,
1644418167,B33,1,0,,1201,0,0,,1201,
1644418167,in27,1,0,,1202,0,0,,1202,
1644418167,B14,1,0,,1202,0,0,,1202,
1644418167,B11,1,0,,1202,0,0,,1202,
1644418167,cn12,1,0,,1202,0,0,,1202,
1644418167,B54,1,0,,1202,0,0,,1202,
1644418167,B51,1,1,job564_scenario0_1154,1202,0,0,,1202,
1644418167,os4,1,0,,1202,0,0,,1202,
1644418167,in4,1,0,,1202,0,0,,1202,
1644418167,B33,1,0,,1202,0,0,,1202,
1644418167,in27,1,0,,1203,0,0,,1203,
1644418167,B14,1,0,,1203,0,0,,1203,
1644418167,B11,1,0,,1203,0,0,,1203,
1644418167,cn12,1,0,,1203,0,0,,1203,
1644418167,B54,1,0,,1203,0,0,,1203,
1644418167,B51,1,1,job564_scenario0_1154,1203,0,0,,1203,
1644418167,os4,1,0,,1203,0,0,,1203,
1644418167,in4,1,0,,1203,0,0,,1203,
1644418167,B33,1,0,,1203,0,0,,1203,
1644418167,in27,1,0,,1204,0,0,,1204,
1644418167,B14,1,0,,1204,0,0,,1204,
1644418167,B11,1,0,,1204,0,0,,1204,
1644418167,cn12,1,0,,1204,0,0,,1204,
1644418167,B54,1,0,,1204,0,0,,1204,
1644418167,B51,1,1,job564_scenario0_1154,1204,0,0,,1204,
1644418167,os4,1,0,,1204,0,0,,1204,
1644418167,in4,1,0,,1204,0,0,,1204,
1644418167,B33,1,0,,1204,0,0,,1204,
1644418167,in27,1,0,,1205,0,0,,1205,
1644418167,B14,1,0,,1205,0,0,,1205,
1644418167,B11,1,0,,1205,0,0,,1205,
1644418167,cn12,1,0,,1205,0,0,,1205,
1644418167,B54,1,0,,1205,0,0,,1205,
1644418167,B51,1,0,,1205,0,0,,1205,
1644418167,os4,1,0,,1205,0,0,,1205,
1644418167,in4,1,0,,1205,0,0,,1205,
1644418167,B33,1,0,,1205,0,0,,1205,
1644418167,in27,1,0,,1206,0,0,,1206,
1644418167,B14,1,0,,1206,0,0,,1206,
1644418167,B11,1,0,,1206,0,0,,1206,
1644418167,cn12,1,0,,1206,0,0,,1206,
1644418167,B54,1,0,,1206,0,0,,1206,
1644418167,B51,1,0,,1206,0,0,,1206,
1644418167,os4,1,0,,1206,0,0,,1206,
1644418167,in4,1,0,,1206,0,0,,1206,
1644418167,B33,1,0,,1206,0,0,,1206,
1644418167,in27,1,0,,1207,0,0,,1207,
1644418167,B14,1,0,,1207,0,0,,1207,
1644418167,B11,1,0,,1207,0,0,,1207,
1644418167,cn12,1,0,,1207,0,0,,1207,
1644418167,B54,1,0,,1207,0,0,,1207,
1644418167,B51,1,0,,1207,0,0,,1207,
1644418167,os4,1,0,,1207,0,0,,1207,
1644418167,in4,1,0,,1207,0,0,,1207,
1644418167,B33,1,0,,1207,0,0,,1207,
1644418167,in27,1,0,,1208,0,0,,1208,
1644418167,B14,1,0,,1208,0,0,,1208,
1644418167,B11,1,0,,1208,0,0,,1208,
1644418167,cn12,1,0,,1208,0,0,,1208,
1644418167,B54,1,0,,1208,0,0,,1208,
1644418167,B51,1,0,,1208,0,0,,1208,
1644418167,os4,1,0,,1208,0,0,,1208,
1644418167,in4,1,0,,1208,0,0,,1208,
1644418167,B33,1,0,,1208,0,0,,1208,
1644418167,in27,1,0,,1209,0,0,,1209,
1644418167,B14,1,0,,1209,0,0,,1209,
1644418168,B11,1,0,,1209,0,0,,1209,
1644418168,cn12,1,0,,1209,0,0,,1209,
1644418168,B54,1,0,,1209,0,0,,1209,
1644418168,B51,1,0,,1209,0,0,,1209,
1644418168,os4,1,0,,1209,0,0,,1209,
1644418168,in4,1,0,,1209,0,0,,1209,
1644418168,B33,1,0,,1209,0,0,,1209,
1644418168,in27,1,0,,1210,0,0,,1210,
1644418168,B14,1,0,,1210,0,0,,1210,
1644418168,B11,1,0,,1210,0,0,,1210,
1644418168,cn12,1,0,,1210,0,0,,1210,
1644418168,B54,1,0,,1210,0,0,,1210,
1644418168,B51,1,0,,1210,0,0,,1210,
1644418168,os4,1,0,,1210,0,0,,1210,
1644418168,in4,1,0,,1210,0,0,,1210,
1644418168,B33,1,0,,1210,0,0,,1210,
1644418168,in27,1,0,,1211,0,0,,1211,
1644418168,B14,1,0,,1211,0,0,,1211,
1644418168,B11,1,1,job588_scenario3_1208,1211,0,0,,1211,
1644418168,cn12,1,0,,1211,0,0,,1211,
1644418168,B54,1,0,,1211,0,0,,1211,
1644418168,B51,1,0,,1211,0,0,,1211,
1644418168,os4,1,0,,1211,0,0,,1211,
1644418168,in4,1,0,,1211,0,0,,1211,
1644418168,B33,1,0,,1211,0,0,,1211,
1644418168,in27,1,0,,1212,0,0,,1212,
1644418168,B14,1,0,,1212,0,0,,1212,
1644418168,B11,1,1,job588_scenario3_1208,1212,0,0,,1212,
1644418168,cn12,1,0,,1212,0,0,,1212,
1644418168,B54,1,1,job571_scenario0_1172,1212,0,0,,1212,
1644418168,B51,1,0,,1212,0,0,,1212,
1644418168,os4,1,0,,1212,0,0,,1212,
1644418168,in4,1,0,,1212,0,0,,1212,
1644418168,B33,1,0,,1212,0,0,,1212,
1644418168,in27,1,0,,1213,0,0,,1213,
1644418168,B14,1,0,,1213,0,0,,1213,
1644418168,B11,1,1,job588_scenario3_1208,1213,0,0,,1213,
1644418168,cn12,1,0,,1213,0,0,,1213,
1644418168,B54,1,1,job571_scenario0_1172,1213,0,0,,1213,
1644418168,B51,1,0,,1213,0,0,,1213,
1644418168,os4,1,0,,1213,0,0,,1213,
1644418168,in4,1,0,,1213,0,0,,1213,
1644418168,B33,1,0,,1213,0,0,,1213,
1644418169,in27,1,0,,1214,0,0,,1214,
1644418169,B14,1,0,,1214,0,0,,1214,
1644418169,B11,1,1,job588_scenario3_1208,1214,0,0,,1214,
1644418169,cn12,1,0,,1214,0,0,,1214,
1644418169,B54,1,1,job571_scenario0_1172,1214,0,0,,1214,
1644418169,B51,1,0,,1214,0,0,,1214,
1644418169,os4,1,0,,1214,0,0,,1214,
1644418169,in4,1,0,,1214,0,0,,1214,
1644418169,B33,1,0,,1214,0,0,,1214,
1644418169,in27,1,0,,1215,0,0,,1215,
1644418169,B14,1,0,,1215,0,0,,1215,
1644418169,B11,1,1,job588_scenario3_1208,1215,0,0,,1215,
1644418169,cn12,1,0,,1215,0,0,,1215,
1644418169,B54,1,1,job571_scenario0_1172,1215,0,0,,1215,
1644418169,B51,1,0,,1215,0,0,,1215,
1644418169,os4,1,0,,1215,0,0,,1215,
1644418169,in4,1,0,,1215,0,0,,1215,
1644418169,B33,1,0,,1215,0,0,,1215,
1644418169,in27,1,0,,1216,0,0,,1216,
1644418169,B14,1,0,,1216,0,0,,1216,
1644418169,B11,1,0,,1216,0,0,,1216,
1644418169,cn12,1,0,,1216,0,0,,1216,
1644418169,B54,1,1,job571_scenario0_1172,1216,0,0,,1216,
1644418169,B51,1,0,,1216,0,0,,1216,
1644418169,os4,1,0,,1216,0,0,,1216,
1644418169,in4,1,0,,1216,0,0,,1216,
1644418169,B33,1,0,,1216,0,0,,1216,
1644418169,in27,1,0,,1217,0,0,,1217,
1644418169,B14,1,0,,1217,0,0,,1217,
1644418169,B11,1,0,,1217,0,0,,1217,
1644418169,cn12,1,0,,1217,0,0,,1217,
1644418169,B54,1,1,job571_scenario0_1172,1217,0,0,,1217,
1644418169,B51,1,0,,1217,0,0,,1217,
1644418169,os4,1,0,,1217,0,0,,1217,
1644418169,in4,1,0,,1217,0,0,,1217,
1644418169,B33,1,0,,1217,0,0,,1217,
1644418169,in27,1,0,,1218,0,0,,1218,
1644418169,B14,1,0,,1218,0,0,,1218,
1644418169,B11,1,0,,1218,0,0,,1218,
1644418169,cn12,1,0,,1218,0,0,,1218,
1644418169,B54,1,1,job571_scenario0_1172,1218,0,0,,1218,
1644418169,B51,1,0,,1218,0,0,,1218,
1644418169,os4,1,0,,1218,0,0,,1218,
1644418169,in4,1,0,,1218,0,0,,1218,
1644418169,B33,1,0,,1218,0,0,,1218,
1644418169,in27,1,0,,1219,0,0,,1219,
1644418169,B14,1,0,,1219,0,0,,1219,
1644418169,B11,1,0,,1219,0,0,,1219,
1644418169,cn12,1,0,,1219,0,0,,1219,
1644418169,B54,1,1,job571_scenario0_1172,1219,0,0,,1219,
1644418170,B51,1,0,,1219,0,0,,1219,
1644418170,os4,1,0,,1219,0,0,,1219,
1644418170,in4,1,0,,1219,0,0,,1219,
1644418170,B33,1,1,job590_scenario2_1218,1219,0,0,,1219,
1644418170,in27,1,0,,1220,0,0,,1220,
1644418170,B14,1,0,,1220,0,0,,1220,
1644418170,B11,1,0,,1220,0,0,,1220,
1644418170,cn12,1,0,,1220,0,0,,1220,
1644418170,B54,1,1,job571_scenario0_1172,1220,0,0,,1220,
1644418170,B51,1,0,,1220,0,0,,1220,
1644418170,os4,1,0,,1220,0,0,,1220,
1644418170,in4,1,0,,1220,0,0,,1220,
1644418170,B33,1,1,job590_scenario2_1218,1220,0,0,,1220,
1644418170,in27,1,0,,1221,0,0,,1221,
1644418170,B14,1,0,,1221,0,0,,1221,
1644418170,B11,1,0,,1221,0,0,,1221,
1644418170,cn12,1,0,,1221,0,0,,1221,
1644418170,B54,1,1,job571_scenario0_1172,1221,0,0,,1221,
1644418170,B51,1,1,job575_scenario0_1180,1221,0,0,,1221,
1644418170,os4,1,0,,1221,0,0,,1221,
1644418170,in4,1,0,,1221,0,0,,1221,
1644418170,B33,1,1,job590_scenario2_1218,1221,0,0,,1221,
1644418170,in27,1,0,,1222,0,0,,1222,
1644418170,B14,1,0,,1222,0,0,,1222,
1644418170,B11,1,0,,1222,0,0,,1222,
1644418170,cn12,1,0,,1222,0,0,,1222,
1644418170,B54,1,1,job571_scenario0_1172,1222,0,0,,1222,
1644418170,B51,1,1,job575_scenario0_1180,1222,0,0,,1222,
1644418170,os4,1,0,,1222,0,0,,1222,
1644418170,in4,1,0,,1222,0,0,,1222,
1644418170,B33,1,0,,1222,0,0,,1222,
1644418170,in27,1,0,,1223,0,0,,1223,
1644418170,B14,1,0,,1223,0,0,,1223,
1644418170,B11,1,0,,1223,0,0,,1223,
1644418170,cn12,1,0,,1223,0,0,,1223,
1644418170,B54,1,1,job571_scenario0_1172,1223,0,0,,1223,
1644418170,B51,1,1,job575_scenario0_1180,1223,0,0,,1223,
1644418170,os4,1,0,,1223,0,0,,1223,
1644418170,in4,1,0,,1223,0,0,,1223,
1644418170,B33,1,1,job593_scenario2_1222,1223,0,0,,1223,
1644418170,in27,1,0,,1224,0,0,,1224,
1644418170,B14,1,0,,1224,0,0,,1224,
1644418170,B11,1,0,,1224,0,0,,1224,
1644418170,cn12,1,0,,1224,0,0,,1224,
1644418170,B54,1,1,job571_scenario0_1172,1224,0,0,,1224,
1644418170,B51,1,1,job575_scenario0_1180,1224,0,0,,1224,
1644418170,os4,1,0,,1224,0,0,,1224,
1644418170,in4,1,0,,1224,0,0,,1224,
1644418170,B33,1,1,job593_scenario2_1222,1224,0,0,,1224,
1644418170,in27,1,0,,1225,0,0,,1225,
1644418170,B14,1,0,,1225,0,0,,1225,
1644418170,B11,1,0,,1225,0,0,,1225,
1644418170,cn12,1,0,,1225,0,0,,1225,
1644418170,B54,1,0,,1225,0,0,,1225,
1644418170,B51,1,1,job575_scenario0_1180,1225,0,0,,1225,
1644418170,os4,1,0,,1225,0,0,,1225,
1644418170,in4,1,0,,1225,0,0,,1225,
1644418170,B33,1,1,job593_scenario2_1222,1225,0,0,,1225,
1644418170,in27,1,0,,1226,0,0,,1226,
1644418170,B14,1,0,,1226,0,0,,1226,
1644418170,B11,1,0,,1226,0,0,,1226,
1644418170,cn12,1,0,,1226,0,0,,1226,
1644418170,B54,1,0,,1226,0,0,,1226,
1644418170,B51,1,1,job575_scenario0_1180,1226,0,0,,1226,
1644418171,os4,1,0,,1226,0,0,,1226,
1644418171,in4,1,0,,1226,0,0,,1226,
1644418171,B33,1,1,job593_scenario2_1222,1226,0,0,,1226,
1644418171,in27,1,0,,1227,0,0,,1227,
1644418171,B14,1,0,,1227,0,0,,1227,
1644418171,B11,1,0,,1227,0,0,,1227,
1644418171,cn12,1,0,,1227,0,0,,1227,
1644418171,B54,1,0,,1227,0,0,,1227,
1644418171,B51,1,1,job575_scenario0_1180,1227,0,0,,1227,
1644418171,os4,1,0,,1227,0,0,,1227,
1644418171,in4,1,0,,1227,0,0,,1227,
1644418171,B33,1,1,job593_scenario2_1222,1227,0,0,,1227,
1644418171,in27,1,0,,1228,0,0,,1228,
1644418171,B14,1,0,,1228,0,0,,1228,
1644418171,B11,1,0,,1228,0,0,,1228,
1644418171,cn12,1,0,,1228,0,0,,1228,
1644418171,B54,1,0,,1228,0,0,,1228,
1644418171,B51,1,1,job575_scenario0_1180,1228,0,0,,1228,
1644418171,os4,1,0,,1228,0,0,,1228,
1644418171,in4,1,0,,1228,0,0,,1228,
1644418171,B33,1,0,,1228,0,0,,1228,
1644418171,in27,1,0,,1229,0,0,,1229,
1644418171,B14,1,0,,1229,0,0,,1229,
1644418171,B11,1,0,,1229,0,0,,1229,
1644418171,cn12,1,0,,1229,0,0,,1229,
1644418171,B54,1,0,,1229,0,0,,1229,
1644418171,B51,1,1,job575_scenario0_1180,1229,0,0,,1229,
1644418171,os4,1,0,,1229,0,0,,1229,
1644418171,in4,1,0,,1229,0,0,,1229,
1644418171,B33,1,0,,1229,0,0,,1229,
1644418171,in27,1,0,,1230,0,0,,1230,
1644418171,B14,1,0,,1230,0,0,,1230,
1644418171,B11,1,0,,1230,0,0,,1230,
1644418171,cn12,1,0,,1230,0,0,,1230,
1644418171,B54,1,0,,1230,0,0,,1230,
1644418171,B51,1,1,job575_scenario0_1180,1230,0,0,,1230,
1644418171,os4,1,0,,1230,0,0,,1230,
1644418171,in4,1,0,,1230,0,0,,1230,
1644418171,B33,1,0,,1230,0,0,,1230,
1644418171,in27,1,0,,1231,0,0,,1231,
1644418171,B14,1,0,,1231,0,0,,1231,
1644418171,B11,1,1,job596_scenario3_1228,1231,0,0,,1231,
1644418171,cn12,1,0,,1231,0,0,,1231,
1644418171,B54,1,1,job580_scenario0_1190,1231,0,0,,1231,
1644418171,B51,1,1,job575_scenario0_1180,1231,0,0,,1231,
1644418171,os4,1,0,,1231,0,0,,1231,
1644418171,in4,1,0,,1231,0,0,,1231,
1644418171,B33,1,0,,1231,0,0,,1231,
1644418171,in27,1,0,,1232,0,0,,1232,
1644418171,B14,1,0,,1232,0,0,,1232,
1644418171,B11,1,1,job596_scenario3_1228,1232,0,0,,1232,
1644418171,cn12,1,0,,1232,0,0,,1232,
1644418171,B54,1,1,job580_scenario0_1190,1232,0,0,,1232,
1644418171,B51,1,1,job575_scenario0_1180,1232,0,0,,1232,
1644418171,os4,1,0,,1232,0,0,,1232,
1644418171,in4,1,0,,1232,0,0,,1232,
1644418171,B33,1,0,,1232,0,0,,1232,
1644418171,in27,1,0,,1233,0,0,,1233,
1644418171,B14,1,0,,1233,0,0,,1233,
1644418171,B11,1,0,,1233,0,0,,1233,
1644418171,cn12,1,0,,1233,0,0,,1233,
1644418171,B54,1,1,job580_scenario0_1190,1233,0,0,,1233,
1644418171,B51,1,1,job575_scenario0_1180,1233,0,0,,1233,
1644418171,os4,1,0,,1233,0,0,,1233,
1644418171,in4,1,0,,1233,0,0,,1233,
1644418171,B33,1,0,,1233,0,0,,1233,
1644418172,in27,1,0,,1234,0,0,,1234,
1644418172,B14,1,0,,1234,0,0,,1234,
1644418172,B11,1,0,,1234,0,0,,1234,
1644418172,cn12,1,0,,1234,0,0,,1234,
1644418172,B54,1,1,job580_scenario0_1190,1234,0,0,,1234,
1644418172,B51,1,0,,1234,0,0,,1234,
1644418172,os4,1,0,,1234,0,0,,1234,
1644418172,in4,1,0,,1234,0,0,,1234,
1644418172,B33,1,1,job598_scenario2_1233,1234,0,0,,1234,
1644418172,in27,1,0,,1235,0,0,,1235,
1644418172,B14,1,0,,1235,0,0,,1235,
1644418172,B11,1,0,,1235,0,0,,1235,
1644418172,cn12,1,0,,1235,0,0,,1235,
1644418172,B54,1,1,job580_scenario0_1190,1235,0,0,,1235,
1644418172,B51,1,0,,1235,0,0,,1235,
1644418172,os4,1,0,,1235,0,0,,1235,
1644418172,in4,1,0,,1235,0,0,,1235,
1644418172,B33,1,1,job598_scenario2_1233,1235,0,0,,1235,
1644418172,in27,1,0,,1236,0,0,,1236,
1644418172,B14,1,0,,1236,0,0,,1236,
1644418172,B11,1,0,,1236,0,0,,1236,
1644418172,cn12,1,0,,1236,0,0,,1236,
1644418172,B54,1,1,job580_scenario0_1190,1236,0,0,,1236,
1644418172,B51,1,0,,1236,0,0,,1236,
1644418172,os4,1,0,,1236,0,0,,1236,
1644418172,in4,1,0,,1236,0,0,,1236,
1644418172,B33,1,1,job598_scenario2_1233,1236,0,0,,1236,
1644418172,in27,1,0,,1237,0,0,,1237,
1644418172,B14,1,0,,1237,0,0,,1237,
1644418172,B11,1,0,,1237,0,0,,1237,
1644418172,cn12,1,0,,1237,0,0,,1237,
1644418172,B54,1,1,job580_scenario0_1190,1237,0,0,,1237,
1644418172,B51,1,0,,1237,0,0,,1237,
1644418172,os4,1,0,,1237,0,0,,1237,
1644418172,in4,1,0,,1237,0,0,,1237,
1644418172,B33,1,0,,1237,0,0,,1237,
1644418172,in27,1,0,,1238,0,0,,1238,
1644418172,B14,1,0,,1238,0,0,,1238,
1644418172,B11,1,0,,1238,0,0,,1238,
1644418172,cn12,1,0,,1238,0,0,,1238,
1644418172,B54,1,1,job580_scenario0_1190,1238,0,0,,1238,
1644418172,B51,1,0,,1238,0,0,,1238,
1644418172,os4,1,0,,1238,0,0,,1238,
1644418172,in4,1,0,,1238,0,0,,1238,
1644418172,B33,1,0,,1238,0,0,,1238,
1644418172,in27,1,0,,1239,0,0,,1239,
1644418172,B14,1,0,,1239,0,0,,1239,
1644418172,B11,1,0,,1239,0,0,,1239,
1644418172,cn12,1,0,,1239,0,0,,1239,
1644418172,B54,1,1,job580_scenario0_1190,1239,0,0,,1239,
1644418172,B51,1,0,,1239,0,0,,1239,
1644418172,os4,1,0,,1239,0,0,,1239,
1644418172,in4,1,0,,1239,0,0,,1239,
1644418172,B33,1,0,,1239,0,0,,1239,
1644418172,in27,1,0,,1240,0,0,,1240,
1644418172,B14,1,0,,1240,0,0,,1240,
1644418172,B11,1,1,job599_scenario3_1237,1240,0,0,,1240,
1644418172,cn12,1,0,,1240,0,0,,1240,
1644418172,B54,1,1,job580_scenario0_1190,1240,0,0,,1240,
1644418172,B51,1,0,,1240,0,0,,1240,
1644418172,os4,1,0,,1240,0,0,,1240,
1644418172,in4,1,0,,1240,0,0,,1240,
1644418172,B33,1,0,,1240,0,0,,1240,
1644418172,in27,1,0,,1241,0,0,,1241,
1644418172,B14,1,0,,1241,0,0,,1241,
1644418172,B11,1,1,job599_scenario3_1237,1241,0,0,,1241,
1644418172,cn12,1,0,,1241,0,0,,1241,
1644418172,B54,1,1,job580_scenario0_1190,1241,0,0,,1241,
1644418172,B51,1,0,,1241,0,0,,1241,
1644418172,os4,1,0,,1241,0,0,,1241,
1644418172,in4,1,0,,1241,0,0,,1241,
1644418172,B33,1,0,,1241,0,0,,1241,
1644418173,in27,1,0,,1242,0,0,,1242,
1644418173,B14,1,0,,1242,0,0,,1242,
1644418173,B11,1,0,,1242,0,0,,1242,
1644418173,cn12,1,0,,1242,0,0,,1242,
1644418173,B54,1,0,,1242,0,0,,1242,
1644418173,B51,1,0,,1242,0,0,,1242,
1644418173,os4,1,0,,1242,0,0,,1242,
1644418173,in4,1,0,,1242,0,0,,1242,
1644418173,B33,1,0,,1242,0,0,,1242,
1644418173,in27,1,0,,1243,0,0,,1243,
1644418173,B14,1,0,,1243,0,0,,1243,
1644418173,B11,1,0,,1243,0,0,,1243,
1644418173,cn12,1,0,,1243,0,0,,1243,
1644418173,B54,1,0,,1243,0,0,,1243,
1644418173,B51,1,0,,1243,0,0,,1243,
1644418173,os4,1,0,,1243,0,0,,1243,
1644418173,in4,1,0,,1243,0,0,,1243,
1644418173,B33,1,0,,1243,0,0,,1243,
1644418173,in27,1,0,,1244,0,0,,1244,
1644418173,B14,1,0,,1244,0,0,,1244,
1644418173,B11,1,0,,1244,0,0,,1244,
1644418173,cn12,1,0,,1244,0,0,,1244,
1644418173,B54,1,0,,1244,0,0,,1244,
1644418173,B51,1,0,,1244,0,0,,1244,
1644418173,os4,1,0,,1244,0,0,,1244,
1644418173,in4,1,0,,1244,0,0,,1244,
1644418173,B33,1,0,,1244,0,0,,1244,
1644418173,in27,1,0,,1245,0,0,,1245,
1644418173,B14,1,0,,1245,0,0,,1245,
1644418173,B11,1,1,job601_scenario3_1242,1245,0,0,,1245,
1644418173,cn12,1,0,,1245,0,0,,1245,
1644418173,B54,1,1,job586_scenario0_1204,1245,0,0,,1245,
1644418173,B51,1,0,,1245,0,0,,1245,
1644418173,os4,1,0,,1245,0,0,,1245,
1644418173,in4,1,0,,1245,0,0,,1245,
1644418173,B33,1,0,,1245,0,0,,1245,
1644418173,in27,1,0,,1246,0,0,,1246,
1644418173,B14,1,0,,1246,0,0,,1246,
1644418173,B11,1,1,job601_scenario3_1242,1246,0,0,,1246,
1644418173,cn12,1,0,,1246,0,0,,1246,
1644418173,B54,1,1,job586_scenario0_1204,1246,0,0,,1246,
1644418173,B51,1,0,,1246,0,0,,1246,
1644418173,os4,1,0,,1246,0,0,,1246,
1644418173,in4,1,0,,1246,0,0,,1246,
1644418173,B33,1,0,,1246,0,0,,1246,
1644418173,in27,1,0,,1247,0,0,,1247,
1644418173,B14,1,0,,1247,0,0,,1247,
1644418173,B11,1,1,job601_scenario3_1242,1247,0,0,,1247,
1644418173,cn12,1,0,,1247,0,0,,1247,
1644418173,B54,1,1,job586_scenario0_1204,1247,0,0,,1247,
1644418173,B51,1,0,,1247,0,0,,1247,
1644418173,os4,1,0,,1247,0,0,,1247,
1644418173,in4,1,0,,1247,0,0,,1247,
1644418173,B33,1,0,,1247,0,0,,1247,
1644418173,in27,1,0,,1248,0,0,,1248,
1644418173,B14,1,0,,1248,0,0,,1248,
1644418173,B11,1,0,,1248,0,0,,1248,
1644418173,cn12,1,0,,1248,0,0,,1248,
1644418173,B54,1,0,,1248,0,0,,1248,
1644418173,B51,1,0,,1248,0,0,,1248,
1644418173,os4,1,0,,1248,0,0,,1248,
1644418173,in4,1,0,,1248,0,0,,1248,
1644418173,B33,1,0,,1248,0,0,,1248,
1644418173,in27,1,0,,1249,0,0,,1249,
1644418173,B14,1,0,,1249,0,0,,1249,
1644418173,B11,1,0,,1249,0,0,,1249,
1644418173,cn12,1,0,,1249,0,0,,1249,
1644418173,B54,1,0,,1249,0,0,,1249,
1644418174,B51,1,0,,1249,0,0,,1249,
1644418174,os4,1,0,,1249,0,0,,1249,
1644418174,in4,1,0,,1249,0,0,,1249,
1644418174,B33,1,0,,1249,0,0,,1249,
1644418174,in27,1,0,,1250,0,0,,1250,
1644418174,B14,1,0,,1250,0,0,,1250,
1644418174,B11,1,0,,1250,0,0,,1250,
1644418174,cn12,1,0,,1250,0,0,,1250,
1644418174,B54,1,0,,1250,0,0,,1250,
1644418174,B51,1,0,,1250,0,0,,1250,
1644418174,os4,1,0,,1250,0,0,,1250,
1644418174,in4,1,0,,1250,0,0,,1250,
1644418174,B33,1,0,,1250,0,0,,1250,
1644418174,in27,1,0,,1251,0,0,,1251,
1644418174,B14,1,0,,1251,0,0,,1251,
1644418174,B11,1,0,,1251,0,0,,1251,
1644418174,cn12,1,0,,1251,0,0,,1251,
1644418174,B54,1,0,,1251,0,0,,1251,
1644418174,B51,1,0,,1251,0,0,,1251,
1644418174,os4,1,0,,1251,0,0,,1251,
1644418174,in4,1,0,,1251,0,0,,1251,
1644418174,B33,1,0,,1251,0,0,,1251,
1644418174,in27,1,0,,1252,0,0,,1252,
1644418174,B14,1,0,,1252,0,0,,1252,
1644418174,B11,1,0,,1252,0,0,,1252,
1644418174,cn12,1,0,,1252,0,0,,1252,
1644418174,B54,1,0,,1252,0,0,,1252,
1644418174,B51,1,0,,1252,0,0,,1252,
1644418174,os4,1,0,,1252,0,0,,1252,
1644418174,in4,1,0,,1252,0,0,,1252,
1644418174,B33,1,0,,1252,0,0,,1252,
1644418174,in27,1,0,,1253,0,0,,1253,
1644418174,B14,1,0,,1253,0,0,,1253,
1644418174,B11,1,0,,1253,0,0,,1253,
1644418174,cn12,1,0,,1253,0,0,,1253,
1644418174,B54,1,0,,1253,0,0,,1253,
1644418174,B51,1,0,,1253,0,0,,1253,
1644418174,os4,1,0,,1253,0,0,,1253,
1644418174,in4,1,0,,1253,0,0,,1253,
1644418174,B33,1,0,,1253,0,0,,1253,
1644418174,in27,1,0,,1254,0,0,,1254,
1644418174,B14,1,0,,1254,0,0,,1254,
1644418174,B11,1,0,,1254,0,0,,1254,
1644418174,cn12,1,0,,1254,0,0,,1254,
1644418174,B54,1,0,,1254,0,0,,1254,
1644418174,B51,1,0,,1254,0,0,,1254,
1644418174,os4,1,0,,1254,0,0,,1254,
1644418174,in4,1,0,,1254,0,0,,1254,
1644418174,B33,1,0,,1254,0,0,,1254,
1644418174,in27,1,0,,1255,0,0,,1255,
1644418174,B14,1,0,,1255,0,0,,1255,
1644418174,B11,1,0,,1255,0,0,,1255,
1644418174,cn12,1,0,,1255,0,0,,1255,
1644418174,B54,1,0,,1255,0,0,,1255,
1644418174,B51,1,0,,1255,0,0,,1255,
1644418174,os4,1,0,,1255,0,0,,1255,
1644418174,in4,1,0,,1255,0,0,,1255,
1644418174,B33,1,0,,1255,0,0,,1255,
1644418174,in27,1,0,,1256,0,0,,1256,
1644418174,B14,1,0,,1256,0,0,,1256,
1644418174,B11,1,0,,1256,0,0,,1256,
1644418174,cn12,1,0,,1256,0,0,,1256,
1644418174,B54,1,0,,1256,0,0,,1256,
1644418174,B51,1,0,,1256,0,0,,1256,
1644418174,os4,1,0,,1256,0,0,,1256,
1644418174,in4,1,0,,1256,0,0,,1256,
1644418174,B33,1,0,,1256,0,0,,1256,
1644418175,in27,1,0,,1257,0,0,,1257,
1644418175,B14,1,0,,1257,0,0,,1257,
1644418175,B11,1,1,job604_scenario3_1254,1257,0,0,,1257,
1644418175,cn12,1,0,,1257,0,0,,1257,
1644418175,B54,1,0,,1257,0,0,,1257,
1644418175,B51,1,0,,1257,0,0,,1257,
1644418175,os4,1,0,,1257,0,0,,1257,
1644418175,in4,1,0,,1257,0,0,,1257,
1644418175,B33,1,0,,1257,0,0,,1257,
1644418175,in27,1,0,,1258,0,0,,1258,
1644418175,B14,1,0,,1258,0,0,,1258,
1644418175,B11,1,1,job604_scenario3_1254,1258,0,0,,1258,
1644418175,cn12,1,0,,1258,0,0,,1258,
1644418175,B54,1,0,,1258,0,0,,1258,
1644418175,B51,1,1,job592_scenario0_1221,1258,0,0,,1258,
1644418175,os4,1,0,,1258,0,0,,1258,
1644418175,in4,1,0,,1258,0,0,,1258,
1644418175,B33,1,0,,1258,0,0,,1258,
1644418175,in27,1,0,,1259,0,0,,1259,
1644418175,B14,1,0,,1259,0,0,,1259,
1644418175,B11,1,1,job604_scenario3_1254,1259,0,0,,1259,
1644418175,cn12,1,0,,1259,0,0,,1259,
1644418175,B54,1,0,,1259,0,0,,1259,
1644418175,B51,1,1,job592_scenario0_1221,1259,0,0,,1259,
1644418175,os4,1,0,,1259,0,0,,1259,
1644418175,in4,1,0,,1259,0,0,,1259,
1644418175,B33,1,0,,1259,0,0,,1259,
1644418175,in27,1,0,,1260,0,0,,1260,
1644418175,B14,1,0,,1260,0,0,,1260,
1644418175,B11,1,1,job604_scenario3_1254,1260,0,0,,1260,
1644418175,cn12,1,0,,1260,0,0,,1260,
1644418175,B54,1,0,,1260,0,0,,1260,
1644418175,B51,1,1,job592_scenario0_1221,1260,0,0,,1260,
1644418175,os4,1,0,,1260,0,0,,1260,
1644418175,in4,1,0,,1260,0,0,,1260,
1644418175,B33,1,0,,1260,0,0,,1260,
1644418175,in27,1,0,,1261,0,0,,1261,
1644418175,B14,1,0,,1261,0,0,,1261,
1644418175,B11,1,0,,1261,0,0,,1261,
1644418175,cn12,1,0,,1261,0,0,,1261,
1644418175,B54,1,0,,1261,0,0,,1261,
1644418175,B51,1,1,job592_scenario0_1221,1261,0,0,,1261,
1644418175,os4,1,0,,1261,0,0,,1261,
1644418175,in4,1,0,,1261,0,0,,1261,
1644418175,B33,1,0,,1261,0,0,,1261,
1644418175,in27,1,0,,1262,0,0,,1262,
1644418175,B14,1,0,,1262,0,0,,1262,
1644418175,B11,1,0,,1262,0,0,,1262,
1644418175,cn12,1,0,,1262,0,0,,1262,
1644418175,B54,1,0,,1262,0,0,,1262,
1644418175,B51,1,1,job592_scenario0_1221,1262,0,0,,1262,
1644418176,os4,1,0,,1262,0,0,,1262,
1644418176,in4,1,0,,1262,0,0,,1262,
1644418176,B33,1,0,,1262,0,0,,1262,
1644418176,in27,1,0,,1263,0,0,,1263,
1644418176,B14,1,0,,1263,0,0,,1263,
1644418176,B11,1,0,,1263,0,0,,1263,
1644418176,cn12,1,0,,1263,0,0,,1263,
1644418176,B54,1,0,,1263,0,0,,1263,
1644418176,B51,1,1,job592_scenario0_1221,1263,0,0,,1263,
1644418176,os4,1,0,,1263,0,0,,1263,
1644418176,in4,1,0,,1263,0,0,,1263,
1644418176,B33,1,0,,1263,0,0,,1263,
1644418176,in27,1,0,,1264,0,0,,1264,
1644418176,B14,1,0,,1264,0,0,,1264,
1644418176,B11,1,0,,1264,0,0,,1264,
1644418176,cn12,1,0,,1264,0,0,,1264,
1644418176,B54,1,1,job594_scenario1_1226,1264,0,0,,1264,
1644418176,B51,1,1,job592_scenario0_1221,1264,0,0,,1264,
1644418176,os4,1,0,,1264,0,0,,1264,
1644418176,in4,1,0,,1264,0,0,,1264,
1644418176,B33,1,0,,1264,0,0,,1264,
1644418176,in27,1,0,,1265,0,0,,1265,
1644418176,B14,1,0,,1265,0,0,,1265,
1644418176,B11,1,0,,1265,0,0,,1265,
1644418176,cn12,1,0,,1265,0,0,,1265,
1644418176,B54,1,1,job594_scenario1_1226,1265,0,0,,1265,
1644418176,B51,1,1,job592_scenario0_1221,1265,0,0,,1265,
1644418176,os4,1,0,,1265,0,0,,1265,
1644418176,in4,1,0,,1265,0,0,,1265,
1644418176,B33,1,0,,1265,0,0,,1265,
1644418176,in27,1,0,,1266,0,0,,1266,
1644418176,B14,1,0,,1266,0,0,,1266,
1644418176,B11,1,0,,1266,0,0,,1266,
1644418176,cn12,1,0,,1266,0,0,,1266,
1644418176,B54,1,1,job594_scenario1_1226,1266,0,0,,1266,
1644418176,B51,1,1,job592_scenario0_1221,1266,0,0,,1266,
1644418176,os4,1,0,,1266,0,0,,1266,
1644418176,in4,1,0,,1266,0,0,,1266,
1644418176,B33,1,0,,1266,0,0,,1266,
1644418177,in27,1,0,,1267,0,0,,1267,
1644418177,B14,1,0,,1267,0,0,,1267,
1644418177,B11,1,0,,1267,0,0,,1267,
1644418177,cn12,1,0,,1267,0,0,,1267,
1644418177,B54,1,1,job594_scenario1_1226,1267,0,0,,1267,
1644418177,B51,1,1,job592_scenario0_1221,1267,0,0,,1267,
1644418177,os4,1,0,,1267,0,0,,1267,
1644418177,in4,1,0,,1267,0,0,,1267,
1644418177,B33,1,1,job607_scenario2_1266,1267,0,0,,1267,
1644418177,in27,1,0,,1268,0,0,,1268,
1644418177,B14,1,0,,1268,0,0,,1268,
1644418177,B11,1,0,,1268,0,0,,1268,
1644418177,cn12,1,0,,1268,0,0,,1268,
1644418177,B54,1,1,job594_scenario1_1226,1268,0,0,,1268,
1644418177,B51,1,1,job592_scenario0_1221,1268,0,0,,1268,
1644418177,os4,1,0,,1268,0,0,,1268,
1644418177,in4,1,0,,1268,0,0,,1268,
1644418177,B33,1,1,job607_scenario2_1266,1268,0,0,,1268,
1644418177,in27,1,0,,1269,0,0,,1269,
1644418177,B14,1,0,,1269,0,0,,1269,
1644418177,B11,1,0,,1269,0,0,,1269,
1644418177,cn12,1,0,,1269,0,0,,1269,
1644418177,B54,1,1,job594_scenario1_1226,1269,0,0,,1269,
1644418177,B51,1,0,,1269,0,0,,1269,
1644418177,os4,1,0,,1269,0,0,,1269,
1644418177,in4,1,0,,1269,0,0,,1269,
1644418177,B33,1,0,,1269,0,0,,1269,
1644418177,in27,1,0,,1270,0,0,,1270,
1644418177,B14,1,0,,1270,0,0,,1270,
1644418177,B11,1,0,,1270,0,0,,1270,
1644418177,cn12,1,0,,1270,0,0,,1270,
1644418177,B54,1,1,job594_scenario1_1226,1270,0,0,,1270,
1644418177,B51,1,0,,1270,0,0,,1270,
1644418177,os4,1,0,,1270,0,0,,1270,
1644418177,in4,1,0,,1270,0,0,,1270,
1644418177,B33,1,0,,1270,0,0,,1270,
1644418177,in27,1,0,,1271,0,0,,1271,
1644418177,B14,1,0,,1271,0,0,,1271,
1644418177,B11,1,0,,1271,0,0,,1271,
1644418177,cn12,1,0,,1271,0,0,,1271,
1644418177,B54,1,0,,1271,0,0,,1271,
1644418177,B51,1,0,,1271,0,0,,1271,
1644418177,os4,1,0,,1271,0,0,,1271,
1644418177,in4,1,0,,1271,0,0,,1271,
1644418177,B33,1,0,,1271,0,0,,1271,
1644418177,in27,1,0,,1272,0,0,,1272,
1644418177,B14,1,0,,1272,0,0,,1272,
1644418177,B11,1,0,,1272,0,0,,1272,
1644418177,cn12,1,0,,1272,0,0,,1272,
1644418177,B54,1,0,,1272,0,0,,1272,
1644418177,B51,1,0,,1272,0,0,,1272,
1644418177,os4,1,0,,1272,0,0,,1272,
1644418177,in4,1,0,,1272,0,0,,1272,
1644418177,B33,1,0,,1272,0,0,,1272,
1644418177,in27,1,0,,1273,0,0,,1273,
1644418177,B14,1,0,,1273,0,0,,1273,
1644418177,B11,1,0,,1273,0,0,,1273,
1644418177,cn12,1,0,,1273,0,0,,1273,
1644418177,B54,1,0,,1273,0,0,,1273,
1644418177,B51,1,0,,1273,0,0,,1273,
1644418177,os4,1,0,,1273,0,0,,1273,
1644418177,in4,1,0,,1273,0,0,,1273,
1644418177,B33,1,0,,1273,0,0,,1273,
1644418177,in27,1,0,,1274,0,0,,1274,
1644418177,B14,1,0,,1274,0,0,,1274,
1644418177,B11,1,0,,1274,0,0,,1274,
1644418177,cn12,1,0,,1274,0,0,,1274,
1644418177,B54,1,0,,1274,0,0,,1274,
1644418177,B51,1,0,,1274,0,0,,1274,
1644418177,os4,1,0,,1274,0,0,,1274,
1644418177,in4,1,0,,1274,0,0,,1274,
1644418177,B33,1,0,,1274,0,0,,1274,
1644418177,in27,1,0,,1275,0,0,,1275,
1644418177,B14,1,0,,1275,0,0,,1275,
1644418177,B11,1,0,,1275,0,0,,1275,
1644418177,cn12,1,0,,1275,0,0,,1275,
1644418177,B54,1,0,,1275,0,0,,1275,
1644418177,B51,1,0,,1275,0,0,,1275,
1644418177,os4,1,0,,1275,0,0,,1275,
1644418177,in4,1,0,,1275,0,0,,1275,
1644418177,B33,1,0,,1275,0,0,,1275,
1644418177,in27,1,0,,1276,0,0,,1276,
1644418177,B14,1,0,,1276,0,0,,1276,
1644418177,B11,1,0,,1276,0,0,,1276,
1644418177,cn12,1,0,,1276,0,0,,1276,
1644418177,B54,1,0,,1276,0,0,,1276,
1644418177,B51,1,0,,1276,0,0,,1276,
1644418177,os4,1,0,,1276,0,0,,1276,
1644418177,in4,1,0,,1276,0,0,,1276,
1644418177,B33,1,0,,1276,0,0,,1276,
1644418177,in27,1,0,,1277,0,0,,1277,
1644418177,B14,1,0,,1277,0,0,,1277,
1644418177,B11,1,0,,1277,0,0,,1277,
1644418177,cn12,1,0,,1277,0,0,,1277,
1644418177,B54,1,0,,1277,0,0,,1277,
1644418177,B51,1,0,,1277,0,0,,1277,
1644418177,os4,1,0,,1277,0,0,,1277,
1644418177,in4,1,0,,1277,0,0,,1277,
1644418177,B33,1,0,,1277,0,0,,1277,
1644418178,in27,1,0,,1278,0,0,,1278,
1644418178,B14,1,0,,1278,0,0,,1278,
1644418178,B11,1,0,,1278,0,0,,1278,
1644418178,cn12,1,0,,1278,0,0,,1278,
1644418178,B54,1,1,job600_scenario1_1240,1278,0,0,,1278,
1644418178,B51,1,0,,1278,0,0,,1278,
1644418178,os4,1,0,,1278,0,0,,1278,
1644418178,in4,1,0,,1278,0,0,,1278,
1644418178,B33,1,0,,1278,0,0,,1278,
1644418178,in27,1,0,,1279,0,0,,1279,
1644418178,B14,1,0,,1279,0,0,,1279,
1644418178,B11,1,0,,1279,0,0,,1279,
1644418178,cn12,1,0,,1279,0,0,,1279,
1644418178,B54,1,1,job600_scenario1_1240,1279,0,0,,1279,
1644418178,B51,1,0,,1279,0,0,,1279,
1644418178,os4,1,0,,1279,0,0,,1279,
1644418178,in4,1,0,,1279,0,0,,1279,
1644418178,B33,1,0,,1279,0,0,,1279,
1644418178,in27,1,0,,1280,0,0,,1280,
1644418178,B14,1,0,,1280,0,0,,1280,
1644418178,B11,1,0,,1280,0,0,,1280,
1644418178,cn12,1,0,,1280,0,0,,1280,
1644418178,B54,1,1,job600_scenario1_1240,1280,0,0,,1280,
1644418178,B51,1,0,,1280,0,0,,1280,
1644418178,os4,1,0,,1280,0,0,,1280,
1644418178,in4,1,0,,1280,0,0,,1280,
1644418178,B33,1,0,,1280,0,0,,1280,
1644418178,in27,1,0,,1281,0,0,,1281,
1644418178,B14,1,0,,1281,0,0,,1281,
1644418178,B11,1,0,,1281,0,0,,1281,
1644418178,cn12,1,0,,1281,0,0,,1281,
1644418178,B54,1,1,job600_scenario1_1240,1281,0,0,,1281,
1644418178,B51,1,0,,1281,0,0,,1281,
1644418178,os4,1,0,,1281,0,0,,1281,
1644418178,in4,1,0,,1281,0,0,,1281,
1644418178,B33,1,0,,1281,0,0,,1281,
1644418178,in27,1,0,,1282,0,0,,1282,
1644418178,B14,1,0,,1282,0,0,,1282,
1644418178,B11,1,0,,1282,0,0,,1282,
1644418178,cn12,1,0,,1282,0,0,,1282,
1644418178,B54,1,1,job600_scenario1_1240,1282,0,0,,1282,
1644418178,B51,1,0,,1282,0,0,,1282,
1644418178,os4,1,0,,1282,0,0,,1282,
1644418178,in4,1,0,,1282,0,0,,1282,
1644418178,B33,1,0,,1282,0,0,,1282,
1644418178,in27,1,0,,1283,0,0,,1283,
1644418178,B14,1,0,,1283,0,0,,1283,
1644418179,B11,1,0,,1283,0,0,,1283,
1644418179,cn12,1,0,,1283,0,0,,1283,
1644418179,B54,1,1,job600_scenario1_1240,1283,0,0,,1283,
1644418179,B51,1,0,,1283,0,0,,1283,
1644418179,os4,1,0,,1283,0,0,,1283,
1644418179,in4,1,0,,1283,0,0,,1283,
1644418179,B33,1,0,,1283,0,0,,1283,
1644418179,in27,1,0,,1284,0,0,,1284,
1644418179,B14,1,0,,1284,0,0,,1284,
1644418179,B11,1,0,,1284,0,0,,1284,
1644418179,cn12,1,0,,1284,0,0,,1284,
1644418179,B54,1,1,job600_scenario1_1240,1284,0,0,,1284,
1644418179,B51,1,0,,1284,0,0,,1284,
1644418179,os4,1,0,,1284,0,0,,1284,
1644418179,in4,1,0,,1284,0,0,,1284,
1644418179,B33,1,0,,1284,0,0,,1284,
1644418179,in27,1,0,,1285,0,0,,1285,
1644418179,B14,1,0,,1285,0,0,,1285,
1644418179,B11,1,1,job612_scenario3_1282,1285,0,0,,1285,
1644418179,cn12,1,0,,1285,0,0,,1285,
1644418179,B54,1,1,job600_scenario1_1240,1285,0,0,,1285,
1644418179,B51,1,0,,1285,0,0,,1285,
1644418179,os4,1,0,,1285,0,0,,1285,
1644418179,in4,1,0,,1285,0,0,,1285,
1644418179,B33,1,0,,1285,0,0,,1285,
1644418179,in27,1,0,,1286,0,0,,1286,
1644418179,B14,1,0,,1286,0,0,,1286,
1644418179,B11,1,0,,1286,0,0,,1286,
1644418179,cn12,1,0,,1286,0,0,,1286,
1644418179,B54,1,0,,1286,0,0,,1286,
1644418179,B51,1,0,,1286,0,0,,1286,
1644418179,os4,1,0,,1286,0,0,,1286,
1644418179,in4,1,0,,1286,0,0,,1286,
1644418179,B33,1,0,,1286,0,0,,1286,
1644418180,in27,1,0,,1287,0,0,,1287,
1644418180,B14,1,0,,1287,0,0,,1287,
1644418180,B11,1,0,,1287,0,0,,1287,
1644418180,cn12,1,0,,1287,0,0,,1287,
1644418180,B54,1,0,,1287,0,0,,1287,
1644418180,B51,1,0,,1287,0,0,,1287,
1644418180,os4,1,0,,1287,0,0,,1287,
1644418180,in4,1,0,,1287,0,0,,1287,
1644418180,B33,1,0,,1287,0,0,,1287,
1644418180,in27,1,0,,1288,0,0,,1288,
1644418180,B14,1,0,,1288,0,0,,1288,
1644418180,B11,1,0,,1288,0,0,,1288,
1644418180,cn12,1,0,,1288,0,0,,1288,
1644418180,B54,1,0,,1288,0,0,,1288,
1644418180,B51,1,0,,1288,0,0,,1288,
1644418180,os4,1,0,,1288,0,0,,1288,
1644418180,in4,1,0,,1288,0,0,,1288,
1644418180,B33,1,0,,1288,0,0,,1288,
1644418180,in27,1,0,,1289,0,0,,1289,
1644418180,B14,1,0,,1289,0,0,,1289,
1644418180,B11,1,0,,1289,0,0,,1289,
1644418180,cn12,1,0,,1289,0,0,,1289,
1644418180,B54,1,0,,1289,0,0,,1289,
1644418180,B51,1,0,,1289,0,0,,1289,
1644418180,os4,1,0,,1289,0,0,,1289,
1644418180,in4,1,0,,1289,0,0,,1289,
1644418180,B33,1,0,,1289,0,0,,1289,
1644418180,in27,1,0,,1290,0,0,,1290,
1644418180,B14,1,0,,1290,0,0,,1290,
1644418180,B11,1,0,,1290,0,0,,1290,
1644418180,cn12,1,0,,1290,0,0,,1290,
1644418180,B54,1,0,,1290,0,0,,1290,
1644418180,B51,1,0,,1290,0,0,,1290,
1644418180,os4,1,0,,1290,0,0,,1290,
1644418180,in4,1,0,,1290,0,0,,1290,
1644418180,B33,1,0,,1290,0,0,,1290,
1644418181,in27,1,0,,1291,0,0,,1291,
1644418181,B14,1,0,,1291,0,0,,1291,
1644418181,B11,1,0,,1291,0,0,,1291,
1644418181,cn12,1,0,,1291,0,0,,1291,
1644418181,B54,1,1,job602_scenario0_1250,1291,0,0,,1291,
1644418181,B51,1,0,,1291,0,0,,1291,
1644418181,os4,1,0,,1291,0,0,,1291,
1644418181,in4,1,0,,1291,0,0,,1291,
1644418181,B33,1,0,,1291,0,0,,1291,
1644418181,in27,1,0,,1292,0,0,,1292,
1644418181,B14,1,0,,1292,0,0,,1292,
1644418181,B11,1,0,,1292,0,0,,1292,
1644418181,cn12,1,0,,1292,0,0,,1292,
1644418181,B54,1,1,job602_scenario0_1250,1292,0,0,,1292,
1644418181,B51,1,0,,1292,0,0,,1292,
1644418181,os4,1,0,,1292,0,0,,1292,
1644418181,in4,1,0,,1292,0,0,,1292,
1644418181,B33,1,0,,1292,0,0,,1292,
1644418181,in27,1,0,,1293,0,0,,1293,
1644418181,B14,1,0,,1293,0,0,,1293,
1644418181,B11,1,0,,1293,0,0,,1293,
1644418181,cn12,1,0,,1293,0,0,,1293,
1644418181,B54,1,1,job602_scenario0_1250,1293,0,0,,1293,
1644418181,B51,1,0,,1293,0,0,,1293,
1644418181,os4,1,0,,1293,0,0,,1293,
1644418181,in4,1,0,,1293,0,0,,1293,
1644418181,B33,1,0,,1293,0,0,,1293,
1644418181,in27,1,0,,1294,0,0,,1294,
1644418181,B14,1,0,,1294,0,0,,1294,
1644418181,B11,1,0,,1294,0,0,,1294,
1644418181,cn12,1,0,,1294,0,0,,1294,
1644418181,B54,1,1,job602_scenario0_1250,1294,0,0,,1294,
1644418181,B51,1,0,,1294,0,0,,1294,
1644418181,os4,1,0,,1294,0,0,,1294,
1644418181,in4,1,0,,1294,0,0,,1294,
1644418181,B33,1,0,,1294,0,0,,1294,
1644418182,in27,1,0,,1295,0,0,,1295,
1644418182,B14,1,0,,1295,0,0,,1295,
1644418182,B11,1,0,,1295,0,0,,1295,
1644418182,cn12,1,0,,1295,0,0,,1295,
1644418182,B54,1,1,job602_scenario0_1250,1295,0,0,,1295,
1644418182,B51,1,0,,1295,0,0,,1295,
1644418182,os4,1,0,,1295,0,0,,1295,
1644418182,in4,1,0,,1295,0,0,,1295,
1644418182,B33,1,0,,1295,0,0,,1295,
1644418182,in27,1,0,,1296,0,0,,1296,
1644418182,B14,1,0,,1296,0,0,,1296,
1644418182,B11,1,0,,1296,0,0,,1296,
1644418182,cn12,1,0,,1296,0,0,,1296,
1644418182,B54,1,1,job602_scenario0_1250,1296,0,0,,1296,
1644418182,B51,1,0,,1296,0,0,,1296,
1644418182,os4,1,0,,1296,0,0,,1296,
1644418182,in4,1,0,,1296,0,0,,1296,
1644418182,B33,1,0,,1296,0,0,,1296,
1644418182,in27,1,0,,1297,0,0,,1297,
1644418182,B14,1,0,,1297,0,0,,1297,
1644418182,B11,1,0,,1297,0,0,,1297,
1644418182,cn12,1,0,,1297,0,0,,1297,
1644418182,B54,1,1,job602_scenario0_1250,1297,0,0,,1297,
1644418182,B51,1,0,,1297,0,0,,1297,
1644418182,os4,1,0,,1297,0,0,,1297,
1644418182,in4,1,0,,1297,0,0,,1297,
1644418182,B33,1,0,,1297,0,0,,1297,
1644418182,in27,1,0,,1298,0,0,,1298,
1644418182,B14,1,0,,1298,0,0,,1298,
1644418182,B11,1,0,,1298,0,0,,1298,
1644418182,cn12,1,0,,1298,0,0,,1298,
1644418182,B54,1,1,job602_scenario0_1250,1298,0,0,,1298,
1644418182,B51,1,0,,1298,0,0,,1298,
1644418182,os4,1,0,,1298,0,0,,1298,
1644418182,in4,1,0,,1298,0,0,,1298,
1644418182,B33,1,0,,1298,0,0,,1298,
1644418182,in27,1,0,,1299,0,0,,1299,
1644418182,B14,1,0,,1299,0,0,,1299,
1644418182,B11,1,0,,1299,0,0,,1299,
1644418182,cn12,1,0,,1299,0,0,,1299,
1644418182,B54,1,1,job602_scenario0_1250,1299,0,0,,1299,
1644418182,B51,1,0,,1299,0,0,,1299,
1644418182,os4,1,0,,1299,0,0,,1299,
1644418182,in4,1,0,,1299,0,0,,1299,
1644418182,B33,1,0,,1299,0,0,,1299,
1644418183,in27,1,0,,1300,0,0,,1300,
1644418183,B14,1,0,,1300,0,0,,1300,
1644418183,B11,1,0,,1300,0,0,,1300,
1644418183,cn12,1,0,,1300,0,0,,1300,
1644418183,B54,1,1,job602_scenario0_1250,1300,0,0,,1300,
1644418183,B51,1,0,,1300,0,0,,1300,
1644418183,os4,1,0,,1300,0,0,,1300,
1644418183,in4,1,0,,1300,0,0,,1300,
1644418183,B33,1,1,job621_scenario2_1299,1300,0,0,,1300,
1644418183,in27,1,0,,1301,0,0,,1301,
1644418183,B14,1,0,,1301,0,0,,1301,
1644418183,B11,1,0,,1301,0,0,,1301,
1644418183,cn12,1,0,,1301,0,0,,1301,
1644418183,B54,1,1,job602_scenario0_1250,1301,0,0,,1301,
1644418183,B51,1,0,,1301,0,0,,1301,
1644418183,os4,1,0,,1301,0,0,,1301,
1644418183,in4,1,0,,1301,0,0,,1301,
1644418183,B33,1,1,job621_scenario2_1299,1301,0,0,,1301,
1644418183,in27,1,0,,1302,0,0,,1302,
1644418183,B14,1,0,,1302,0,0,,1302,
1644418183,B11,1,0,,1302,0,0,,1302,
1644418183,cn12,1,0,,1302,0,0,,1302,
1644418183,B54,1,1,job602_scenario0_1250,1302,0,0,,1302,
1644418183,B51,1,0,,1302,0,0,,1302,
1644418183,os4,1,0,,1302,0,0,,1302,
1644418183,in4,1,0,,1302,0,0,,1302,
1644418183,B33,1,1,job621_scenario2_1299,1302,0,0,,1302,
1644418183,in27,1,0,,1303,0,0,,1303,
1644418183,B14,1,0,,1303,0,0,,1303,
1644418183,B11,1,0,,1303,0,0,,1303,
1644418183,cn12,1,0,,1303,0,0,,1303,
1644418183,B54,1,1,job602_scenario0_1250,1303,0,0,,1303,
1644418183,B51,1,0,,1303,0,0,,1303,
1644418183,os4,1,0,,1303,0,0,,1303,
1644418183,in4,1,0,,1303,0,0,,1303,
1644418183,B33,1,0,,1303,0,0,,1303,
1644418183,in27,1,0,,1304,0,0,,1304,
1644418183,B14,1,0,,1304,0,0,,1304,
1644418183,B11,1,0,,1304,0,0,,1304,
1644418183,cn12,1,0,,1304,0,0,,1304,
1644418183,B54,1,1,job602_scenario0_1250,1304,0,0,,1304,
1644418183,B51,1,0,,1304,0,0,,1304,
1644418183,os4,1,0,,1304,0,0,,1304,
1644418183,in4,1,0,,1304,0,0,,1304,
1644418183,B33,1,0,,1304,0,0,,1304,
1644418183,in27,1,0,,1305,0,0,,1305,
1644418183,B14,1,0,,1305,0,0,,1305,
1644418183,B11,1,0,,1305,0,0,,1305,
1644418183,cn12,1,0,,1305,0,0,,1305,
1644418183,B54,1,0,,1305,0,0,,1305,
1644418183,B51,1,0,,1305,0,0,,1305,
1644418183,os4,1,0,,1305,0,0,,1305,
1644418183,in4,1,0,,1305,0,0,,1305,
1644418183,B33,1,0,,1305,0,0,,1305,
1644418183,in27,1,0,,1306,0,0,,1306,
1644418183,B14,1,0,,1306,0,0,,1306,
1644418183,B11,1,0,,1306,0,0,,1306,
1644418183,cn12,1,0,,1306,0,0,,1306,
1644418183,B54,1,0,,1306,0,0,,1306,
1644418183,B51,1,0,,1306,0,0,,1306,
1644418183,os4,1,0,,1306,0,0,,1306,
1644418183,in4,1,0,,1306,0,0,,1306,
1644418183,B33,1,0,,1306,0,0,,1306,
1644418184,in27,1,0,,1307,0,0,,1307,
1644418184,B14,1,0,,1307,0,0,,1307,
1644418184,B11,1,0,,1307,0,0,,1307,
1644418184,cn12,1,0,,1307,0,0,,1307,
1644418184,B54,1,0,,1307,0,0,,1307,
1644418184,B51,1,0,,1307,0,0,,1307,
1644418184,os4,1,0,,1307,0,0,,1307,
1644418184,in4,1,0,,1307,0,0,,1307,
1644418184,B33,1,0,,1307,0,0,,1307,
1644418184,in27,1,0,,1308,0,0,,1308,
1644418184,B14,1,0,,1308,0,0,,1308,
1644418184,B11,1,0,,1308,0,0,,1308,
1644418184,cn12,1,0,,1308,0,0,,1308,
1644418184,B54,1,0,,1308,0,0,,1308,
1644418184,B51,1,0,,1308,0,0,,1308,
1644418184,os4,1,0,,1308,0,0,,1308,
1644418184,in4,1,0,,1308,0,0,,1308,
1644418184,B33,1,0,,1308,0,0,,1308,
1644418184,in27,1,0,,1309,0,0,,1309,
1644418184,B14,1,0,,1309,0,0,,1309,
1644418184,B11,1,0,,1309,0,0,,1309,
1644418184,cn12,1,0,,1309,0,0,,1309,
1644418184,B54,1,0,,1309,0,0,,1309,
1644418184,B51,1,0,,1309,0,0,,1309,
1644418184,os4,1,0,,1309,0,0,,1309,
1644418184,in4,1,0,,1309,0,0,,1309,
1644418184,B33,1,0,,1309,0,0,,1309,
1644418185,in27,1,0,,1310,0,0,,1310,
1644418185,B14,1,0,,1310,0,0,,1310,
1644418185,B11,1,0,,1310,0,0,,1310,
1644418185,cn12,1,0,,1310,0,0,,1310,
1644418185,B54,1,0,,1310,0,0,,1310,
1644418185,B51,1,1,job609_scenario0_1270,1310,0,0,,1310,
1644418185,os4,1,1,job623_scenario4_1306,1310,0,0,,1310,
1644418185,in4,1,0,,1310,0,0,,1310,
1644418185,B33,1,0,,1310,0,0,,1310,
1644418185,in27,1,0,,1311,0,0,,1311,
1644418185,B14,1,0,,1311,0,0,,1311,
1644418185,B11,1,0,,1311,0,0,,1311,
1644418185,cn12,1,0,,1311,0,0,,1311,
1644418185,B54,1,0,,1311,0,0,,1311,
1644418185,B51,1,1,job609_scenario0_1270,1311,0,0,,1311,
1644418185,os4,1,1,job623_scenario4_1306,1311,0,0,,1311,
1644418185,in4,1,0,,1311,0,0,,1311,
1644418185,B33,1,0,,1311,0,0,,1311,
1644418185,in27,1,0,,1312,0,0,,1312,
1644418185,B14,1,0,,1312,0,0,,1312,
1644418185,B11,1,0,,1312,0,0,,1312,
1644418185,cn12,1,0,,1312,0,0,,1312,
1644418185,B54,1,0,,1312,0,0,,1312,
1644418185,B51,1,1,job609_scenario0_1270,1312,0,0,,1312,
1644418185,os4,1,1,job623_scenario4_1306,1312,0,0,,1312,
1644418185,in4,1,0,,1312,0,0,,1312,
1644418185,B33,1,0,,1312,0,0,,1312,
1644418185,in27,1,0,,1313,0,0,,1313,
1644418185,B14,1,0,,1313,0,0,,1313,
1644418185,B11,1,0,,1313,0,0,,1313,
1644418185,cn12,1,0,,1313,0,0,,1313,
1644418185,B54,1,0,,1313,0,0,,1313,
1644418185,B51,1,1,job609_scenario0_1270,1313,0,0,,1313,
1644418186,os4,1,1,job623_scenario4_1306,1313,0,0,,1313,
1644418186,in4,1,0,,1313,0,0,,1313,
1644418186,B33,1,0,,1313,0,0,,1313,
1644418186,in27,1,0,,1314,0,0,,1314,
1644418186,B14,1,0,,1314,0,0,,1314,
1644418186,B11,1,1,job626_scenario3_1311,1314,0,0,,1314,
1644418186,cn12,1,0,,1314,0,0,,1314,
1644418186,B54,1,0,,1314,0,0,,1314,
1644418186,B51,1,1,job609_scenario0_1270,1314,0,0,,1314,
1644418186,os4,1,1,job623_scenario4_1306,1314,0,0,,1314,
1644418186,in4,1,0,,1314,0,0,,1314,
1644418186,B33,1,0,,1314,0,0,,1314,
1644418186,in27,1,0,,1315,0,0,,1315,
1644418186,B14,1,0,,1315,0,0,,1315,
1644418186,B11,1,1,job626_scenario3_1311,1315,0,0,,1315,
1644418186,cn12,1,0,,1315,0,0,,1315,
1644418186,B54,1,1,job616_scenario1_1288,1315,0,0,,1315,
1644418186,B51,1,1,job609_scenario0_1270,1315,0,0,,1315,
1644418186,os4,1,1,job623_scenario4_1306,1315,0,0,,1315,
1644418186,in4,1,0,,1315,0,0,,1315,
1644418186,B33,1,0,,1315,0,0,,1315,
1644418187,in27,1,0,,1316,0,0,,1316,
1644418187,B14,1,0,,1316,0,0,,1316,
1644418187,B11,1,1,job626_scenario3_1311,1316,0,0,,1316,
1644418187,cn12,1,0,,1316,0,0,,1316,
1644418187,B54,1,1,job616_scenario1_1288,1316,0,0,,1316,
1644418187,B51,1,1,job609_scenario0_1270,1316,0,0,,1316,
1644418187,os4,1,0,,1316,0,0,,1316,
1644418187,in4,1,0,,1316,0,0,,1316,
1644418187,B33,1,0,,1316,0,0,,1316,
1644418187,in27,1,0,,1317,0,0,,1317,
1644418187,B14,1,0,,1317,0,0,,1317,
1644418187,B11,1,1,job626_scenario3_1311,1317,0,0,,1317,
1644418187,cn12,1,0,,1317,0,0,,1317,
1644418187,B54,1,1,job616_scenario1_1288,1317,0,0,,1317,
1644418187,B51,1,1,job609_scenario0_1270,1317,0,0,,1317,
1644418187,os4,1,0,,1317,0,0,,1317,
1644418187,in4,1,0,,1317,0,0,,1317,
1644418187,B33,1,1,job627_scenario2_1316,1317,0,0,,1317,
1644418187,in27,1,0,,1318,0,0,,1318,
1644418187,B14,1,0,,1318,0,0,,1318,
1644418187,B11,1,1,job626_scenario3_1311,1318,0,0,,1318,
1644418187,cn12,1,0,,1318,0,0,,1318,
1644418187,B54,1,1,job616_scenario1_1288,1318,0,0,,1318,
1644418187,B51,1,1,job609_scenario0_1270,1318,0,0,,1318,
1644418187,os4,1,0,,1318,0,0,,1318,
1644418187,in4,1,0,,1318,0,0,,1318,
1644418187,B33,1,1,job627_scenario2_1316,1318,0,0,,1318,
1644418187,in27,1,0,,1319,0,0,,1319,
1644418187,B14,1,0,,1319,0,0,,1319,
1644418187,B11,1,1,job626_scenario3_1311,1319,0,0,,1319,
1644418187,cn12,1,0,,1319,0,0,,1319,
1644418187,B54,1,1,job616_scenario1_1288,1319,0,0,,1319,
1644418187,B51,1,1,job609_scenario0_1270,1319,0,0,,1319,
1644418187,os4,1,0,,1319,0,0,,1319,
1644418187,in4,1,0,,1319,0,0,,1319,
1644418188,B33,1,0,,1319,0,0,,1319,
1644418188,in27,1,0,,1320,0,0,,1320,
1644418188,B14,1,0,,1320,0,0,,1320,
1644418188,B11,1,0,,1320,0,0,,1320,
1644418188,cn12,1,0,,1320,0,0,,1320,
1644418188,B54,1,1,job616_scenario1_1288,1320,0,0,,1320,
1644418188,B51,1,1,job609_scenario0_1270,1320,0,0,,1320,
1644418188,os4,1,0,,1320,0,0,,1320,
1644418188,in4,1,0,,1320,0,0,,1320,
1644418188,B33,1,0,,1320,0,0,,1320,
1644418188,in27,1,0,,1321,0,0,,1321,
1644418188,B14,1,0,,1321,0,0,,1321,
1644418188,B11,1,0,,1321,0,0,,1321,
1644418188,cn12,1,0,,1321,0,0,,1321,
1644418188,B54,1,1,job616_scenario1_1288,1321,0,0,,1321,
1644418188,B51,1,1,job609_scenario0_1270,1321,0,0,,1321,
1644418188,os4,1,0,,1321,0,0,,1321,
1644418188,in4,1,0,,1321,0,0,,1321,
1644418188,B33,1,0,,1321,0,0,,1321,
1644418188,in27,1,0,,1322,0,0,,1322,
1644418188,B14,1,0,,1322,0,0,,1322,
1644418188,B11,1,0,,1322,0,0,,1322,
1644418188,cn12,1,0,,1322,0,0,,1322,
1644418188,B54,1,0,,1322,0,0,,1322,
1644418188,B51,1,0,,1322,0,0,,1322,
1644418188,os4,1,0,,1322,0,0,,1322,
1644418188,in4,1,0,,1322,0,0,,1322,
1644418188,B33,1,0,,1322,0,0,,1322,
1644418188,in27,1,0,,1323,0,0,,1323,
1644418188,B14,1,0,,1323,0,0,,1323,
1644418188,B11,1,0,,1323,0,0,,1323,
1644418188,cn12,1,0,,1323,0,0,,1323,
1644418188,B54,1,0,,1323,0,0,,1323,
1644418188,B51,1,0,,1323,0,0,,1323,
1644418188,os4,1,0,,1323,0,0,,1323,
1644418188,in4,1,0,,1323,0,0,,1323,
1644418188,B33,1,0,,1323,0,0,,1323,
1644418189,in27,1,0,,1324,0,0,,1324,
1644418189,B14,1,0,,1324,0,0,,1324,
1644418189,B11,1,0,,1324,0,0,,1324,
1644418189,cn12,1,0,,1324,0,0,,1324,
1644418189,B54,1,0,,1324,0,0,,1324,
1644418189,B51,1,0,,1324,0,0,,1324,
1644418189,os4,1,0,,1324,0,0,,1324,
1644418189,in4,1,0,,1324,0,0,,1324,
1644418189,B33,1,0,,1324,0,0,,1324,
1644418189,in27,1,0,,1325,0,0,,1325,
1644418189,B14,1,0,,1325,0,0,,1325,
1644418189,B11,1,0,,1325,0,0,,1325,
1644418189,cn12,1,0,,1325,0,0,,1325,
1644418189,B54,1,0,,1325,0,0,,1325,
1644418189,B51,1,0,,1325,0,0,,1325,
1644418189,os4,1,0,,1325,0,0,,1325,
1644418189,in4,1,0,,1325,0,0,,1325,
1644418189,B33,1,0,,1325,0,0,,1325,
1644418190,in27,1,0,,1326,0,0,,1326,
1644418190,B14,1,0,,1326,0,0,,1326,
1644418190,B11,1,0,,1326,0,0,,1326,
1644418190,cn12,1,0,,1326,0,0,,1326,
1644418190,B54,1,0,,1326,0,0,,1326,
1644418190,B51,1,0,,1326,0,0,,1326,
1644418190,os4,1,0,,1326,0,0,,1326,
1644418190,in4,1,0,,1326,0,0,,1326,
1644418190,B33,1,0,,1326,0,0,,1326,
1644418190,in27,1,0,,1327,0,0,,1327,
1644418190,B14,1,0,,1327,0,0,,1327,
1644418190,B11,1,0,,1327,0,0,,1327,
1644418190,cn12,1,0,,1327,0,0,,1327,
1644418190,B54,1,1,job617_scenario0_1289,1327,0,0,,1327,
1644418190,B51,1,0,,1327,0,0,,1327,
1644418190,os4,1,0,,1327,0,0,,1327,
1644418190,in4,1,0,,1327,0,0,,1327,
1644418190,B33,1,0,,1327,0,0,,1327,
1644418190,in27,1,0,,1328,0,0,,1328,
1644418190,B14,1,0,,1328,0,0,,1328,
1644418190,B11,1,0,,1328,0,0,,1328,
1644418190,cn12,1,0,,1328,0,0,,1328,
1644418190,B54,1,1,job617_scenario0_1289,1328,0,0,,1328,
1644418190,B51,1,0,,1328,0,0,,1328,
1644418190,os4,1,0,,1328,0,0,,1328,
1644418190,in4,1,0,,1328,0,0,,1328,
1644418190,B33,1,0,,1328,0,0,,1328,
1644418191,in27,1,0,,1329,0,0,,1329,
1644418191,B14,1,0,,1329,0,0,,1329,
1644418191,B11,1,0,,1329,0,0,,1329,
1644418191,cn12,1,0,,1329,0,0,,1329,
1644418191,B54,1,1,job617_scenario0_1289,1329,0,0,,1329,
1644418191,B51,1,0,,1329,0,0,,1329,
1644418191,os4,1,0,,1329,0,0,,1329,
1644418191,in4,1,0,,1329,0,0,,1329,
1644418191,B33,1,0,,1329,0,0,,1329,
1644418191,in27,1,0,,1330,0,0,,1330,
1644418191,B14,1,0,,1330,0,0,,1330,
1644418191,B11,1,0,,1330,0,0,,1330,
1644418191,cn12,1,0,,1330,0,0,,1330,
1644418191,B54,1,1,job617_scenario0_1289,1330,0,0,,1330,
1644418191,B51,1,0,,1330,0,0,,1330,
1644418191,os4,1,0,,1330,0,0,,1330,
1644418191,in4,1,0,,1330,0,0,,1330,
1644418191,B33,1,0,,1330,0,0,,1330,
1644418191,in27,1,0,,1331,0,0,,1331,
1644418191,B14,1,0,,1331,0,0,,1331,
1644418191,B11,1,0,,1331,0,0,,1331,
1644418191,cn12,1,0,,1331,0,0,,1331,
1644418191,B54,1,1,job617_scenario0_1289,1331,0,0,,1331,
1644418191,B51,1,0,,1331,0,0,,1331,
1644418191,os4,1,0,,1331,0,0,,1331,
1644418191,in4,1,0,,1331,0,0,,1331,
1644418191,B33,1,0,,1331,0,0,,1331,
1644418191,in27,1,0,,1332,0,0,,1332,
1644418192,B14,1,0,,1332,0,0,,1332,
1644418192,B11,1,0,,1332,0,0,,1332,
1644418192,cn12,1,0,,1332,0,0,,1332,
1644418192,B54,1,1,job617_scenario0_1289,1332,0,0,,1332,
1644418192,B51,1,1,job618_scenario0_1291,1332,0,0,,1332,
1644418192,os4,1,0,,1332,0,0,,1332,
1644418192,in4,1,0,,1332,0,0,,1332,
1644418192,B33,1,0,,1332,0,0,,1332,
1644418192,in27,1,0,,1333,0,0,,1333,
1644418192,B14,1,0,,1333,0,0,,1333,
1644418192,B11,1,0,,1333,0,0,,1333,
1644418192,cn12,1,0,,1333,0,0,,1333,
1644418192,B54,1,1,job617_scenario0_1289,1333,0,0,,1333,
1644418192,B51,1,1,job618_scenario0_1291,1333,0,0,,1333,
1644418192,os4,1,0,,1333,0,0,,1333,
1644418192,in4,1,0,,1333,0,0,,1333,
1644418192,B33,1,0,,1333,0,0,,1333,
1644418192,in27,1,0,,1334,0,0,,1334,
1644418192,B14,1,0,,1334,0,0,,1334,
1644418192,B11,1,0,,1334,0,0,,1334,
1644418192,cn12,1,0,,1334,0,0,,1334,
1644418192,B54,1,0,,1334,0,0,,1334,
1644418192,B51,1,1,job618_scenario0_1291,1334,0,0,,1334,
1644418192,os4,1,0,,1334,0,0,,1334,
1644418192,in4,1,0,,1334,0,0,,1334,
1644418192,B33,1,0,,1334,0,0,,1334,
1644418192,in27,1,0,,1335,0,0,,1335,
1644418192,B14,1,0,,1335,0,0,,1335,
1644418192,B11,1,0,,1335,0,0,,1335,
1644418192,cn12,1,0,,1335,0,0,,1335,
1644418192,B54,1,1,job620_scenario1_1295,1335,0,0,,1335,
1644418192,B51,1,1,job618_scenario0_1291,1335,0,0,,1335,
1644418192,os4,1,0,,1335,0,0,,1335,
1644418192,in4,1,0,,1335,0,0,,1335,
1644418192,B33,1,0,,1335,0,0,,1335,
1644418192,in27,1,0,,1336,0,0,,1336,
1644418192,B14,1,0,,1336,0,0,,1336,
1644418192,B11,1,0,,1336,0,0,,1336,
1644418192,cn12,1,0,,1336,0,0,,1336,
1644418192,B54,1,1,job620_scenario1_1295,1336,0,0,,1336,
1644418192,B51,1,1,job618_scenario0_1291,1336,0,0,,1336,
1644418192,os4,1,0,,1336,0,0,,1336,
1644418192,in4,1,0,,1336,0,0,,1336,
1644418192,B33,1,0,,1336,0,0,,1336,
1644418192,in27,1,0,,1337,0,0,,1337,
1644418192,B14,1,0,,1337,0,0,,1337,
1644418193,B11,1,0,,1337,0,0,,1337,
1644418193,cn12,1,0,,1337,0,0,,1337,
1644418193,B54,1,1,job620_scenario1_1295,1337,0,0,,1337,
1644418193,B51,1,1,job618_scenario0_1291,1337,0,0,,1337,
1644418193,os4,1,0,,1337,0,0,,1337,
1644418193,in4,1,0,,1337,0,0,,1337,
1644418193,B33,1,0,,1337,0,0,,1337,
1644418193,in27,1,0,,1338,0,0,,1338,
1644418193,B14,1,0,,1338,0,0,,1338,
1644418193,B11,1,0,,1338,0,0,,1338,
1644418193,cn12,1,0,,1338,0,0,,1338,
1644418193,B54,1,1,job620_scenario1_1295,1338,0,0,,1338,
1644418193,B51,1,1,job618_scenario0_1291,1338,0,0,,1338,
1644418193,os4,1,0,,1338,0,0,,1338,
1644418193,in4,1,0,,1338,0,0,,1338,
1644418193,B33,1,0,,1338,0,0,,1338,
1644418193,in27,1,0,,1339,0,0,,1339,
1644418193,B14,1,0,,1339,0,0,,1339,
1644418193,B11,1,0,,1339,0,0,,1339,
1644418193,cn12,1,0,,1339,0,0,,1339,
1644418193,B54,1,0,,1339,0,0,,1339,
1644418193,B51,1,1,job618_scenario0_1291,1339,0,0,,1339,
1644418193,os4,1,0,,1339,0,0,,1339,
1644418193,in4,1,0,,1339,0,0,,1339,
1644418193,B33,1,0,,1339,0,0,,1339,
1644418193,in27,1,0,,1340,0,0,,1340,
1644418193,B14,1,0,,1340,0,0,,1340,
1644418193,B11,1,0,,1340,0,0,,1340,
1644418193,cn12,1,0,,1340,0,0,,1340,
1644418193,B54,1,0,,1340,0,0,,1340,
1644418193,B51,1,1,job618_scenario0_1291,1340,0,0,,1340,
1644418193,os4,1,0,,1340,0,0,,1340,
1644418193,in4,1,0,,1340,0,0,,1340,
1644418193,B33,1,0,,1340,0,0,,1340,
1644418193,in27,1,0,,1341,0,0,,1341,
1644418193,B14,1,0,,1341,0,0,,1341,
1644418193,B11,1,0,,1341,0,0,,1341,
1644418193,cn12,1,0,,1341,0,0,,1341,
1644418193,B54,1,0,,1341,0,0,,1341,
1644418193,B51,1,1,job618_scenario0_1291,1341,0,0,,1341,
1644418193,os4,1,0,,1341,0,0,,1341,
1644418193,in4,1,0,,1341,0,0,,1341,
1644418193,B33,1,0,,1341,0,0,,1341,
1644418194,in27,1,0,,1342,0,0,,1342,
1644418194,B14,1,0,,1342,0,0,,1342,
1644418194,B11,1,0,,1342,0,0,,1342,
1644418194,cn12,1,0,,1342,0,0,,1342,
1644418194,B54,1,0,,1342,0,0,,1342,
1644418194,B51,1,0,,1342,0,0,,1342,
1644418194,os4,1,0,,1342,0,0,,1342,
1644418194,in4,1,0,,1342,0,0,,1342,
1644418194,B33,1,1,job637_scenario2_1341,1342,0,0,,1342,
1644418194,in27,1,0,,1343,0,0,,1343,
1644418194,B14,1,0,,1343,0,0,,1343,
1644418194,B11,1,0,,1343,0,0,,1343,
1644418194,cn12,1,0,,1343,0,0,,1343,
1644418194,B54,1,0,,1343,0,0,,1343,
1644418194,B51,1,0,,1343,0,0,,1343,
1644418194,os4,1,0,,1343,0,0,,1343,
1644418194,in4,1,0,,1343,0,0,,1343,
1644418194,B33,1,1,job637_scenario2_1341,1343,0,0,,1343,
1644418194,in27,1,0,,1344,0,0,,1344,
1644418194,B14,1,0,,1344,0,0,,1344,
1644418194,B11,1,0,,1344,0,0,,1344,
1644418194,cn12,1,0,,1344,0,0,,1344,
1644418194,B54,1,0,,1344,0,0,,1344,
1644418194,B51,1,0,,1344,0,0,,1344,
1644418194,os4,1,0,,1344,0,0,,1344,
1644418194,in4,1,0,,1344,0,0,,1344,
1644418194,B33,1,1,job637_scenario2_1341,1344,0,0,,1344,
1644418194,in27,1,0,,1345,0,0,,1345,
1644418194,B14,1,0,,1345,0,0,,1345,
1644418194,B11,1,0,,1345,0,0,,1345,
1644418194,cn12,1,0,,1345,0,0,,1345,
1644418194,B54,1,0,,1345,0,0,,1345,
1644418194,B51,1,0,,1345,0,0,,1345,
1644418194,os4,1,0,,1345,0,0,,1345,
1644418194,in4,1,0,,1345,0,0,,1345,
1644418194,B33,1,1,job637_scenario2_1341,1345,0,0,,1345,
1644418194,in27,1,0,,1346,0,0,,1346,
1644418194,B14,1,0,,1346,0,0,,1346,
1644418194,B11,1,0,,1346,0,0,,1346,
1644418194,cn12,1,0,,1346,0,0,,1346,
1644418194,B54,1,0,,1346,0,0,,1346,
1644418194,B51,1,0,,1346,0,0,,1346,
1644418194,os4,1,0,,1346,0,0,,1346,
1644418194,in4,1,0,,1346,0,0,,1346,
1644418194,B33,1,0,,1346,0,0,,1346,
1644418195,in27,1,0,,1347,0,0,,1347,
1644418195,B14,1,0,,1347,0,0,,1347,
1644418195,B11,1,0,,1347,0,0,,1347,
1644418195,cn12,1,0,,1347,0,0,,1347,
1644418195,B54,1,1,job624_scenario1_1307,1347,0,0,,1347,
1644418195,B51,1,0,,1347,0,0,,1347,
1644418195,os4,1,0,,1347,0,0,,1347,
1644418195,in4,1,0,,1347,0,0,,1347,
1644418195,B33,1,0,,1347,0,0,,1347,
1644418195,in27,1,0,,1348,0,0,,1348,
1644418195,B14,1,0,,1348,0,0,,1348,
1644418195,B11,1,0,,1348,0,0,,1348,
1644418195,cn12,1,0,,1348,0,0,,1348,
1644418195,B54,1,1,job624_scenario1_1307,1348,0,0,,1348,
1644418195,B51,1,0,,1348,0,0,,1348,
1644418195,os4,1,1,job638_scenario4_1344,1348,0,0,,1348,
1644418195,in4,1,0,,1348,0,0,,1348,
1644418195,B33,1,0,,1348,0,0,,1348,
1644418195,in27,1,0,,1349,0,0,,1349,
1644418196,B14,1,0,,1349,0,0,,1349,
1644418196,B11,1,0,,1349,0,0,,1349,
1644418196,cn12,1,0,,1349,0,0,,1349,
1644418196,B54,1,1,job624_scenario1_1307,1349,0,0,,1349,
1644418196,B51,1,0,,1349,0,0,,1349,
1644418196,os4,1,1,job638_scenario4_1344,1349,0,0,,1349,
1644418196,in4,1,0,,1349,0,0,,1349,
1644418196,B33,1,0,,1349,0,0,,1349,
1644418196,in27,1,0,,1350,0,0,,1350,
1644418196,B14,1,0,,1350,0,0,,1350,
1644418196,B11,1,0,,1350,0,0,,1350,
1644418196,cn12,1,0,,1350,0,0,,1350,
1644418196,B54,1,0,,1350,0,0,,1350,
1644418196,B51,1,0,,1350,0,0,,1350,
1644418196,os4,1,1,job638_scenario4_1344,1350,0,0,,1350,
1644418196,in4,1,0,,1350,0,0,,1350,
1644418196,B33,1,0,,1350,0,0,,1350,
1644418196,in27,1,0,,1351,0,0,,1351,
1644418196,B14,1,0,,1351,0,0,,1351,
1644418196,B11,1,0,,1351,0,0,,1351,
1644418196,cn12,1,0,,1351,0,0,,1351,
1644418196,B54,1,0,,1351,0,0,,1351,
1644418196,B51,1,0,,1351,0,0,,1351,
1644418196,os4,1,1,job638_scenario4_1344,1351,0,0,,1351,
1644418196,in4,1,0,,1351,0,0,,1351,
1644418196,B33,1,0,,1351,0,0,,1351,
1644418196,in27,1,0,,1352,0,0,,1352,
1644418196,B14,1,0,,1352,0,0,,1352,
1644418196,B11,1,0,,1352,0,0,,1352,
1644418196,cn12,1,0,,1352,0,0,,1352,
1644418196,B54,1,0,,1352,0,0,,1352,
1644418196,B51,1,0,,1352,0,0,,1352,
1644418196,os4,1,0,,1352,0,0,,1352,
1644418196,in4,1,0,,1352,0,0,,1352,
1644418196,B33,1,0,,1352,0,0,,1352,
1644418196,in27,1,0,,1353,0,0,,1353,
1644418196,B14,1,0,,1353,0,0,,1353,
1644418196,B11,1,0,,1353,0,0,,1353,
1644418196,cn12,1,0,,1353,0,0,,1353,
1644418196,B54,1,0,,1353,0,0,,1353,
1644418196,B51,1,0,,1353,0,0,,1353,
1644418196,os4,1,0,,1353,0,0,,1353,
1644418196,in4,1,0,,1353,0,0,,1353,
1644418196,B33,1,0,,1353,0,0,,1353,
1644418196,in27,1,0,,1354,0,0,,1354,
1644418196,B14,1,0,,1354,0,0,,1354,
1644418196,B11,1,0,,1354,0,0,,1354,
1644418196,cn12,1,0,,1354,0,0,,1354,
1644418196,B54,1,0,,1354,0,0,,1354,
1644418196,B51,1,0,,1354,0,0,,1354,
1644418196,os4,1,0,,1354,0,0,,1354,
1644418196,in4,1,0,,1354,0,0,,1354,
1644418196,B33,1,0,,1354,0,0,,1354,
1644418196,in27,1,0,,1355,0,0,,1355,
1644418196,B14,1,0,,1355,0,0,,1355,
1644418196,B11,1,0,,1355,0,0,,1355,
1644418196,cn12,1,0,,1355,0,0,,1355,
1644418196,B54,1,0,,1355,0,0,,1355,
1644418196,B51,1,0,,1355,0,0,,1355,
1644418196,os4,1,0,,1355,0,0,,1355,
1644418196,in4,1,0,,1355,0,0,,1355,
1644418196,B33,1,0,,1355,0,0,,1355,
1644418196,in27,1,0,,1356,0,0,,1356,
1644418196,B14,1,0,,1356,0,0,,1356,
1644418196,B11,1,0,,1356,0,0,,1356,
1644418196,cn12,1,0,,1356,0,0,,1356,
1644418196,B54,1,0,,1356,0,0,,1356,
1644418196,B51,1,0,,1356,0,0,,1356,
1644418196,os4,1,0,,1356,0,0,,1356,
1644418196,in4,1,0,,1356,0,0,,1356,
1644418196,B33,1,0,,1356,0,0,,1356,
1644418197,in27,1,0,,1357,0,0,,1357,
1644418197,B14,1,0,,1357,0,0,,1357,
1644418197,B11,1,1,job641_scenario3_1354,1357,0,0,,1357,
1644418197,cn12,1,0,,1357,0,0,,1357,
1644418197,B54,1,1,job629_scenario0_1318,1357,0,0,,1357,
1644418197,B51,1,0,,1357,0,0,,1357,
1644418197,os4,1,0,,1357,0,0,,1357,
1644418197,in4,1,0,,1357,0,0,,1357,
1644418197,B33,1,0,,1357,0,0,,1357,
1644418197,in27,1,0,,1358,0,0,,1358,
1644418197,B14,1,0,,1358,0,0,,1358,
1644418197,B11,1,1,job641_scenario3_1354,1358,0,0,,1358,
1644418197,cn12,1,0,,1358,0,0,,1358,
1644418197,B54,1,1,job629_scenario0_1318,1358,0,0,,1358,
1644418197,B51,1,0,,1358,0,0,,1358,
1644418197,os4,1,0,,1358,0,0,,1358,
1644418197,in4,1,0,,1358,0,0,,1358,
1644418197,B33,1,0,,1358,0,0,,1358,
1644418198,in27,1,0,,1359,0,0,,1359,
1644418198,B14,1,0,,1359,0,0,,1359,
1644418198,B11,1,1,job641_scenario3_1354,1359,0,0,,1359,
1644418198,cn12,1,0,,1359,0,0,,1359,
1644418198,B54,1,1,job629_scenario0_1318,1359,0,0,,1359,
1644418198,B51,1,0,,1359,0,0,,1359,
1644418198,os4,1,1,job642_scenario4_1355,1359,0,0,,1359,
1644418198,in4,1,0,,1359,0,0,,1359,
1644418198,B33,1,1,job644_scenario2_1358,1359,0,0,,1359,
1644418198,in27,1,0,,1360,0,0,,1360,
1644418198,B14,1,0,,1360,0,0,,1360,
1644418198,B11,1,1,job641_scenario3_1354,1360,0,0,,1360,
1644418198,cn12,1,0,,1360,0,0,,1360,
1644418198,B54,1,1,job629_scenario0_1318,1360,0,0,,1360,
1644418198,B51,1,0,,1360,0,0,,1360,
1644418198,os4,1,1,job642_scenario4_1355,1360,0,0,,1360,
1644418198,in4,1,0,,1360,0,0,,1360,
1644418198,B33,1,1,job644_scenario2_1358,1360,0,0,,1360,
1644418199,in27,1,0,,1361,0,0,,1361,
1644418199,B14,1,0,,1361,0,0,,1361,
1644418199,B11,1,1,job641_scenario3_1354,1361,0,0,,1361,
1644418199,cn12,1,0,,1361,0,0,,1361,
1644418199,B54,1,1,job629_scenario0_1318,1361,0,0,,1361,
1644418199,B51,1,0,,1361,0,0,,1361,
1644418199,os4,1,1,job642_scenario4_1355,1361,0,0,,1361,
1644418199,in4,1,0,,1361,0,0,,1361,
1644418199,B33,1,1,job644_scenario2_1358,1361,0,0,,1361,
1644418199,in27,1,0,,1362,0,0,,1362,
1644418199,B14,1,0,,1362,0,0,,1362,
1644418199,B11,1,0,,1362,0,0,,1362,
1644418199,cn12,1,0,,1362,0,0,,1362,
1644418199,B54,1,1,job629_scenario0_1318,1362,0,0,,1362,
1644418199,B51,1,0,,1362,0,0,,1362,
1644418199,os4,1,0,,1362,0,0,,1362,
1644418199,in4,1,0,,1362,0,0,,1362,
1644418199,B33,1,0,,1362,0,0,,1362,
1644418199,in27,1,0,,1363,0,0,,1363,
1644418199,B14,1,0,,1363,0,0,,1363,
1644418199,B11,1,0,,1363,0,0,,1363,
1644418199,cn12,1,0,,1363,0,0,,1363,
1644418199,B54,1,1,job629_scenario0_1318,1363,0,0,,1363,
1644418199,B51,1,0,,1363,0,0,,1363,
1644418199,os4,1,0,,1363,0,0,,1363,
1644418199,in4,1,0,,1363,0,0,,1363,
1644418199,B33,1,0,,1363,0,0,,1363,
1644418199,in27,1,0,,1364,0,0,,1364,
1644418199,B14,1,0,,1364,0,0,,1364,
1644418199,B11,1,0,,1364,0,0,,1364,
1644418199,cn12,1,0,,1364,0,0,,1364,
1644418199,B54,1,1,job629_scenario0_1318,1364,0,0,,1364,
1644418199,B51,1,0,,1364,0,0,,1364,
1644418199,os4,1,0,,1364,0,0,,1364,
1644418199,in4,1,0,,1364,0,0,,1364,
1644418199,B33,1,0,,1364,0,0,,1364,
1644418199,in27,1,0,,1365,0,0,,1365,
1644418199,B14,1,0,,1365,0,0,,1365,
1644418199,B11,1,0,,1365,0,0,,1365,
1644418199,cn12,1,0,,1365,0,0,,1365,
1644418199,B54,1,1,job629_scenario0_1318,1365,0,0,,1365,
1644418199,B51,1,0,,1365,0,0,,1365,
1644418199,os4,1,0,,1365,0,0,,1365,
1644418199,in4,1,0,,1365,0,0,,1365,
1644418199,B33,1,0,,1365,0,0,,1365,
1644418200,in27,1,0,,1366,0,0,,1366,
1644418200,B14,1,0,,1366,0,0,,1366,
1644418200,B11,1,0,,1366,0,0,,1366,
1644418200,cn12,1,0,,1366,0,0,,1366,
1644418200,B54,1,1,job629_scenario0_1318,1366,0,0,,1366,
1644418200,B51,1,1,job632_scenario0_1325,1366,0,0,,1366,
1644418200,os4,1,1,job646_scenario4_1362,1366,0,0,,1366,
1644418200,in4,1,0,,1366,0,0,,1366,
1644418200,B33,1,0,,1366,0,0,,1366,
1644418200,in27,1,0,,1367,0,0,,1367,
1644418200,B14,1,0,,1367,0,0,,1367,
1644418200,B11,1,0,,1367,0,0,,1367,
1644418200,cn12,1,0,,1367,0,0,,1367,
1644418200,B54,1,1,job629_scenario0_1318,1367,0,0,,1367,
1644418200,B51,1,1,job632_scenario0_1325,1367,0,0,,1367,
1644418200,os4,1,1,job646_scenario4_1362,1367,0,0,,1367,
1644418200,in4,1,0,,1367,0,0,,1367,
1644418200,B33,1,0,,1367,0,0,,1367,
1644418200,in27,1,0,,1368,0,0,,1368,
1644418200,B14,1,0,,1368,0,0,,1368,
1644418200,B11,1,0,,1368,0,0,,1368,
1644418200,cn12,1,0,,1368,0,0,,1368,
1644418200,B54,1,1,job629_scenario0_1318,1368,0,0,,1368,
1644418200,B51,1,1,job632_scenario0_1325,1368,0,0,,1368,
1644418200,os4,1,0,,1368,0,0,,1368,
1644418200,in4,1,0,,1368,0,0,,1368,
1644418200,B33,1,0,,1368,0,0,,1368,
1644418200,in27,1,0,,1369,0,0,,1369,
1644418200,B14,1,0,,1369,0,0,,1369,
1644418200,B11,1,0,,1369,0,0,,1369,
1644418200,cn12,1,0,,1369,0,0,,1369,
1644418200,B54,1,1,job629_scenario0_1318,1369,0,0,,1369,
1644418200,B51,1,1,job632_scenario0_1325,1369,0,0,,1369,
1644418200,os4,1,0,,1369,0,0,,1369,
1644418200,in4,1,0,,1369,0,0,,1369,
1644418200,B33,1,0,,1369,0,0,,1369,
1644418200,in27,1,0,,1370,0,0,,1370,
1644418200,B14,1,0,,1370,0,0,,1370,
1644418200,B11,1,0,,1370,0,0,,1370,
1644418200,cn12,1,0,,1370,0,0,,1370,
1644418200,B54,1,1,job629_scenario0_1318,1370,0,0,,1370,
1644418200,B51,1,1,job632_scenario0_1325,1370,0,0,,1370,
1644418200,os4,1,0,,1370,0,0,,1370,
1644418200,in4,1,0,,1370,0,0,,1370,
1644418200,B33,1,0,,1370,0,0,,1370,
1644418200,in27,1,0,,1371,0,0,,1371,
1644418200,B14,1,0,,1371,0,0,,1371,
1644418200,B11,1,0,,1371,0,0,,1371,
1644418200,cn12,1,0,,1371,0,0,,1371,
1644418200,B54,1,1,job629_scenario0_1318,1371,0,0,,1371,
1644418200,B51,1,1,job632_scenario0_1325,1371,0,0,,1371,
1644418200,os4,1,0,,1371,0,0,,1371,
1644418200,in4,1,0,,1371,0,0,,1371,
1644418201,B33,1,0,,1371,0,0,,1371,
1644418201,in27,1,0,,1372,0,0,,1372,
1644418201,B14,1,0,,1372,0,0,,1372,
1644418201,B11,1,0,,1372,0,0,,1372,
1644418201,cn12,1,0,,1372,0,0,,1372,
1644418201,B54,1,1,job629_scenario0_1318,1372,0,0,,1372,
1644418201,B51,1,1,job632_scenario0_1325,1372,0,0,,1372,
1644418201,os4,1,0,,1372,0,0,,1372,
1644418201,in4,1,0,,1372,0,0,,1372,
1644418201,B33,1,0,,1372,0,0,,1372,
1644418201,in27,1,0,,1373,0,0,,1373,
1644418201,B14,1,0,,1373,0,0,,1373,
1644418201,B11,1,0,,1373,0,0,,1373,
1644418201,cn12,1,0,,1373,0,0,,1373,
1644418201,B54,1,1,job629_scenario0_1318,1373,0,0,,1373,
1644418201,B51,1,1,job632_scenario0_1325,1373,0,0,,1373,
1644418201,os4,1,0,,1373,0,0,,1373,
1644418201,in4,1,0,,1373,0,0,,1373,
1644418201,B33,1,0,,1373,0,0,,1373,
1644418201,in27,1,0,,1374,0,0,,1374,
1644418201,B14,1,0,,1374,0,0,,1374,
1644418201,B11,1,0,,1374,0,0,,1374,
1644418201,cn12,1,0,,1374,0,0,,1374,
1644418201,B54,1,0,,1374,0,0,,1374,
1644418201,B51,1,1,job632_scenario0_1325,1374,0,0,,1374,
1644418201,os4,1,0,,1374,0,0,,1374,
1644418201,in4,1,0,,1374,0,0,,1374,
1644418201,B33,1,0,,1374,0,0,,1374,
1644418201,in27,1,0,,1375,0,0,,1375,
1644418201,B14,1,0,,1375,0,0,,1375,
1644418201,B11,1,0,,1375,0,0,,1375,
1644418201,cn12,1,0,,1375,0,0,,1375,
1644418201,B54,1,0,,1375,0,0,,1375,
1644418201,B51,1,1,job632_scenario0_1325,1375,0,0,,1375,
1644418201,os4,1,0,,1375,0,0,,1375,
1644418201,in4,1,0,,1375,0,0,,1375,
1644418201,B33,1,0,,1375,0,0,,1375,
1644418201,in27,1,0,,1376,0,0,,1376,
1644418201,B14,1,0,,1376,0,0,,1376,
1644418201,B11,1,0,,1376,0,0,,1376,
1644418201,cn12,1,0,,1376,0,0,,1376,
1644418201,B54,1,0,,1376,0,0,,1376,
1644418201,B51,1,1,job632_scenario0_1325,1376,0,0,,1376,
1644418201,os4,1,0,,1376,0,0,,1376,
1644418201,in4,1,0,,1376,0,0,,1376,
1644418201,B33,1,0,,1376,0,0,,1376,
1644418202,in27,1,0,,1377,0,0,,1377,
1644418202,B14,1,0,,1377,0,0,,1377,
1644418202,B11,1,0,,1377,0,0,,1377,
1644418202,cn12,1,0,,1377,0,0,,1377,
1644418202,B54,1,1,job636_scenario0_1336,1377,0,0,,1377,
1644418202,B51,1,0,,1377,0,0,,1377,
1644418202,os4,1,0,,1377,0,0,,1377,
1644418202,in4,1,0,,1377,0,0,,1377,
1644418202,B33,1,0,,1377,0,0,,1377,
1644418202,in27,1,0,,1378,0,0,,1378,
1644418202,B14,1,0,,1378,0,0,,1378,
1644418202,B11,1,0,,1378,0,0,,1378,
1644418202,cn12,1,0,,1378,0,0,,1378,
1644418202,B54,1,1,job636_scenario0_1336,1378,0,0,,1378,
1644418202,B51,1,0,,1378,0,0,,1378,
1644418202,os4,1,0,,1378,0,0,,1378,
1644418202,in4,1,0,,1378,0,0,,1378,
1644418202,B33,1,0,,1378,0,0,,1378,
1644418202,in27,1,0,,1379,0,0,,1379,
1644418202,B14,1,0,,1379,0,0,,1379,
1644418202,B11,1,0,,1379,0,0,,1379,
1644418202,cn12,1,0,,1379,0,0,,1379,
1644418202,B54,1,1,job636_scenario0_1336,1379,0,0,,1379,
1644418202,B51,1,0,,1379,0,0,,1379,
1644418202,os4,1,0,,1379,0,0,,1379,
1644418202,in4,1,0,,1379,0,0,,1379,
1644418202,B33,1,0,,1379,0,0,,1379,
1644418202,in27,1,0,,1380,0,0,,1380,
1644418202,B14,1,0,,1380,0,0,,1380,
1644418202,B11,1,0,,1380,0,0,,1380,
1644418202,cn12,1,0,,1380,0,0,,1380,
1644418202,B54,1,1,job636_scenario0_1336,1380,0,0,,1380,
1644418202,B51,1,0,,1380,0,0,,1380,
1644418202,os4,1,0,,1380,0,0,,1380,
1644418202,in4,1,0,,1380,0,0,,1380,
1644418202,B33,1,0,,1380,0,0,,1380,
1644418203,in27,1,0,,1381,0,0,,1381,
1644418203,B14,1,0,,1381,0,0,,1381,
1644418203,B11,1,1,job651_scenario3_1378,1381,0,0,,1381,
1644418203,cn12,1,0,,1381,0,0,,1381,
1644418203,B54,1,1,job636_scenario0_1336,1381,0,0,,1381,
1644418203,B51,1,0,,1381,0,0,,1381,
1644418203,os4,1,0,,1381,0,0,,1381,
1644418203,in4,1,0,,1381,0,0,,1381,
1644418203,B33,1,0,,1381,0,0,,1381,
1644418203,in27,1,0,,1382,0,0,,1382,
1644418203,B14,1,0,,1382,0,0,,1382,
1644418203,B11,1,1,job651_scenario3_1378,1382,0,0,,1382,
1644418203,cn12,1,0,,1382,0,0,,1382,
1644418203,B54,1,1,job636_scenario0_1336,1382,0,0,,1382,
1644418203,B51,1,0,,1382,0,0,,1382,
1644418203,os4,1,0,,1382,0,0,,1382,
1644418203,in4,1,0,,1382,0,0,,1382,
1644418203,B33,1,0,,1382,0,0,,1382,
1644418203,in27,1,0,,1383,0,0,,1383,
1644418203,B14,1,0,,1383,0,0,,1383,
1644418203,B11,1,1,job651_scenario3_1378,1383,0,0,,1383,
1644418203,cn12,1,0,,1383,0,0,,1383,
1644418203,B54,1,1,job636_scenario0_1336,1383,0,0,,1383,
1644418203,B51,1,0,,1383,0,0,,1383,
1644418203,os4,1,0,,1383,0,0,,1383,
1644418203,in4,1,0,,1383,0,0,,1383,
1644418203,B33,1,0,,1383,0,0,,1383,
1644418203,in27,1,0,,1384,0,0,,1384,
1644418203,B14,1,0,,1384,0,0,,1384,
1644418203,B11,1,1,job651_scenario3_1378,1384,0,0,,1384,
1644418203,cn12,1,0,,1384,0,0,,1384,
1644418203,B54,1,1,job636_scenario0_1336,1384,0,0,,1384,
1644418203,B51,1,0,,1384,0,0,,1384,
1644418203,os4,1,0,,1384,0,0,,1384,
1644418203,in4,1,0,,1384,0,0,,1384,
1644418203,B33,1,0,,1384,0,0,,1384,
1644418203,in27,1,0,,1385,0,0,,1385,
1644418203,B14,1,0,,1385,0,0,,1385,
1644418203,B11,1,1,job651_scenario3_1378,1385,0,0,,1385,
1644418203,cn12,1,0,,1385,0,0,,1385,
1644418204,B54,1,1,job636_scenario0_1336,1385,0,0,,1385,
1644418204,B51,1,0,,1385,0,0,,1385,
1644418204,os4,1,0,,1385,0,0,,1385,
1644418204,in4,1,0,,1385,0,0,,1385,
1644418204,B33,1,0,,1385,0,0,,1385,
1644418204,in27,1,0,,1386,0,0,,1386,
1644418204,B14,1,0,,1386,0,0,,1386,
1644418204,B11,1,0,,1386,0,0,,1386,
1644418204,cn12,1,0,,1386,0,0,,1386,
1644418204,B54,1,1,job636_scenario0_1336,1386,0,0,,1386,
1644418204,B51,1,0,,1386,0,0,,1386,
1644418204,os4,1,0,,1386,0,0,,1386,
1644418204,in4,1,0,,1386,0,0,,1386,
1644418204,B33,1,0,,1386,0,0,,1386,
1644418204,in27,1,0,,1387,0,0,,1387,
1644418204,B14,1,0,,1387,0,0,,1387,
1644418204,B11,1,0,,1387,0,0,,1387,
1644418204,cn12,1,0,,1387,0,0,,1387,
1644418204,B54,1,1,job636_scenario0_1336,1387,0,0,,1387,
1644418204,B51,1,0,,1387,0,0,,1387,
1644418204,os4,1,0,,1387,0,0,,1387,
1644418204,in4,1,0,,1387,0,0,,1387,
1644418204,B33,1,0,,1387,0,0,,1387,
1644418204,in27,1,0,,1388,0,0,,1388,
1644418204,B14,1,0,,1388,0,0,,1388,
1644418204,B11,1,0,,1388,0,0,,1388,
1644418204,cn12,1,0,,1388,0,0,,1388,
1644418204,B54,1,1,job636_scenario0_1336,1388,0,0,,1388,
1644418204,B51,1,0,,1388,0,0,,1388,
1644418204,os4,1,0,,1388,0,0,,1388,
1644418204,in4,1,0,,1388,0,0,,1388,
1644418204,B33,1,0,,1388,0,0,,1388,
1644418205,in27,1,0,,1389,0,0,,1389,
1644418205,B14,1,0,,1389,0,0,,1389,
1644418205,B11,1,0,,1389,0,0,,1389,
1644418205,cn12,1,0,,1389,0,0,,1389,
1644418205,B54,1,1,job636_scenario0_1336,1389,0,0,,1389,
1644418205,B51,1,1,job639_scenario0_1348,1389,0,0,,1389,
1644418205,os4,1,0,,1389,0,0,,1389,
1644418205,in4,1,0,,1389,0,0,,1389,
1644418205,B33,1,0,,1389,0,0,,1389,
1644418205,in27,1,0,,1390,0,0,,1390,
1644418205,B14,1,0,,1390,0,0,,1390,
1644418205,B11,1,0,,1390,0,0,,1390,
1644418205,cn12,1,0,,1390,0,0,,1390,
1644418205,B54,1,0,,1390,0,0,,1390,
1644418205,B51,1,1,job639_scenario0_1348,1390,0,0,,1390,
1644418205,os4,1,0,,1390,0,0,,1390,
1644418205,in4,1,0,,1390,0,0,,1390,
1644418205,B33,1,0,,1390,0,0,,1390,
1644418205,in27,1,0,,1391,0,0,,1391,
1644418205,B14,1,0,,1391,0,0,,1391,
1644418205,B11,1,0,,1391,0,0,,1391,
1644418205,cn12,1,0,,1391,0,0,,1391,
1644418205,B54,1,0,,1391,0,0,,1391,
1644418205,B51,1,1,job639_scenario0_1348,1391,0,0,,1391,
1644418205,os4,1,0,,1391,0,0,,1391,
1644418205,in4,1,0,,1391,0,0,,1391,
1644418205,B33,1,0,,1391,0,0,,1391,
1644418205,in27,1,0,,1392,0,0,,1392,
1644418205,B14,1,0,,1392,0,0,,1392,
1644418205,B11,1,0,,1392,0,0,,1392,
1644418205,cn12,1,0,,1392,0,0,,1392,
1644418205,B54,1,0,,1392,0,0,,1392,
1644418205,B51,1,1,job639_scenario0_1348,1392,0,0,,1392,
1644418205,os4,1,0,,1392,0,0,,1392,
1644418205,in4,1,0,,1392,0,0,,1392,
1644418205,B33,1,0,,1392,0,0,,1392,
1644418206,in27,1,0,,1393,0,0,,1393,
1644418206,B14,1,0,,1393,0,0,,1393,
1644418206,B11,1,0,,1393,0,0,,1393,
1644418206,cn12,1,0,,1393,0,0,,1393,
1644418206,B54,1,0,,1393,0,0,,1393,
1644418206,B51,1,1,job639_scenario0_1348,1393,0,0,,1393,
1644418206,os4,1,0,,1393,0,0,,1393,
1644418206,in4,1,0,,1393,0,0,,1393,
1644418206,B33,1,0,,1393,0,0,,1393,
1644418206,in27,1,0,,1394,0,0,,1394,
1644418206,B14,1,0,,1394,0,0,,1394,
1644418206,B11,1,0,,1394,0,0,,1394,
1644418206,cn12,1,0,,1394,0,0,,1394,
1644418206,B54,1,0,,1394,0,0,,1394,
1644418206,B51,1,1,job639_scenario0_1348,1394,0,0,,1394,
1644418206,os4,1,0,,1394,0,0,,1394,
1644418206,in4,1,0,,1394,0,0,,1394,
1644418206,B33,1,0,,1394,0,0,,1394,
1644418206,in27,1,0,,1395,0,0,,1395,
1644418206,B14,1,0,,1395,0,0,,1395,
1644418206,B11,1,0,,1395,0,0,,1395,
1644418206,cn12,1,0,,1395,0,0,,1395,
1644418206,B54,1,0,,1395,0,0,,1395,
1644418206,B51,1,1,job639_scenario0_1348,1395,0,0,,1395,
1644418206,os4,1,0,,1395,0,0,,1395,
1644418206,in4,1,0,,1395,0,0,,1395,
1644418206,B33,1,0,,1395,0,0,,1395,
1644418206,in27,1,0,,1396,0,0,,1396,
1644418206,B14,1,0,,1396,0,0,,1396,
1644418206,B11,1,0,,1396,0,0,,1396,
1644418206,cn12,1,0,,1396,0,0,,1396,
1644418206,B54,1,0,,1396,0,0,,1396,
1644418206,B51,1,1,job639_scenario0_1348,1396,0,0,,1396,
1644418206,os4,1,0,,1396,0,0,,1396,
1644418206,in4,1,0,,1396,0,0,,1396,
1644418206,B33,1,0,,1396,0,0,,1396,
1644418206,in27,1,0,,1397,0,0,,1397,
1644418206,B14,1,0,,1397,0,0,,1397,
1644418206,B11,1,0,,1397,0,0,,1397,
1644418206,cn12,1,0,,1397,0,0,,1397,
1644418206,B54,1,0,,1397,0,0,,1397,
1644418206,B51,1,1,job639_scenario0_1348,1397,0,0,,1397,
1644418206,os4,1,0,,1397,0,0,,1397,
1644418206,in4,1,0,,1397,0,0,,1397,
1644418206,B33,1,0,,1397,0,0,,1397,
1644418206,in27,1,0,,1398,0,0,,1398,
1644418206,B14,1,0,,1398,0,0,,1398,
1644418206,B11,1,0,,1398,0,0,,1398,
1644418206,cn12,1,0,,1398,0,0,,1398,
1644418206,B54,1,0,,1398,0,0,,1398,
1644418206,B51,1,1,job639_scenario0_1348,1398,0,0,,1398,
1644418206,os4,1,0,,1398,0,0,,1398,
1644418206,in4,1,0,,1398,0,0,,1398,
1644418206,B33,1,0,,1398,0,0,,1398,
1644418206,in27,1,0,,1399,0,0,,1399,
1644418206,B14,1,0,,1399,0,0,,1399,
1644418206,B11,1,0,,1399,0,0,,1399,
1644418206,cn12,1,0,,1399,0,0,,1399,
1644418206,B54,1,0,,1399,0,0,,1399,
1644418206,B51,1,1,job639_scenario0_1348,1399,0,0,,1399,
1644418206,os4,1,0,,1399,0,0,,1399,
1644418206,in4,1,0,,1399,0,0,,1399,
1644418206,B33,1,0,,1399,0,0,,1399,
1644418206,in27,1,0,,1400,0,0,,1400,
1644418206,B14,1,0,,1400,0,0,,1400,
1644418206,B11,1,0,,1400,0,0,,1400,
1644418206,cn12,1,0,,1400,0,0,,1400,
1644418206,B54,1,0,,1400,0,0,,1400,
1644418206,B51,1,0,,1400,0,0,,1400,
1644418206,os4,1,0,,1400,0,0,,1400,
1644418207,in4,1,0,,1400,0,0,,1400,
1644418207,B33,1,0,,1400,0,0,,1400,
1644418207,in27,1,0,,1401,0,0,,1401,
1644418207,B14,1,0,,1401,0,0,,1401,
1644418207,B11,1,0,,1401,0,0,,1401,
1644418207,cn12,1,0,,1401,0,0,,1401,
1644418207,B54,1,0,,1401,0,0,,1401,
1644418207,B51,1,0,,1401,0,0,,1401,
1644418207,os4,1,0,,1401,0,0,,1401,
1644418207,in4,1,0,,1401,0,0,,1401,
1644418207,B33,1,0,,1401,0,0,,1401,
1644418207,in27,1,0,,1402,0,0,,1402,
1644418207,B14,1,0,,1402,0,0,,1402,
1644418207,B11,1,0,,1402,0,0,,1402,
1644418207,cn12,1,0,,1402,0,0,,1402,
1644418207,B54,1,0,,1402,0,0,,1402,
1644418207,B51,1,1,job645_scenario0_1361,1402,0,0,,1402,
1644418207,os4,1,0,,1402,0,0,,1402,
1644418207,in4,1,0,,1402,0,0,,1402,
1644418207,B33,1,0,,1402,0,0,,1402,
1644418207,in27,1,0,,1403,0,0,,1403,
1644418208,B14,1,0,,1403,0,0,,1403,
1644418208,B11,1,0,,1403,0,0,,1403,
1644418208,cn12,1,0,,1403,0,0,,1403,
1644418208,B54,1,0,,1403,0,0,,1403,
1644418208,B51,1,1,job645_scenario0_1361,1403,0,0,,1403,
1644418208,os4,1,0,,1403,0,0,,1403,
1644418208,in4,1,0,,1403,0,0,,1403,
1644418208,B33,1,0,,1403,0,0,,1403,
1644418208,in27,1,0,,1404,0,0,,1404,
1644418208,B14,1,0,,1404,0,0,,1404,
1644418208,B11,1,0,,1404,0,0,,1404,
1644418208,cn12,1,0,,1404,0,0,,1404,
1644418208,B54,1,0,,1404,0,0,,1404,
1644418208,B51,1,1,job645_scenario0_1361,1404,0,0,,1404,
1644418208,os4,1,0,,1404,0,0,,1404,
1644418208,in4,1,0,,1404,0,0,,1404,
1644418208,B33,1,0,,1404,0,0,,1404,
1644418208,in27,1,0,,1405,0,0,,1405,
1644418208,B14,1,0,,1405,0,0,,1405,
1644418208,B11,1,0,,1405,0,0,,1405,
1644418208,cn12,1,0,,1405,0,0,,1405,
1644418208,B54,1,0,,1405,0,0,,1405,
1644418208,B51,1,1,job645_scenario0_1361,1405,0,0,,1405,
1644418208,os4,1,0,,1405,0,0,,1405,
1644418208,in4,1,0,,1405,0,0,,1405,
1644418208,B33,1,0,,1405,0,0,,1405,
1644418208,in27,1,0,,1406,0,0,,1406,
1644418208,B14,1,0,,1406,0,0,,1406,
1644418208,B11,1,0,,1406,0,0,,1406,
1644418208,cn12,1,0,,1406,0,0,,1406,
1644418208,B54,1,0,,1406,0,0,,1406,
1644418208,B51,1,1,job645_scenario0_1361,1406,0,0,,1406,
1644418208,os4,1,0,,1406,0,0,,1406,
1644418208,in4,1,0,,1406,0,0,,1406,
1644418208,B33,1,0,,1406,0,0,,1406,
1644418208,in27,1,0,,1407,0,0,,1407,
1644418208,B14,1,0,,1407,0,0,,1407,
1644418208,B11,1,0,,1407,0,0,,1407,
1644418208,cn12,1,0,,1407,0,0,,1407,
1644418208,B54,1,1,job648_scenario1_1367,1407,0,0,,1407,
1644418208,B51,1,1,job645_scenario0_1361,1407,0,0,,1407,
1644418208,os4,1,0,,1407,0,0,,1407,
1644418208,in4,1,0,,1407,0,0,,1407,
1644418208,B33,1,0,,1407,0,0,,1407,
1644418208,in27,1,0,,1408,0,0,,1408,
1644418208,B14,1,0,,1408,0,0,,1408,
1644418208,B11,1,0,,1408,0,0,,1408,
1644418209,cn12,1,0,,1408,0,0,,1408,
1644418209,B54,1,1,job648_scenario1_1367,1408,0,0,,1408,
1644418209,B51,1,1,job645_scenario0_1361,1408,0,0,,1408,
1644418209,os4,1,0,,1408,0,0,,1408,
1644418209,in4,1,0,,1408,0,0,,1408,
1644418209,B33,1,0,,1408,0,0,,1408,
1644418209,in27,1,0,,1409,0,0,,1409,
1644418209,B14,1,0,,1409,0,0,,1409,
1644418209,B11,1,0,,1409,0,0,,1409,
1644418209,cn12,1,0,,1409,0,0,,1409,
1644418209,B54,1,1,job648_scenario1_1367,1409,0,0,,1409,
1644418209,B51,1,1,job645_scenario0_1361,1409,0,0,,1409,
1644418209,os4,1,0,,1409,0,0,,1409,
1644418209,in4,1,0,,1409,0,0,,1409,
1644418209,B33,1,0,,1409,0,0,,1409,
1644418209,in27,1,0,,1410,0,0,,1410,
1644418209,B14,1,0,,1410,0,0,,1410,
1644418209,B11,1,0,,1410,0,0,,1410,
1644418209,cn12,1,0,,1410,0,0,,1410,
1644418209,B54,1,1,job648_scenario1_1367,1410,0,0,,1410,
1644418209,B51,1,1,job645_scenario0_1361,1410,0,0,,1410,
1644418210,os4,1,0,,1410,0,0,,1410,
1644418210,in4,1,0,,1410,0,0,,1410,
1644418210,B33,1,1,job661_scenario2_1409,1410,0,0,,1410,
1644418210,in27,1,0,,1411,0,0,,1411,
1644418210,B14,1,0,,1411,0,0,,1411,
1644418210,B11,1,0,,1411,0,0,,1411,
1644418210,cn12,1,0,,1411,0,0,,1411,
1644418210,B54,1,1,job648_scenario1_1367,1411,0,0,,1411,
1644418210,B51,1,1,job645_scenario0_1361,1411,0,0,,1411,
1644418210,os4,1,0,,1411,0,0,,1411,
1644418210,in4,1,0,,1411,0,0,,1411,
1644418210,B33,1,1,job661_scenario2_1409,1411,0,0,,1411,
1644418210,in27,1,0,,1412,0,0,,1412,
1644418210,B14,1,0,,1412,0,0,,1412,
1644418210,B11,1,0,,1412,0,0,,1412,
1644418210,cn12,1,0,,1412,0,0,,1412,
1644418210,B54,1,1,job648_scenario1_1367,1412,0,0,,1412,
1644418210,B51,1,1,job645_scenario0_1361,1412,0,0,,1412,
1644418210,os4,1,0,,1412,0,0,,1412,
1644418210,in4,1,0,,1412,0,0,,1412,
1644418210,B33,1,1,job661_scenario2_1409,1412,0,0,,1412,
1644418210,in27,1,0,,1413,0,0,,1413,
1644418210,B14,1,0,,1413,0,0,,1413,
1644418210,B11,1,0,,1413,0,0,,1413,
1644418210,cn12,1,0,,1413,0,0,,1413,
1644418210,B54,1,0,,1413,0,0,,1413,
1644418210,B51,1,1,job645_scenario0_1361,1413,0,0,,1413,
1644418210,os4,1,0,,1413,0,0,,1413,
1644418210,in4,1,0,,1413,0,0,,1413,
1644418210,B33,1,0,,1413,0,0,,1413,
1644418210,in27,1,0,,1414,0,0,,1414,
1644418210,B14,1,0,,1414,0,0,,1414,
1644418210,B11,1,0,,1414,0,0,,1414,
1644418210,cn12,1,0,,1414,0,0,,1414,
1644418210,B54,1,0,,1414,0,0,,1414,
1644418210,B51,1,1,job645_scenario0_1361,1414,0,0,,1414,
1644418210,os4,1,0,,1414,0,0,,1414,
1644418210,in4,1,0,,1414,0,0,,1414,
1644418210,B33,1,0,,1414,0,0,,1414,
1644418210,in27,1,0,,1415,0,0,,1415,
1644418210,B14,1,0,,1415,0,0,,1415,
1644418210,B11,1,0,,1415,0,0,,1415,
1644418210,cn12,1,0,,1415,0,0,,1415,
1644418210,B54,1,0,,1415,0,0,,1415,
1644418210,B51,1,1,job645_scenario0_1361,1415,0,0,,1415,
1644418210,os4,1,0,,1415,0,0,,1415,
1644418210,in4,1,0,,1415,0,0,,1415,
1644418210,B33,1,0,,1415,0,0,,1415,
1644418210,in27,1,0,,1416,0,0,,1416,
1644418210,B14,1,0,,1416,0,0,,1416,
1644418210,B11,1,0,,1416,0,0,,1416,
1644418210,cn12,1,0,,1416,0,0,,1416,
1644418210,B54,1,0,,1416,0,0,,1416,
1644418210,B51,1,1,job645_scenario0_1361,1416,0,0,,1416,
1644418210,os4,1,0,,1416,0,0,,1416,
1644418210,in4,1,0,,1416,0,0,,1416,
1644418210,B33,1,0,,1416,0,0,,1416,
1644418211,in27,1,0,,1417,0,0,,1417,
1644418211,B14,1,0,,1417,0,0,,1417,
1644418211,B11,1,0,,1417,0,0,,1417,
1644418211,cn12,1,0,,1417,0,0,,1417,
1644418211,B54,1,0,,1417,0,0,,1417,
1644418211,B51,1,0,,1417,0,0,,1417,
1644418211,os4,1,0,,1417,0,0,,1417,
1644418211,in4,1,0,,1417,0,0,,1417,
1644418211,B33,1,1,job662_scenario2_1416,1417,0,0,,1417,
1644418211,in27,1,0,,1418,0,0,,1418,
1644418211,B14,1,0,,1418,0,0,,1418,
1644418211,B11,1,0,,1418,0,0,,1418,
1644418211,cn12,1,0,,1418,0,0,,1418,
1644418211,B54,1,0,,1418,0,0,,1418,
1644418211,B51,1,0,,1418,0,0,,1418,
1644418211,os4,1,0,,1418,0,0,,1418,
1644418211,in4,1,0,,1418,0,0,,1418,
1644418211,B33,1,1,job662_scenario2_1416,1418,0,0,,1418,
1644418211,in27,1,0,,1419,0,0,,1419,
1644418211,B14,1,0,,1419,0,0,,1419,
1644418211,B11,1,0,,1419,0,0,,1419,
1644418211,cn12,1,0,,1419,0,0,,1419,
1644418211,B54,1,1,job652_scenario1_1379,1419,0,0,,1419,
1644418211,B51,1,0,,1419,0,0,,1419,
1644418211,os4,1,0,,1419,0,0,,1419,
1644418211,in4,1,0,,1419,0,0,,1419,
1644418211,B33,1,0,,1419,0,0,,1419,
1644418211,in27,1,0,,1420,0,0,,1420,
1644418212,B14,1,0,,1420,0,0,,1420,
1644418212,B11,1,0,,1420,0,0,,1420,
1644418212,cn12,1,0,,1420,0,0,,1420,
1644418212,B54,1,1,job652_scenario1_1379,1420,0,0,,1420,
1644418212,B51,1,0,,1420,0,0,,1420,
1644418212,os4,1,0,,1420,0,0,,1420,
1644418212,in4,1,0,,1420,0,0,,1420,
1644418212,B33,1,0,,1420,0,0,,1420,
1644418212,in27,1,0,,1421,0,0,,1421,
1644418212,B14,1,0,,1421,0,0,,1421,
1644418212,B11,1,0,,1421,0,0,,1421,
1644418212,cn12,1,0,,1421,0,0,,1421,
1644418212,B54,1,1,job652_scenario1_1379,1421,0,0,,1421,
1644418212,B51,1,0,,1421,0,0,,1421,
1644418212,os4,1,0,,1421,0,0,,1421,
1644418212,in4,1,0,,1421,0,0,,1421,
1644418212,B33,1,0,,1421,0,0,,1421,
1644418212,in27,1,0,,1422,0,0,,1422,
1644418212,B14,1,0,,1422,0,0,,1422,
1644418212,B11,1,0,,1422,0,0,,1422,
1644418212,cn12,1,0,,1422,0,0,,1422,
1644418212,B54,1,1,job652_scenario1_1379,1422,0,0,,1422,
1644418212,B51,1,0,,1422,0,0,,1422,
1644418212,os4,1,0,,1422,0,0,,1422,
1644418212,in4,1,0,,1422,0,0,,1422,
1644418212,B33,1,0,,1422,0,0,,1422,
1644418212,in27,1,0,,1423,0,0,,1423,
1644418212,B14,1,0,,1423,0,0,,1423,
1644418212,B11,1,0,,1423,0,0,,1423,
1644418212,cn12,1,0,,1423,0,0,,1423,
1644418212,B54,1,1,job652_scenario1_1379,1423,0,0,,1423,
1644418212,B51,1,0,,1423,0,0,,1423,
1644418212,os4,1,0,,1423,0,0,,1423,
1644418212,in4,1,0,,1423,0,0,,1423,
1644418212,B33,1,0,,1423,0,0,,1423,
1644418212,in27,1,0,,1424,0,0,,1424,
1644418212,B14,1,0,,1424,0,0,,1424,
1644418212,B11,1,0,,1424,0,0,,1424,
1644418212,cn12,1,0,,1424,0,0,,1424,
1644418212,B54,1,1,job652_scenario1_1379,1424,0,0,,1424,
1644418212,B51,1,0,,1424,0,0,,1424,
1644418212,os4,1,0,,1424,0,0,,1424,
1644418212,in4,1,0,,1424,0,0,,1424,
1644418212,B33,1,0,,1424,0,0,,1424,
1644418212,in27,1,0,,1425,0,0,,1425,
1644418212,B14,1,0,,1425,0,0,,1425,
1644418212,B11,1,0,,1425,0,0,,1425,
1644418212,cn12,1,0,,1425,0,0,,1425,
1644418212,B54,1,1,job652_scenario1_1379,1425,0,0,,1425,
1644418212,B51,1,0,,1425,0,0,,1425,
1644418212,os4,1,0,,1425,0,0,,1425,
1644418212,in4,1,0,,1425,0,0,,1425,
1644418212,B33,1,0,,1425,0,0,,1425,
1644418212,in27,1,0,,1426,0,0,,1426,
1644418212,B14,1,0,,1426,0,0,,1426,
1644418212,B11,1,0,,1426,0,0,,1426,
1644418212,cn12,1,0,,1426,0,0,,1426,
1644418212,B54,1,0,,1426,0,0,,1426,
1644418212,B51,1,0,,1426,0,0,,1426,
1644418212,os4,1,0,,1426,0,0,,1426,
1644418212,in4,1,0,,1426,0,0,,1426,
1644418212,B33,1,0,,1426,0,0,,1426,
1644418212,in27,1,0,,1427,0,0,,1427,
1644418212,B14,1,0,,1427,0,0,,1427,
1644418212,B11,1,0,,1427,0,0,,1427,
1644418212,cn12,1,0,,1427,0,0,,1427,
1644418212,B54,1,0,,1427,0,0,,1427,
1644418212,B51,1,0,,1427,0,0,,1427,
1644418213,os4,1,0,,1427,0,0,,1427,
1644418213,in4,1,0,,1427,0,0,,1427,
1644418213,B33,1,0,,1427,0,0,,1427,
1644418213,in27,1,0,,1428,0,0,,1428,
1644418213,B14,1,0,,1428,0,0,,1428,
1644418213,B11,1,0,,1428,0,0,,1428,
1644418213,cn12,1,0,,1428,0,0,,1428,
1644418213,B54,1,0,,1428,0,0,,1428,
1644418213,B51,1,0,,1428,0,0,,1428,
1644418213,os4,1,0,,1428,0,0,,1428,
1644418213,in4,1,0,,1428,0,0,,1428,
1644418213,B33,1,0,,1428,0,0,,1428,
1644418213,in27,1,0,,1429,0,0,,1429,
1644418213,B14,1,0,,1429,0,0,,1429,
1644418213,B11,1,0,,1429,0,0,,1429,
1644418213,cn12,1,0,,1429,0,0,,1429,
1644418213,B54,1,0,,1429,0,0,,1429,
1644418213,B51,1,0,,1429,0,0,,1429,
1644418213,os4,1,0,,1429,0,0,,1429,
1644418213,in4,1,0,,1429,0,0,,1429,
1644418213,B33,1,0,,1429,0,0,,1429,
1644418213,in27,1,0,,1430,0,0,,1430,
1644418213,B14,1,0,,1430,0,0,,1430,
1644418213,B11,1,0,,1430,0,0,,1430,
1644418214,cn12,1,0,,1430,0,0,,1430,
1644418214,B54,1,1,job655_scenario1_1390,1430,0,0,,1430,
1644418214,B51,1,0,,1430,0,0,,1430,
1644418214,os4,1,0,,1430,0,0,,1430,
1644418214,in4,1,0,,1430,0,0,,1430,
1644418214,B33,1,0,,1430,0,0,,1430,
1644418214,in27,1,0,,1431,0,0,,1431,
1644418214,B14,1,0,,1431,0,0,,1431,
1644418214,B11,1,0,,1431,0,0,,1431,
1644418214,cn12,1,0,,1431,0,0,,1431,
1644418214,B54,1,1,job655_scenario1_1390,1431,0,0,,1431,
1644418214,B51,1,0,,1431,0,0,,1431,
1644418214,os4,1,0,,1431,0,0,,1431,
1644418214,in4,1,0,,1431,0,0,,1431,
1644418214,B33,1,0,,1431,0,0,,1431,
1644418214,in27,1,0,,1432,0,0,,1432,
1644418214,B14,1,0,,1432,0,0,,1432,
1644418214,B11,1,0,,1432,0,0,,1432,
1644418214,cn12,1,0,,1432,0,0,,1432,
1644418214,B54,1,1,job655_scenario1_1390,1432,0,0,,1432,
1644418214,B51,1,0,,1432,0,0,,1432,
1644418214,os4,1,0,,1432,0,0,,1432,
1644418214,in4,1,0,,1432,0,0,,1432,
1644418214,B33,1,0,,1432,0,0,,1432,
1644418214,in27,1,0,,1433,0,0,,1433,
1644418214,B14,1,0,,1433,0,0,,1433,
1644418214,B11,1,0,,1433,0,0,,1433,
1644418214,cn12,1,0,,1433,0,0,,1433,
1644418214,B54,1,0,,1433,0,0,,1433,
1644418214,B51,1,1,job656_scenario0_1392,1433,0,0,,1433,
1644418214,os4,1,0,,1433,0,0,,1433,
1644418214,in4,1,0,,1433,0,0,,1433,
1644418214,B33,1,0,,1433,0,0,,1433,
1644418214,in27,1,0,,1434,0,0,,1434,
1644418214,B14,1,0,,1434,0,0,,1434,
1644418214,B11,1,0,,1434,0,0,,1434,
1644418214,cn12,1,0,,1434,0,0,,1434,
1644418214,B54,1,0,,1434,0,0,,1434,
1644418214,B51,1,1,job656_scenario0_1392,1434,0,0,,1434,
1644418214,os4,1,0,,1434,0,0,,1434,
1644418214,in4,1,0,,1434,0,0,,1434,
1644418214,B33,1,0,,1434,0,0,,1434,
1644418214,in27,1,0,,1435,0,0,,1435,
1644418214,B14,1,0,,1435,0,0,,1435,
1644418214,B11,1,0,,1435,0,0,,1435,
1644418214,cn12,1,0,,1435,0,0,,1435,
1644418214,B54,1,0,,1435,0,0,,1435,
1644418214,B51,1,1,job656_scenario0_1392,1435,0,0,,1435,
1644418214,os4,1,0,,1435,0,0,,1435,
1644418215,in4,1,0,,1435,0,0,,1435,
1644418215,B33,1,0,,1435,0,0,,1435,
1644418215,in27,1,0,,1436,0,0,,1436,
1644418215,B14,1,0,,1436,0,0,,1436,
1644418215,B11,1,0,,1436,0,0,,1436,
1644418215,cn12,1,0,,1436,0,0,,1436,
1644418215,B54,1,0,,1436,0,0,,1436,
1644418215,B51,1,1,job656_scenario0_1392,1436,0,0,,1436,
1644418215,os4,1,0,,1436,0,0,,1436,
1644418215,in4,1,0,,1436,0,0,,1436,
1644418215,B33,1,0,,1436,0,0,,1436,
1644418215,in27,1,0,,1437,0,0,,1437,
1644418215,B14,1,0,,1437,0,0,,1437,
1644418215,B11,1,0,,1437,0,0,,1437,
1644418215,cn12,1,0,,1437,0,0,,1437,
1644418215,B54,1,0,,1437,0,0,,1437,
1644418215,B51,1,1,job656_scenario0_1392,1437,0,0,,1437,
1644418215,os4,1,0,,1437,0,0,,1437,
1644418215,in4,1,0,,1437,0,0,,1437,
1644418215,B33,1,0,,1437,0,0,,1437,
1644418215,in27,1,0,,1438,0,0,,1438,
1644418215,B14,1,0,,1438,0,0,,1438,
1644418215,B11,1,0,,1438,0,0,,1438,
1644418215,cn12,1,0,,1438,0,0,,1438,
1644418215,B54,1,0,,1438,0,0,,1438,
1644418215,B51,1,1,job656_scenario0_1392,1438,0,0,,1438,
1644418215,os4,1,0,,1438,0,0,,1438,
1644418215,in4,1,0,,1438,0,0,,1438,
1644418215,B33,1,0,,1438,0,0,,1438,
1644418215,in27,1,0,,1439,0,0,,1439,
1644418215,B14,1,0,,1439,0,0,,1439,
1644418215,B11,1,0,,1439,0,0,,1439,
1644418215,cn12,1,0,,1439,0,0,,1439,
1644418215,B54,1,0,,1439,0,0,,1439,
1644418215,B51,1,1,job656_scenario0_1392,1439,0,0,,1439,
1644418215,os4,1,0,,1439,0,0,,1439,
1644418215,in4,1,0,,1439,0,0,,1439,
1644418215,B33,1,0,,1439,0,0,,1439,
1644418215,in27,1,0,,1440,0,0,,1440,
1644418215,B14,1,0,,1440,0,0,,1440,
1644418215,B11,1,0,,1440,0,0,,1440,
1644418215,cn12,1,0,,1440,0,0,,1440,
1644418215,B54,1,0,,1440,0,0,,1440,
1644418215,B51,1,1,job656_scenario0_1392,1440,0,0,,1440,
1644418215,os4,1,0,,1440,0,0,,1440,
1644418215,in4,1,0,,1440,0,0,,1440,
1644418215,B33,1,0,,1440,0,0,,1440,
1644418215,in27,1,0,,1441,0,0,,1441,
1644418215,B14,1,0,,1441,0,0,,1441,
1644418215,B11,1,0,,1441,0,0,,1441,
1644418215,cn12,1,0,,1441,0,0,,1441,
1644418215,B54,1,0,,1441,0,0,,1441,
1644418215,B51,1,1,job656_scenario0_1392,1441,0,0,,1441,
1644418215,os4,1,0,,1441,0,0,,1441,
1644418215,in4,1,0,,1441,0,0,,1441,
1644418215,B33,1,0,,1441,0,0,,1441,
1644418215,in27,1,0,,1442,0,0,,1442,
1644418215,B14,1,0,,1442,0,0,,1442,
1644418215,B11,1,0,,1442,0,0,,1442,
1644418215,cn12,1,0,,1442,0,0,,1442,
1644418215,B54,1,0,,1442,0,0,,1442,
1644418215,B51,1,1,job656_scenario0_1392,1442,0,0,,1442,
1644418215,os4,1,0,,1442,0,0,,1442,
1644418215,in4,1,0,,1442,0,0,,1442,
1644418215,B33,1,0,,1442,0,0,,1442,
1644418215,in27,1,0,,1443,0,0,,1443,
1644418215,B14,1,0,,1443,0,0,,1443,
1644418215,B11,1,0,,1443,0,0,,1443,
1644418215,cn12,1,0,,1443,0,0,,1443,
1644418215,B54,1,0,,1443,0,0,,1443,
1644418215,B51,1,1,job656_scenario0_1392,1443,0,0,,1443,
1644418215,os4,1,0,,1443,0,0,,1443,
1644418215,in4,1,0,,1443,0,0,,1443,
1644418215,B33,1,0,,1443,0,0,,1443,
1644418215,in27,1,0,,1444,0,0,,1444,
1644418215,B14,1,0,,1444,0,0,,1444,
1644418215,B11,1,0,,1444,0,0,,1444,
1644418215,cn12,1,0,,1444,0,0,,1444,
1644418215,B54,1,0,,1444,0,0,,1444,
1644418215,B51,1,1,job656_scenario0_1392,1444,0,0,,1444,
1644418215,os4,1,0,,1444,0,0,,1444,
1644418215,in4,1,0,,1444,0,0,,1444,
1644418215,B33,1,0,,1444,0,0,,1444,
1644418215,in27,1,0,,1445,0,0,,1445,
1644418215,B14,1,0,,1445,0,0,,1445,
1644418215,B11,1,0,,1445,0,0,,1445,
1644418215,cn12,1,0,,1445,0,0,,1445,
1644418215,B54,1,0,,1445,0,0,,1445,
1644418215,B51,1,1,job656_scenario0_1392,1445,0,0,,1445,
1644418215,os4,1,0,,1445,0,0,,1445,
1644418215,in4,1,0,,1445,0,0,,1445,
1644418215,B33,1,0,,1445,0,0,,1445,
1644418215,in27,1,0,,1446,0,0,,1446,
1644418215,B14,1,0,,1446,0,0,,1446,
1644418215,B11,1,0,,1446,0,0,,1446,
1644418215,cn12,1,0,,1446,0,0,,1446,
1644418215,B54,1,0,,1446,0,0,,1446,
1644418215,B51,1,0,,1446,0,0,,1446,
1644418215,os4,1,0,,1446,0,0,,1446,
1644418215,in4,1,0,,1446,0,0,,1446,
1644418215,B33,1,0,,1446,0,0,,1446,
1644418215,in27,1,0,,1447,0,0,,1447,
1644418215,B14,1,0,,1447,0,0,,1447,
1644418215,B11,1,0,,1447,0,0,,1447,
1644418215,cn12,1,0,,1447,0,0,,1447,
1644418215,B54,1,0,,1447,0,0,,1447,
1644418215,B51,1,0,,1447,0,0,,1447,
1644418215,os4,1,0,,1447,0,0,,1447,
1644418215,in4,1,0,,1447,0,0,,1447,
1644418216,B33,1,0,,1447,0,0,,1447,
1644418216,in27,1,0,,1448,0,0,,1448,
1644418216,B14,1,0,,1448,0,0,,1448,
1644418216,B11,1,0,,1448,0,0,,1448,
1644418216,cn12,1,0,,1448,0,0,,1448,
1644418216,B54,1,0,,1448,0,0,,1448,
1644418216,B51,1,0,,1448,0,0,,1448,
1644418216,os4,1,0,,1448,0,0,,1448,
1644418216,in4,1,0,,1448,0,0,,1448,
1644418216,B33,1,0,,1448,0,0,,1448,
1644418217,in27,1,0,,1449,0,0,,1449,
1644418217,B14,1,0,,1449,0,0,,1449,
1644418217,B11,1,0,,1449,0,0,,1449,
1644418217,cn12,1,0,,1449,0,0,,1449,
1644418217,B54,1,0,,1449,0,0,,1449,
1644418217,B51,1,0,,1449,0,0,,1449,
1644418217,os4,1,1,job671_scenario4_1446,1449,0,0,,1449,
1644418217,in4,1,0,,1449,0,0,,1449,
1644418217,B33,1,0,,1449,0,0,,1449,
1644418217,in27,1,0,,1450,0,0,,1450,
1644418217,B14,1,0,,1450,0,0,,1450,
1644418217,B11,1,0,,1450,0,0,,1450,
1644418217,cn12,1,0,,1450,0,0,,1450,
1644418217,B54,1,0,,1450,0,0,,1450,
1644418217,B51,1,0,,1450,0,0,,1450,
1644418217,os4,1,1,job671_scenario4_1446,1450,0,0,,1450,
1644418217,in4,1,0,,1450,0,0,,1450,
1644418217,B33,1,0,,1450,0,0,,1450,
1644418217,in27,1,0,,1451,0,0,,1451,
1644418217,B14,1,0,,1451,0,0,,1451,
1644418217,B11,1,0,,1451,0,0,,1451,
1644418217,cn12,1,0,,1451,0,0,,1451,
1644418217,B54,1,0,,1451,0,0,,1451,
1644418217,B51,1,0,,1451,0,0,,1451,
1644418217,os4,1,0,,1451,0,0,,1451,
1644418217,in4,1,0,,1451,0,0,,1451,
1644418217,B33,1,0,,1451,0,0,,1451,
1644418217,in27,1,0,,1452,0,0,,1452,
1644418217,B14,1,0,,1452,0,0,,1452,
1644418217,B11,1,0,,1452,0,0,,1452,
1644418217,cn12,1,0,,1452,0,0,,1452,
1644418217,B54,1,0,,1452,0,0,,1452,
1644418217,B51,1,0,,1452,0,0,,1452,
1644418217,os4,1,0,,1452,0,0,,1452,
1644418217,in4,1,0,,1452,0,0,,1452,
1644418217,B33,1,0,,1452,0,0,,1452,
1644418218,in27,1,0,,1453,0,0,,1453,
1644418218,B14,1,0,,1453,0,0,,1453,
1644418218,B11,1,0,,1453,0,0,,1453,
1644418218,cn12,1,0,,1453,0,0,,1453,
1644418218,B54,1,0,,1453,0,0,,1453,
1644418218,B51,1,0,,1453,0,0,,1453,
1644418218,os4,1,0,,1453,0,0,,1453,
1644418218,in4,1,0,,1453,0,0,,1453,
1644418218,B33,1,1,job673_scenario2_1452,1453,0,0,,1453,
1644418218,in27,1,0,,1454,0,0,,1454,
1644418218,B14,1,0,,1454,0,0,,1454,
1644418218,B11,1,0,,1454,0,0,,1454,
1644418218,cn12,1,0,,1454,0,0,,1454,
1644418218,B54,1,0,,1454,0,0,,1454,
1644418218,B51,1,0,,1454,0,0,,1454,
1644418218,os4,1,0,,1454,0,0,,1454,
1644418218,in4,1,0,,1454,0,0,,1454,
1644418218,B33,1,1,job673_scenario2_1452,1454,0,0,,1454,
1644418218,in27,1,0,,1455,0,0,,1455,
1644418218,B14,1,0,,1455,0,0,,1455,
1644418218,B11,1,0,,1455,0,0,,1455,
1644418218,cn12,1,0,,1455,0,0,,1455,
1644418218,B54,1,0,,1455,0,0,,1455,
1644418218,B51,1,0,,1455,0,0,,1455,
1644418218,os4,1,0,,1455,0,0,,1455,
1644418218,in4,1,0,,1455,0,0,,1455,
1644418218,B33,1,1,job673_scenario2_1452,1455,0,0,,1455,
1644418218,in27,1,0,,1456,0,0,,1456,
1644418218,B14,1,0,,1456,0,0,,1456,
1644418218,B11,1,0,,1456,0,0,,1456,
1644418218,cn12,1,0,,1456,0,0,,1456,
1644418218,B54,1,0,,1456,0,0,,1456,
1644418218,B51,1,0,,1456,0,0,,1456,
1644418218,os4,1,0,,1456,0,0,,1456,
1644418218,in4,1,0,,1456,0,0,,1456,
1644418218,B33,1,0,,1456,0,0,,1456,
1644418218,in27,1,0,,1457,0,0,,1457,
1644418218,B14,1,0,,1457,0,0,,1457,
1644418218,B11,1,0,,1457,0,0,,1457,
1644418218,cn12,1,0,,1457,0,0,,1457,
1644418218,B54,1,0,,1457,0,0,,1457,
1644418218,B51,1,0,,1457,0,0,,1457,
1644418218,os4,1,0,,1457,0,0,,1457,
1644418218,in4,1,0,,1457,0,0,,1457,
1644418218,B33,1,0,,1457,0,0,,1457,
1644418218,in27,1,0,,1458,0,0,,1458,
1644418218,B14,1,0,,1458,0,0,,1458,
1644418218,B11,1,0,,1458,0,0,,1458,
1644418218,cn12,1,0,,1458,0,0,,1458,
1644418218,B54,1,0,,1458,0,0,,1458,
1644418218,B51,1,0,,1458,0,0,,1458,
1644418218,os4,1,0,,1458,0,0,,1458,
1644418218,in4,1,0,,1458,0,0,,1458,
1644418218,B33,1,0,,1458,0,0,,1458,
1644418218,in27,1,0,,1459,0,0,,1459,
1644418218,B14,1,0,,1459,0,0,,1459,
1644418218,B11,1,0,,1459,0,0,,1459,
1644418218,cn12,1,0,,1459,0,0,,1459,
1644418218,B54,1,0,,1459,0,0,,1459,
1644418218,B51,1,0,,1459,0,0,,1459,
1644418218,os4,1,0,,1459,0,0,,1459,
1644418218,in4,1,0,,1459,0,0,,1459,
1644418218,B33,1,0,,1459,0,0,,1459,
1644418218,in27,1,0,,1460,0,0,,1460,
1644418218,B14,1,0,,1460,0,0,,1460,
1644418218,B11,1,0,,1460,0,0,,1460,
1644418218,cn12,1,0,,1460,0,0,,1460,
1644418218,B54,1,0,,1460,0,0,,1460,
1644418218,B51,1,0,,1460,0,0,,1460,
1644418218,os4,1,0,,1460,0,0,,1460,
1644418218,in4,1,0,,1460,0,0,,1460,
1644418218,B33,1,0,,1460,0,0,,1460,
1644418218,in27,1,0,,1461,0,0,,1461,
1644418218,B14,1,0,,1461,0,0,,1461,
1644418218,B11,1,0,,1461,0,0,,1461,
1644418218,cn12,1,0,,1461,0,0,,1461,
1644418218,B54,1,0,,1461,0,0,,1461,
1644418218,B51,1,0,,1461,0,0,,1461,
1644418218,os4,1,0,,1461,0,0,,1461,
1644418218,in4,1,0,,1461,0,0,,1461,
1644418218,B33,1,0,,1461,0,0,,1461,
1644418219,in27,1,0,,1462,0,0,,1462,
1644418219,B14,1,0,,1462,0,0,,1462,
1644418219,B11,1,0,,1462,0,0,,1462,
1644418219,cn12,1,0,,1462,0,0,,1462,
1644418219,B54,1,0,,1462,0,0,,1462,
1644418219,B51,1,0,,1462,0,0,,1462,
1644418219,os4,1,0,,1462,0,0,,1462,
1644418219,in4,1,0,,1462,0,0,,1462,
1644418219,B33,1,0,,1462,0,0,,1462,
1644418220,in27,1,0,,1463,0,0,,1463,
1644418220,B14,1,0,,1463,0,0,,1463,
1644418220,B11,1,0,,1463,0,0,,1463,
1644418220,cn12,1,0,,1463,0,0,,1463,
1644418220,B54,1,0,,1463,0,0,,1463,
1644418220,B51,1,0,,1463,0,0,,1463,
1644418220,os4,1,0,,1463,0,0,,1463,
1644418220,in4,1,0,,1463,0,0,,1463,
1644418220,B33,1,0,,1463,0,0,,1463,
1644418220,in27,1,0,,1464,0,0,,1464,
1644418220,B14,1,0,,1464,0,0,,1464,
1644418220,B11,1,0,,1464,0,0,,1464,
1644418220,cn12,1,0,,1464,0,0,,1464,
1644418220,B54,1,0,,1464,0,0,,1464,
1644418220,B51,1,0,,1464,0,0,,1464,
1644418220,os4,1,0,,1464,0,0,,1464,
1644418220,in4,1,0,,1464,0,0,,1464,
1644418220,B33,1,0,,1464,0,0,,1464,
1644418220,in27,1,0,,1465,0,0,,1465,
1644418220,B14,1,0,,1465,0,0,,1465,
1644418220,B11,1,0,,1465,0,0,,1465,
1644418220,cn12,1,0,,1465,0,0,,1465,
1644418220,B54,1,0,,1465,0,0,,1465,
1644418220,B51,1,0,,1465,0,0,,1465,
1644418220,os4,1,0,,1465,0,0,,1465,
1644418220,in4,1,0,,1465,0,0,,1465,
1644418220,B33,1,0,,1465,0,0,,1465,
1644418220,in27,1,0,,1466,0,0,,1466,
1644418220,B14,1,0,,1466,0,0,,1466,
1644418220,B11,1,0,,1466,0,0,,1466,
1644418220,cn12,1,0,,1466,0,0,,1466,
1644418220,B54,1,0,,1466,0,0,,1466,
1644418220,B51,1,1,job664_scenario0_1425,1466,0,0,,1466,
1644418220,os4,1,0,,1466,0,0,,1466,
1644418220,in4,1,0,,1466,0,0,,1466,
1644418220,B33,1,0,,1466,0,0,,1466,
1644418220,in27,1,0,,1467,0,0,,1467,
1644418220,B14,1,0,,1467,0,0,,1467,
1644418220,B11,1,0,,1467,0,0,,1467,
1644418221,cn12,1,0,,1467,0,0,,1467,
1644418221,B54,1,0,,1467,0,0,,1467,
1644418221,B51,1,1,job664_scenario0_1425,1467,0,0,,1467,
1644418221,os4,1,0,,1467,0,0,,1467,
1644418221,in4,1,0,,1467,0,0,,1467,
1644418221,B33,1,0,,1467,0,0,,1467,
1644418221,in27,1,0,,1468,0,0,,1468,
1644418221,B14,1,0,,1468,0,0,,1468,
1644418221,B11,1,0,,1468,0,0,,1468,
1644418221,cn12,1,0,,1468,0,0,,1468,
1644418221,B54,1,1,job665_scenario1_1427,1468,0,0,,1468,
1644418221,B51,1,1,job664_scenario0_1425,1468,0,0,,1468,
1644418221,os4,1,0,,1468,0,0,,1468,
1644418221,in4,1,0,,1468,0,0,,1468,
1644418221,B33,1,0,,1468,0,0,,1468,
1644418221,in27,1,0,,1469,0,0,,1469,
1644418221,B14,1,0,,1469,0,0,,1469,
1644418221,B11,1,0,,1469,0,0,,1469,
1644418221,cn12,1,0,,1469,0,0,,1469,
1644418221,B54,1,1,job665_scenario1_1427,1469,0,0,,1469,
1644418221,B51,1,1,job664_scenario0_1425,1469,0,0,,1469,
1644418221,os4,1,0,,1469,0,0,,1469,
1644418221,in4,1,0,,1469,0,0,,1469,
1644418221,B33,1,0,,1469,0,0,,1469,
1644418221,in27,1,0,,1470,0,0,,1470,
1644418221,B14,1,0,,1470,0,0,,1470,
1644418221,B11,1,0,,1470,0,0,,1470,
1644418221,cn12,1,0,,1470,0,0,,1470,
1644418221,B54,1,1,job665_scenario1_1427,1470,0,0,,1470,
1644418221,B51,1,1,job664_scenario0_1425,1470,0,0,,1470,
1644418221,os4,1,0,,1470,0,0,,1470,
1644418221,in4,1,0,,1470,0,0,,1470,
1644418221,B33,1,0,,1470,0,0,,1470,
1644418221,in27,1,0,,1471,0,0,,1471,
1644418221,B14,1,0,,1471,0,0,,1471,
1644418221,B11,1,0,,1471,0,0,,1471,
1644418221,cn12,1,0,,1471,0,0,,1471,
1644418221,B54,1,0,,1471,0,0,,1471,
1644418221,B51,1,1,job664_scenario0_1425,1471,0,0,,1471,
1644418221,os4,1,0,,1471,0,0,,1471,
1644418221,in4,1,0,,1471,0,0,,1471,
1644418221,B33,1,0,,1471,0,0,,1471,
1644418222,in27,1,0,,1472,0,0,,1472,
1644418222,B14,1,0,,1472,0,0,,1472,
1644418222,B11,1,0,,1472,0,0,,1472,
1644418222,cn12,1,0,,1472,0,0,,1472,
1644418222,B54,1,0,,1472,0,0,,1472,
1644418222,B51,1,1,job664_scenario0_1425,1472,0,0,,1472,
1644418222,os4,1,0,,1472,0,0,,1472,
1644418222,in4,1,0,,1472,0,0,,1472,
1644418222,B33,1,1,job679_scenario2_1471,1472,0,0,,1472,
1644418222,in27,1,0,,1473,0,0,,1473,
1644418222,B14,1,0,,1473,0,0,,1473,
1644418222,B11,1,0,,1473,0,0,,1473,
1644418222,cn12,1,0,,1473,0,0,,1473,
1644418222,B54,1,0,,1473,0,0,,1473,
1644418222,B51,1,1,job664_scenario0_1425,1473,0,0,,1473,
1644418222,os4,1,0,,1473,0,0,,1473,
1644418222,in4,1,0,,1473,0,0,,1473,
1644418222,B33,1,1,job679_scenario2_1471,1473,0,0,,1473,
1644418222,in27,1,0,,1474,0,0,,1474,
1644418222,B14,1,0,,1474,0,0,,1474,
1644418222,B11,1,0,,1474,0,0,,1474,
1644418222,cn12,1,0,,1474,0,0,,1474,
1644418222,B54,1,0,,1474,0,0,,1474,
1644418222,B51,1,1,job664_scenario0_1425,1474,0,0,,1474,
1644418222,os4,1,0,,1474,0,0,,1474,
1644418222,in4,1,0,,1474,0,0,,1474,
1644418222,B33,1,1,job679_scenario2_1471,1474,0,0,,1474,
1644418222,in27,1,0,,1475,0,0,,1475,
1644418222,B14,1,0,,1475,0,0,,1475,
1644418222,B11,1,0,,1475,0,0,,1475,
1644418222,cn12,1,0,,1475,0,0,,1475,
1644418222,B54,1,0,,1475,0,0,,1475,
1644418222,B51,1,1,job664_scenario0_1425,1475,0,0,,1475,
1644418222,os4,1,0,,1475,0,0,,1475,
1644418222,in4,1,0,,1475,0,0,,1475,
1644418222,B33,1,1,job679_scenario2_1471,1475,0,0,,1475,
1644418222,in27,1,0,,1476,0,0,,1476,
1644418222,B14,1,0,,1476,0,0,,1476,
1644418222,B11,1,0,,1476,0,0,,1476,
1644418222,cn12,1,0,,1476,0,0,,1476,
1644418222,B54,1,0,,1476,0,0,,1476,
1644418222,B51,1,1,job664_scenario0_1425,1476,0,0,,1476,
1644418222,os4,1,0,,1476,0,0,,1476,
1644418222,in4,1,0,,1476,0,0,,1476,
1644418222,B33,1,0,,1476,0,0,,1476,
1644418222,in27,1,0,,1477,0,0,,1477,
1644418222,B14,1,0,,1477,0,0,,1477,
1644418222,B11,1,0,,1477,0,0,,1477,
1644418222,cn12,1,0,,1477,0,0,,1477,
1644418222,B54,1,0,,1477,0,0,,1477,
1644418222,B51,1,0,,1477,0,0,,1477,
1644418222,os4,1,0,,1477,0,0,,1477,
1644418222,in4,1,0,,1477,0,0,,1477,
1644418222,B33,1,0,,1477,0,0,,1477,
1644418222,in27,1,0,,1478,0,0,,1478,
1644418222,B14,1,0,,1478,0,0,,1478,
1644418222,B11,1,0,,1478,0,0,,1478,
1644418222,cn12,1,0,,1478,0,0,,1478,
1644418222,B54,1,0,,1478,0,0,,1478,
1644418222,B51,1,0,,1478,0,0,,1478,
1644418222,os4,1,0,,1478,0,0,,1478,
1644418222,in4,1,0,,1478,0,0,,1478,
1644418222,B33,1,0,,1478,0,0,,1478,
1644418222,in27,1,0,,1479,0,0,,1479,
1644418222,B14,1,0,,1479,0,0,,1479,
1644418222,B11,1,0,,1479,0,0,,1479,
1644418222,cn12,1,0,,1479,0,0,,1479,
1644418222,B54,1,0,,1479,0,0,,1479,
1644418222,B51,1,0,,1479,0,0,,1479,
1644418222,os4,1,0,,1479,0,0,,1479,
1644418222,in4,1,0,,1479,0,0,,1479,
1644418222,B33,1,0,,1479,0,0,,1479,
1644418223,in27,1,0,,1480,0,0,,1480,
1644418223,B14,1,0,,1480,0,0,,1480,
1644418223,B11,1,0,,1480,0,0,,1480,
1644418223,cn12,1,0,,1480,0,0,,1480,
1644418223,B54,1,1,job668_scenario0_1439,1480,0,0,,1480,
1644418223,B51,1,0,,1480,0,0,,1480,
1644418223,os4,1,0,,1480,0,0,,1480,
1644418223,in4,1,0,,1480,0,0,,1480,
1644418223,B33,1,0,,1480,0,0,,1480,
1644418223,in27,1,0,,1481,0,0,,1481,
1644418223,B14,1,0,,1481,0,0,,1481,
1644418223,B11,1,0,,1481,0,0,,1481,
1644418223,cn12,1,0,,1481,0,0,,1481,
1644418223,B54,1,1,job668_scenario0_1439,1481,0,0,,1481,
1644418223,B51,1,0,,1481,0,0,,1481,
1644418223,os4,1,0,,1481,0,0,,1481,
1644418223,in4,1,0,,1481,0,0,,1481,
1644418223,B33,1,0,,1481,0,0,,1481,
1644418223,in27,1,0,,1482,0,0,,1482,
1644418223,B14,1,0,,1482,0,0,,1482,
1644418223,B11,1,0,,1482,0,0,,1482,
1644418223,cn12,1,0,,1482,0,0,,1482,
1644418223,B54,1,1,job668_scenario0_1439,1482,0,0,,1482,
1644418223,B51,1,0,,1482,0,0,,1482,
1644418223,os4,1,0,,1482,0,0,,1482,
1644418223,in4,1,0,,1482,0,0,,1482,
1644418223,B33,1,0,,1482,0,0,,1482,
1644418223,in27,1,0,,1483,0,0,,1483,
1644418223,B14,1,0,,1483,0,0,,1483,
1644418223,B11,1,0,,1483,0,0,,1483,
1644418223,cn12,1,0,,1483,0,0,,1483,
1644418223,B54,1,1,job668_scenario0_1439,1483,0,0,,1483,
1644418223,B51,1,0,,1483,0,0,,1483,
1644418223,os4,1,0,,1483,0,0,,1483,
1644418223,in4,1,0,,1483,0,0,,1483,
1644418223,B33,1,0,,1483,0,0,,1483,
1644418223,in27,1,0,,1484,0,0,,1484,
1644418223,B14,1,0,,1484,0,0,,1484,
1644418223,B11,1,0,,1484,0,0,,1484,
1644418223,cn12,1,0,,1484,0,0,,1484,
1644418223,B54,1,1,job668_scenario0_1439,1484,0,0,,1484,
1644418223,B51,1,0,,1484,0,0,,1484,
1644418223,os4,1,0,,1484,0,0,,1484,
1644418223,in4,1,0,,1484,0,0,,1484,
1644418223,B33,1,0,,1484,0,0,,1484,
1644418224,in27,1,0,,1485,0,0,,1485,
1644418224,B14,1,0,,1485,0,0,,1485,
1644418224,B11,1,0,,1485,0,0,,1485,
1644418224,cn12,1,0,,1485,0,0,,1485,
1644418224,B54,1,1,job668_scenario0_1439,1485,0,0,,1485,
1644418224,B51,1,1,job669_scenario0_1444,1485,0,0,,1485,
1644418224,os4,1,0,,1485,0,0,,1485,
1644418224,in4,1,0,,1485,0,0,,1485,
1644418224,B33,1,0,,1485,0,0,,1485,
1644418224,in27,1,0,,1486,0,0,,1486,
1644418224,B14,1,0,,1486,0,0,,1486,
1644418224,B11,1,0,,1486,0,0,,1486,
1644418224,cn12,1,0,,1486,0,0,,1486,
1644418224,B54,1,1,job668_scenario0_1439,1486,0,0,,1486,
1644418224,B51,1,1,job669_scenario0_1444,1486,0,0,,1486,
1644418224,os4,1,0,,1486,0,0,,1486,
1644418224,in4,1,0,,1486,0,0,,1486,
1644418224,B33,1,1,job683_scenario2_1485,1486,0,0,,1486,
1644418224,in27,1,0,,1487,0,0,,1487,
1644418224,B14,1,0,,1487,0,0,,1487,
1644418224,B11,1,0,,1487,0,0,,1487,
1644418224,cn12,1,0,,1487,0,0,,1487,
1644418224,B54,1,1,job668_scenario0_1439,1487,0,0,,1487,
1644418224,B51,1,1,job669_scenario0_1444,1487,0,0,,1487,
1644418224,os4,1,0,,1487,0,0,,1487,
1644418224,in4,1,0,,1487,0,0,,1487,
1644418224,B33,1,1,job683_scenario2_1485,1487,0,0,,1487,
1644418224,in27,1,0,,1488,0,0,,1488,
1644418224,B14,1,0,,1488,0,0,,1488,
1644418224,B11,1,0,,1488,0,0,,1488,
1644418224,cn12,1,0,,1488,0,0,,1488,
1644418224,B54,1,1,job668_scenario0_1439,1488,0,0,,1488,
1644418224,B51,1,1,job669_scenario0_1444,1488,0,0,,1488,
1644418224,os4,1,0,,1488,0,0,,1488,
1644418224,in4,1,0,,1488,0,0,,1488,
1644418224,B33,1,1,job683_scenario2_1485,1488,0,0,,1488,
1644418224,in27,1,0,,1489,0,0,,1489,
1644418224,B14,1,0,,1489,0,0,,1489,
1644418224,B11,1,0,,1489,0,0,,1489,
1644418224,cn12,1,0,,1489,0,0,,1489,
1644418224,B54,1,1,job668_scenario0_1439,1489,0,0,,1489,
1644418224,B51,1,1,job669_scenario0_1444,1489,0,0,,1489,
1644418224,os4,1,0,,1489,0,0,,1489,
1644418224,in4,1,0,,1489,0,0,,1489,
1644418224,B33,1,0,,1489,0,0,,1489,
1644418224,in27,1,0,,1490,0,0,,1490,
1644418224,B14,1,0,,1490,0,0,,1490,
1644418224,B11,1,0,,1490,0,0,,1490,
1644418224,cn12,1,0,,1490,0,0,,1490,
1644418224,B54,1,1,job668_scenario0_1439,1490,0,0,,1490,
1644418224,B51,1,1,job669_scenario0_1444,1490,0,0,,1490,
1644418224,os4,1,0,,1490,0,0,,1490,
1644418224,in4,1,0,,1490,0,0,,1490,
1644418224,B33,1,0,,1490,0,0,,1490,
1644418224,in27,1,0,,1491,0,0,,1491,
1644418224,B14,1,0,,1491,0,0,,1491,
1644418224,B11,1,0,,1491,0,0,,1491,
1644418224,cn12,1,0,,1491,0,0,,1491,
1644418224,B54,1,1,job668_scenario0_1439,1491,0,0,,1491,
1644418224,B51,1,1,job669_scenario0_1444,1491,0,0,,1491,
1644418224,os4,1,0,,1491,0,0,,1491,
1644418224,in4,1,0,,1491,0,0,,1491,
1644418225,B33,1,0,,1491,0,0,,1491,
1644418225,in27,1,0,,1492,0,0,,1492,
1644418225,B14,1,0,,1492,0,0,,1492,
1644418225,B11,1,0,,1492,0,0,,1492,
1644418225,cn12,1,0,,1492,0,0,,1492,
1644418225,B54,1,1,job668_scenario0_1439,1492,0,0,,1492,
1644418225,B51,1,1,job669_scenario0_1444,1492,0,0,,1492,
1644418225,os4,1,0,,1492,0,0,,1492,
1644418225,in4,1,0,,1492,0,0,,1492,
1644418225,B33,1,0,,1492,0,0,,1492,
1644418225,in27,1,0,,1493,0,0,,1493,
1644418225,B14,1,0,,1493,0,0,,1493,
1644418225,B11,1,0,,1493,0,0,,1493,
1644418225,cn12,1,0,,1493,0,0,,1493,
1644418225,B54,1,1,job668_scenario0_1439,1493,0,0,,1493,
1644418225,B51,1,1,job669_scenario0_1444,1493,0,0,,1493,
1644418225,os4,1,0,,1493,0,0,,1493,
1644418225,in4,1,0,,1493,0,0,,1493,
1644418225,B33,1,0,,1493,0,0,,1493,
1644418225,in27,1,0,,1494,0,0,,1494,
1644418225,B14,1,0,,1494,0,0,,1494,
1644418225,B11,1,0,,1494,0,0,,1494,
1644418225,cn12,1,0,,1494,0,0,,1494,
1644418225,B54,1,1,job668_scenario0_1439,1494,0,0,,1494,
1644418225,B51,1,1,job669_scenario0_1444,1494,0,0,,1494,
1644418225,os4,1,0,,1494,0,0,,1494,
1644418225,in4,1,0,,1494,0,0,,1494,
1644418225,B33,1,0,,1494,0,0,,1494,
1644418225,in27,1,0,,1495,0,0,,1495,
1644418225,B14,1,0,,1495,0,0,,1495,
1644418225,B11,1,0,,1495,0,0,,1495,
1644418225,cn12,1,0,,1495,0,0,,1495,
1644418225,B54,1,1,job668_scenario0_1439,1495,0,0,,1495,
1644418225,B51,1,1,job669_scenario0_1444,1495,0,0,,1495,
1644418225,os4,1,0,,1495,0,0,,1495,
1644418225,in4,1,0,,1495,0,0,,1495,
1644418225,B33,1,0,,1495,0,0,,1495,
1644418225,in27,1,0,,1496,0,0,,1496,
1644418225,B14,1,0,,1496,0,0,,1496,
1644418225,B11,1,0,,1496,0,0,,1496,
1644418225,cn12,1,0,,1496,0,0,,1496,
1644418225,B54,1,1,job668_scenario0_1439,1496,0,0,,1496,
1644418225,B51,1,1,job669_scenario0_1444,1496,0,0,,1496,
1644418225,os4,1,0,,1496,0,0,,1496,
1644418225,in4,1,0,,1496,0,0,,1496,
1644418225,B33,1,0,,1496,0,0,,1496,
1644418225,in27,1,0,,1497,0,0,,1497,
1644418225,B14,1,0,,1497,0,0,,1497,
1644418225,B11,1,0,,1497,0,0,,1497,
1644418225,cn12,1,0,,1497,0,0,,1497,
1644418225,B54,1,1,job668_scenario0_1439,1497,0,0,,1497,
1644418225,B51,1,1,job669_scenario0_1444,1497,0,0,,1497,
1644418225,os4,1,0,,1497,0,0,,1497,
1644418225,in4,1,0,,1497,0,0,,1497,
1644418225,B33,1,0,,1497,0,0,,1497,
1644418225,in27,1,0,,1498,0,0,,1498,
1644418225,B14,1,0,,1498,0,0,,1498,
1644418225,B11,1,0,,1498,0,0,,1498,
1644418225,cn12,1,0,,1498,0,0,,1498,
1644418225,B54,1,0,,1498,0,0,,1498,
1644418225,B51,1,0,,1498,0,0,,1498,
1644418225,os4,1,0,,1498,0,0,,1498,
1644418225,in4,1,0,,1498,0,0,,1498,
1644418225,B33,1,0,,1498,0,0,,1498,
1644418225,in27,1,0,,1499,0,0,,1499,
1644418225,B14,1,0,,1499,0,0,,1499,
1644418225,B11,1,0,,1499,0,0,,1499,
1644418225,cn12,1,0,,1499,0,0,,1499,
1644418225,B54,1,0,,1499,0,0,,1499,
1644418225,B51,1,0,,1499,0,0,,1499,
1644418225,os4,1,0,,1499,0,0,,1499,
1644418225,in4,1,0,,1499,0,0,,1499,
1644418225,B33,1,0,,1499,0,0,,1499,
1644418225,in27,1,0,,1500,0,0,,1500,
1644418225,B14,1,0,,1500,0,0,,1500,
1644418225,B11,1,0,,1500,0,0,,1500,
1644418225,cn12,1,0,,1500,0,0,,1500,
1644418225,B54,1,0,,1500,0,0,,1500,
1644418225,B51,1,0,,1500,0,0,,1500,
1644418225,os4,1,0,,1500,0,0,,1500,
1644418225,in4,1,0,,1500,0,0,,1500,
1644418225,B33,1,0,,1500,0,0,,1500,
1644418225,in27,1,0,,1501,0,0,,1501,
1644418225,B14,1,0,,1501,0,0,,1501,
1644418225,B11,1,0,,1501,0,0,,1501,
1644418225,cn12,1,0,,1501,0,0,,1501,
1644418225,B54,1,0,,1501,0,0,,1501,
1644418225,B51,1,0,,1501,0,0,,1501,
1644418226,os4,1,0,,1501,0,0,,1501,
1644418226,in4,1,0,,1501,0,0,,1501,
1644418226,B33,1,0,,1501,0,0,,1501,
1644418226,in27,1,0,,1502,0,0,,1502,
1644418226,B14,1,0,,1502,0,0,,1502,
1644418226,B11,1,0,,1502,0,0,,1502,
1644418226,cn12,1,0,,1502,0,0,,1502,
1644418226,B54,1,0,,1502,0,0,,1502,
1644418226,B51,1,0,,1502,0,0,,1502,
1644418226,os4,1,0,,1502,0,0,,1502,
1644418226,in4,1,0,,1502,0,0,,1502,
1644418226,B33,1,0,,1502,0,0,,1502,
1644418226,in27,1,0,,1503,0,0,,1503,
1644418226,B14,1,0,,1503,0,0,,1503,
1644418226,B11,1,0,,1503,0,0,,1503,
1644418226,cn12,1,0,,1503,0,0,,1503,
1644418226,B54,1,0,,1503,0,0,,1503,
1644418226,B51,1,0,,1503,0,0,,1503,
1644418226,os4,1,0,,1503,0,0,,1503,
1644418226,in4,1,0,,1503,0,0,,1503,
1644418226,B33,1,0,,1503,0,0,,1503,
1644418226,in27,1,0,,1504,0,0,,1504,
1644418226,B14,1,0,,1504,0,0,,1504,
1644418226,B11,1,0,,1504,0,0,,1504,
1644418226,cn12,1,0,,1504,0,0,,1504,
1644418226,B54,1,0,,1504,0,0,,1504,
1644418226,B51,1,0,,1504,0,0,,1504,
1644418226,os4,1,0,,1504,0,0,,1504,
1644418226,in4,1,0,,1504,0,0,,1504,
1644418226,B33,1,0,,1504,0,0,,1504,
1644418226,in27,1,0,,1505,0,0,,1505,
1644418226,B14,1,0,,1505,0,0,,1505,
1644418226,B11,1,0,,1505,0,0,,1505,
1644418226,cn12,1,0,,1505,0,0,,1505,
1644418226,B54,1,0,,1505,0,0,,1505,
1644418226,B51,1,0,,1505,0,0,,1505,
1644418226,os4,1,0,,1505,0,0,,1505,
1644418226,in4,1,0,,1505,0,0,,1505,
1644418226,B33,1,0,,1505,0,0,,1505,
1644418227,in27,1,0,,1506,0,0,,1506,
1644418227,B14,1,0,,1506,0,0,,1506,
1644418227,B11,1,0,,1506,0,0,,1506,
1644418227,cn12,1,0,,1506,0,0,,1506,
1644418227,B54,1,1,job678_scenario1_1465,1506,0,0,,1506,
1644418227,B51,1,0,,1506,0,0,,1506,
1644418227,os4,1,0,,1506,0,0,,1506,
1644418227,in4,1,0,,1506,0,0,,1506,
1644418227,B33,1,0,,1506,0,0,,1506,
1644418227,in27,1,0,,1507,0,0,,1507,
1644418227,B14,1,0,,1507,0,0,,1507,
1644418227,B11,1,0,,1507,0,0,,1507,
1644418227,cn12,1,0,,1507,0,0,,1507,
1644418227,B54,1,1,job678_scenario1_1465,1507,0,0,,1507,
1644418227,B51,1,0,,1507,0,0,,1507,
1644418227,os4,1,0,,1507,0,0,,1507,
1644418227,in4,1,0,,1507,0,0,,1507,
1644418227,B33,1,0,,1507,0,0,,1507,
1644418227,in27,1,0,,1508,0,0,,1508,
1644418227,B14,1,0,,1508,0,0,,1508,
1644418227,B11,1,0,,1508,0,0,,1508,
1644418227,cn12,1,0,,1508,0,0,,1508,
1644418227,B54,1,1,job678_scenario1_1465,1508,0,0,,1508,
1644418227,B51,1,0,,1508,0,0,,1508,
1644418227,os4,1,1,job687_scenario4_1505,1508,0,0,,1508,
1644418227,in4,1,0,,1508,0,0,,1508,
1644418227,B33,1,0,,1508,0,0,,1508,
1644418227,in27,1,0,,1509,0,0,,1509,
1644418227,B14,1,0,,1509,0,0,,1509,
1644418227,B11,1,0,,1509,0,0,,1509,
1644418227,cn12,1,0,,1509,0,0,,1509,
1644418227,B54,1,1,job678_scenario1_1465,1509,0,0,,1509,
1644418227,B51,1,0,,1509,0,0,,1509,
1644418227,os4,1,1,job687_scenario4_1505,1509,0,0,,1509,
1644418227,in4,1,0,,1509,0,0,,1509,
1644418227,B33,1,0,,1509,0,0,,1509,
1644418227,in27,1,0,,1510,0,0,,1510,
1644418227,B14,1,0,,1510,0,0,,1510,
1644418228,B11,1,0,,1510,0,0,,1510,
1644418228,cn12,1,0,,1510,0,0,,1510,
1644418228,B54,1,1,job678_scenario1_1465,1510,0,0,,1510,
1644418228,B51,1,0,,1510,0,0,,1510,
1644418228,os4,1,1,job687_scenario4_1505,1510,0,0,,1510,
1644418228,in4,1,0,,1510,0,0,,1510,
1644418228,B33,1,0,,1510,0,0,,1510,
1644418229,in27,1,0,,1511,0,0,,1511,
1644418229,B14,1,0,,1511,0,0,,1511,
1644418229,B11,1,1,job688_scenario3_1508,1511,0,0,,1511,
1644418229,cn12,1,0,,1511,0,0,,1511,
1644418229,B54,1,0,,1511,0,0,,1511,
1644418229,B51,1,0,,1511,0,0,,1511,
1644418229,os4,1,0,,1511,0,0,,1511,
1644418229,in4,1,0,,1511,0,0,,1511,
1644418229,B33,1,0,,1511,0,0,,1511,
1644418229,in27,1,0,,1512,0,0,,1512,
1644418229,B14,1,0,,1512,0,0,,1512,
1644418229,B11,1,1,job688_scenario3_1508,1512,0,0,,1512,
1644418229,cn12,1,0,,1512,0,0,,1512,
1644418229,B54,1,0,,1512,0,0,,1512,
1644418229,B51,1,0,,1512,0,0,,1512,
1644418229,os4,1,0,,1512,0,0,,1512,
1644418229,in4,1,0,,1512,0,0,,1512,
1644418229,B33,1,0,,1512,0,0,,1512,
1644418230,in27,1,0,,1513,0,0,,1513,
1644418230,B14,1,0,,1513,0,0,,1513,
1644418230,B11,1,0,,1513,0,0,,1513,
1644418230,cn12,1,0,,1513,0,0,,1513,
1644418230,B54,1,1,job686_scenario1_1500,1513,0,0,,1513,
1644418230,B51,1,0,,1513,0,0,,1513,
1644418230,os4,1,0,,1513,0,0,,1513,
1644418230,in4,1,0,,1513,0,0,,1513,
1644418230,B33,1,0,,1513,0,0,,1513,
1644418230,in27,1,0,,1514,0,0,,1514,
1644418230,B14,1,0,,1514,0,0,,1514,
1644418230,B11,1,0,,1514,0,0,,1514,
1644418230,cn12,1,0,,1514,0,0,,1514,
1644418230,B54,1,1,job686_scenario1_1500,1514,0,0,,1514,
1644418230,B51,1,0,,1514,0,0,,1514,
1644418230,os4,1,0,,1514,0,0,,1514,
1644418230,in4,1,0,,1514,0,0,,1514,
1644418230,B33,1,0,,1514,0,0,,1514,
1644418230,in27,1,0,,1515,0,0,,1515,
1644418230,B14,1,0,,1515,0,0,,1515,
1644418230,B11,1,0,,1515,0,0,,1515,
1644418230,cn12,1,0,,1515,0,0,,1515,
1644418230,B54,1,1,job686_scenario1_1500,1515,0,0,,1515,
1644418230,B51,1,0,,1515,0,0,,1515,
1644418230,os4,1,0,,1515,0,0,,1515,
1644418230,in4,1,0,,1515,0,0,,1515,
1644418230,B33,1,0,,1515,0,0,,1515,
1644418230,in27,1,0,,1516,0,0,,1516,
1644418230,B14,1,0,,1516,0,0,,1516,
1644418230,B11,1,0,,1516,0,0,,1516,
1644418230,cn12,1,0,,1516,0,0,,1516,
1644418230,B54,1,1,job686_scenario1_1500,1516,0,0,,1516,
1644418230,B51,1,0,,1516,0,0,,1516,
1644418230,os4,1,0,,1516,0,0,,1516,
1644418230,in4,1,0,,1516,0,0,,1516,
1644418230,B33,1,0,,1516,0,0,,1516,
1644418230,in27,1,0,,1517,0,0,,1517,
1644418230,B14,1,0,,1517,0,0,,1517,
1644418230,B11,1,0,,1517,0,0,,1517,
1644418230,cn12,1,0,,1517,0,0,,1517,
1644418230,B54,1,1,job686_scenario1_1500,1517,0,0,,1517,
1644418230,B51,1,0,,1517,0,0,,1517,
1644418230,os4,1,0,,1517,0,0,,1517,
1644418230,in4,1,0,,1517,0,0,,1517,
1644418230,B33,1,0,,1517,0,0,,1517,
1644418230,in27,1,0,,1518,0,0,,1518,
1644418230,B14,1,0,,1518,0,0,,1518,
1644418230,B11,1,0,,1518,0,0,,1518,
1644418230,cn12,1,0,,1518,0,0,,1518,
1644418230,B54,1,0,,1518,0,0,,1518,
1644418230,B51,1,0,,1518,0,0,,1518,
1644418230,os4,1,0,,1518,0,0,,1518,
1644418230,in4,1,0,,1518,0,0,,1518,
1644418230,B33,1,0,,1518,0,0,,1518,
1644418230,in27,1,0,,1519,0,0,,1519,
1644418230,B14,1,0,,1519,0,0,,1519,
1644418230,B11,1,0,,1519,0,0,,1519,
1644418230,cn12,1,0,,1519,0,0,,1519,
1644418230,B54,1,0,,1519,0,0,,1519,
1644418230,B51,1,0,,1519,0,0,,1519,
1644418230,os4,1,0,,1519,0,0,,1519,
1644418230,in4,1,0,,1519,0,0,,1519,
1644418230,B33,1,0,,1519,0,0,,1519,
1644418231,in27,1,0,,1520,0,0,,1520,
1644418231,B14,1,0,,1520,0,0,,1520,
1644418231,B11,1,1,job694_scenario3_1517,1520,0,0,,1520,
1644418231,cn12,1,0,,1520,0,0,,1520,
1644418231,B54,1,1,job682_scenario1_1479,1520,0,0,,1520,
1644418231,B51,1,0,,1520,0,0,,1520,
1644418231,os4,1,0,,1520,0,0,,1520,
1644418231,in4,1,0,,1520,0,0,,1520,
1644418231,B33,1,0,,1520,0,0,,1520,
1644418231,in27,1,0,,1521,0,0,,1521,
1644418231,B14,1,0,,1521,0,0,,1521,
1644418231,B11,1,1,job694_scenario3_1517,1521,0,0,,1521,
1644418231,cn12,1,0,,1521,0,0,,1521,
1644418231,B54,1,1,job682_scenario1_1479,1521,0,0,,1521,
1644418231,B51,1,0,,1521,0,0,,1521,
1644418231,os4,1,0,,1521,0,0,,1521,
1644418231,in4,1,0,,1521,0,0,,1521,
1644418231,B33,1,0,,1521,0,0,,1521,
1644418232,in27,1,0,,1522,0,0,,1522,
1644418232,B14,1,0,,1522,0,0,,1522,
1644418232,B11,1,1,job694_scenario3_1517,1522,0,0,,1522,
1644418232,cn12,1,0,,1522,0,0,,1522,
1644418232,B54,1,1,job682_scenario1_1479,1522,0,0,,1522,
1644418232,B51,1,0,,1522,0,0,,1522,
1644418232,os4,1,0,,1522,0,0,,1522,
1644418232,in4,1,0,,1522,0,0,,1522,
1644418232,B33,1,1,job696_scenario2_1521,1522,0,0,,1522,
1644418232,in27,1,0,,1523,0,0,,1523,
1644418232,B14,1,0,,1523,0,0,,1523,
1644418232,B11,1,1,job694_scenario3_1517,1523,0,0,,1523,
1644418232,cn12,1,0,,1523,0,0,,1523,
1644418232,B54,1,1,job682_scenario1_1479,1523,0,0,,1523,
1644418232,B51,1,0,,1523,0,0,,1523,
1644418232,os4,1,0,,1523,0,0,,1523,
1644418232,in4,1,0,,1523,0,0,,1523,
1644418232,B33,1,1,job696_scenario2_1521,1523,0,0,,1523,
1644418233,in27,1,0,,1524,0,0,,1524,
1644418233,B14,1,0,,1524,0,0,,1524,
1644418233,B11,1,0,,1524,0,0,,1524,
1644418233,cn12,1,0,,1524,0,0,,1524,
1644418233,B54,1,1,job682_scenario1_1479,1524,0,0,,1524,
1644418233,B51,1,1,job685_scenario0_1496,1524,0,0,,1524,
1644418233,os4,1,0,,1524,0,0,,1524,
1644418233,in4,1,0,,1524,0,0,,1524,
1644418233,B33,1,0,,1524,0,0,,1524,
1644418233,in27,1,0,,1525,0,0,,1525,
1644418233,B14,1,0,,1525,0,0,,1525,
1644418233,B11,1,0,,1525,0,0,,1525,
1644418233,cn12,1,0,,1525,0,0,,1525,
1644418233,B54,1,1,job682_scenario1_1479,1525,0,0,,1525,
1644418233,B51,1,1,job685_scenario0_1496,1525,0,0,,1525,
1644418233,os4,1,1,job697_scenario4_1522,1525,0,0,,1525,
1644418233,in4,1,0,,1525,0,0,,1525,
1644418233,B33,1,0,,1525,0,0,,1525,
1644418234,in27,1,0,,1526,0,0,,1526,
1644418234,B14,1,0,,1526,0,0,,1526,
1644418234,B11,1,1,job698_scenario3_1523,1526,0,0,,1526,
1644418234,cn12,1,0,,1526,0,0,,1526,
1644418234,B54,1,1,job682_scenario1_1479,1526,0,0,,1526,
1644418234,B51,1,1,job685_scenario0_1496,1526,0,0,,1526,
1644418234,os4,1,1,job697_scenario4_1522,1526,0,0,,1526,
1644418234,in4,1,0,,1526,0,0,,1526,
1644418234,B33,1,0,,1526,0,0,,1526,
1644418234,in27,1,0,,1527,0,0,,1527,
1644418234,B14,1,0,,1527,0,0,,1527,
1644418234,B11,1,1,job698_scenario3_1523,1527,0,0,,1527,
1644418234,cn12,1,0,,1527,0,0,,1527,
1644418234,B54,1,1,job682_scenario1_1479,1527,0,0,,1527,
1644418234,B51,1,1,job685_scenario0_1496,1527,0,0,,1527,
1644418234,os4,1,1,job697_scenario4_1522,1527,0,0,,1527,
1644418234,in4,1,0,,1527,0,0,,1527,
1644418234,B33,1,0,,1527,0,0,,1527,
1644418234,in27,1,0,,1528,0,0,,1528,
1644418234,B14,1,0,,1528,0,0,,1528,
1644418234,B11,1,1,job698_scenario3_1523,1528,0,0,,1528,
1644418234,cn12,1,0,,1528,0,0,,1528,
1644418234,B54,1,0,,1528,0,0,,1528,
1644418234,B51,1,1,job685_scenario0_1496,1528,0,0,,1528,
1644418234,os4,1,1,job697_scenario4_1522,1528,0,0,,1528,
1644418234,in4,1,0,,1528,0,0,,1528,
1644418234,B33,1,0,,1528,0,0,,1528,
1644418234,in27,1,0,,1529,0,0,,1529,
1644418234,B14,1,0,,1529,0,0,,1529,
1644418234,B11,1,1,job698_scenario3_1523,1529,0,0,,1529,
1644418234,cn12,1,0,,1529,0,0,,1529,
1644418234,B54,1,0,,1529,0,0,,1529,
1644418234,B51,1,1,job685_scenario0_1496,1529,0,0,,1529,
1644418234,os4,1,0,,1529,0,0,,1529,
1644418234,in4,1,0,,1529,0,0,,1529,
1644418234,B33,1,0,,1529,0,0,,1529,
1644418234,in27,1,0,,1530,0,0,,1530,
1644418234,B14,1,0,,1530,0,0,,1530,
1644418234,B11,1,1,job698_scenario3_1523,1530,0,0,,1530,
1644418234,cn12,1,0,,1530,0,0,,1530,
1644418234,B54,1,0,,1530,0,0,,1530,
1644418234,B51,1,1,job685_scenario0_1496,1530,0,0,,1530,
1644418234,os4,1,0,,1530,0,0,,1530,
1644418234,in4,1,0,,1530,0,0,,1530,
1644418234,B33,1,0,,1530,0,0,,1530,
1644418235,in27,1,0,,1531,0,0,,1531,
1644418235,B14,1,0,,1531,0,0,,1531,
1644418235,B11,1,0,,1531,0,0,,1531,
1644418235,cn12,1,0,,1531,0,0,,1531,
1644418235,B54,1,0,,1531,0,0,,1531,
1644418235,B51,1,1,job685_scenario0_1496,1531,0,0,,1531,
1644418235,os4,1,0,,1531,0,0,,1531,
1644418235,in4,1,0,,1531,0,0,,1531,
1644418235,B33,1,0,,1531,0,0,,1531,
1644418235,in27,1,0,,1532,0,0,,1532,
1644418235,B14,1,0,,1532,0,0,,1532,
1644418235,B11,1,0,,1532,0,0,,1532,
1644418235,cn12,1,0,,1532,0,0,,1532,
1644418235,B54,1,0,,1532,0,0,,1532,
1644418235,B51,1,1,job685_scenario0_1496,1532,0,0,,1532,
1644418235,os4,1,0,,1532,0,0,,1532,
1644418235,in4,1,0,,1532,0,0,,1532,
1644418235,B33,1,0,,1532,0,0,,1532,
1644418235,in27,1,0,,1533,0,0,,1533,
1644418235,B14,1,0,,1533,0,0,,1533,
1644418235,B11,1,0,,1533,0,0,,1533,
1644418235,cn12,1,0,,1533,0,0,,1533,
1644418235,B54,1,0,,1533,0,0,,1533,
1644418235,B51,1,1,job685_scenario0_1496,1533,0,0,,1533,
1644418235,os4,1,0,,1533,0,0,,1533,
1644418235,in4,1,0,,1533,0,0,,1533,
1644418235,B33,1,0,,1533,0,0,,1533,
1644418235,in27,1,0,,1534,0,0,,1534,
1644418235,B14,1,0,,1534,0,0,,1534,
1644418235,B11,1,0,,1534,0,0,,1534,
1644418235,cn12,1,0,,1534,0,0,,1534,
1644418235,B54,1,0,,1534,0,0,,1534,
1644418235,B51,1,1,job685_scenario0_1496,1534,0,0,,1534,
1644418235,os4,1,0,,1534,0,0,,1534,
1644418235,in4,1,0,,1534,0,0,,1534,
1644418235,B33,1,0,,1534,0,0,,1534,
1644418235,in27,1,0,,1535,0,0,,1535,
1644418235,B14,1,0,,1535,0,0,,1535,
1644418235,B11,1,0,,1535,0,0,,1535,
1644418235,cn12,1,0,,1535,0,0,,1535,
1644418235,B54,1,0,,1535,0,0,,1535,
1644418235,B51,1,1,job685_scenario0_1496,1535,0,0,,1535,
1644418235,os4,1,0,,1535,0,0,,1535,
1644418235,in4,1,0,,1535,0,0,,1535,
1644418235,B33,1,0,,1535,0,0,,1535,
1644418235,in27,1,0,,1536,0,0,,1536,
1644418235,B14,1,0,,1536,0,0,,1536,
1644418235,B11,1,0,,1536,0,0,,1536,
1644418235,cn12,1,0,,1536,0,0,,1536,
1644418235,B54,1,0,,1536,0,0,,1536,
1644418235,B51,1,1,job685_scenario0_1496,1536,0,0,,1536,
1644418235,os4,1,0,,1536,0,0,,1536,
1644418235,in4,1,0,,1536,0,0,,1536,
1644418235,B33,1,0,,1536,0,0,,1536,
1644418235,in27,1,0,,1537,0,0,,1537,
1644418235,B14,1,0,,1537,0,0,,1537,
1644418235,B11,1,0,,1537,0,0,,1537,
1644418235,cn12,1,0,,1537,0,0,,1537,
1644418235,B54,1,0,,1537,0,0,,1537,
1644418235,B51,1,1,job685_scenario0_1496,1537,0,0,,1537,
1644418235,os4,1,0,,1537,0,0,,1537,
1644418235,in4,1,0,,1537,0,0,,1537,
1644418235,B33,1,0,,1537,0,0,,1537,
1644418235,in27,1,0,,1538,0,0,,1538,
1644418235,B14,1,0,,1538,0,0,,1538,
1644418235,B11,1,0,,1538,0,0,,1538,
1644418235,cn12,1,0,,1538,0,0,,1538,
1644418235,B54,1,0,,1538,0,0,,1538,
1644418235,B51,1,0,,1538,0,0,,1538,
1644418235,os4,1,0,,1538,0,0,,1538,
1644418235,in4,1,0,,1538,0,0,,1538,
1644418235,B33,1,0,,1538,0,0,,1538,
1644418235,in27,1,0,,1539,0,0,,1539,
1644418235,B14,1,0,,1539,0,0,,1539,
1644418235,B11,1,0,,1539,0,0,,1539,
1644418235,cn12,1,0,,1539,0,0,,1539,
1644418235,B54,1,0,,1539,0,0,,1539,
1644418235,B51,1,0,,1539,0,0,,1539,
1644418235,os4,1,0,,1539,0,0,,1539,
1644418235,in4,1,0,,1539,0,0,,1539,
1644418235,B33,1,0,,1539,0,0,,1539,
1644418235,in27,1,0,,1540,0,0,,1540,
1644418235,B14,1,0,,1540,0,0,,1540,
1644418235,B11,1,0,,1540,0,0,,1540,
1644418235,cn12,1,0,,1540,0,0,,1540,
1644418235,B54,1,0,,1540,0,0,,1540,
1644418235,B51,1,0,,1540,0,0,,1540,
1644418236,os4,1,0,,1540,0,0,,1540,
1644418236,in4,1,0,,1540,0,0,,1540,
1644418236,B33,1,0,,1540,0,0,,1540,
1644418236,in27,1,0,,1541,0,0,,1541,
1644418236,B14,1,0,,1541,0,0,,1541,
1644418236,B11,1,0,,1541,0,0,,1541,
1644418236,cn12,1,0,,1541,0,0,,1541,
1644418236,B54,1,0,,1541,0,0,,1541,
1644418236,B51,1,0,,1541,0,0,,1541,
1644418236,os4,1,0,,1541,0,0,,1541,
1644418236,in4,1,0,,1541,0,0,,1541,
1644418236,B33,1,0,,1541,0,0,,1541,
1644418236,in27,1,0,,1542,0,0,,1542,
1644418236,B14,1,0,,1542,0,0,,1542,
1644418236,B11,1,0,,1542,0,0,,1542,
1644418236,cn12,1,0,,1542,0,0,,1542,
1644418236,B54,1,1,job700_scenario1_1541,1542,0,0,,1542,
1644418236,B51,1,0,,1542,0,0,,1542,
1644418236,os4,1,0,,1542,0,0,,1542,
1644418236,in4,1,0,,1542,0,0,,1542,
1644418236,B33,1,0,,1542,0,0,,1542,
1644418236,in27,1,0,,1543,0,0,,1543,
1644418236,B14,1,0,,1543,0,0,,1543,
1644418236,B11,1,0,,1543,0,0,,1543,
1644418236,cn12,1,0,,1543,0,0,,1543,
1644418236,B54,1,1,job700_scenario1_1541,1543,0,0,,1543,
1644418236,B51,1,0,,1543,0,0,,1543,
1644418236,os4,1,0,,1543,0,0,,1543,
1644418236,in4,1,0,,1543,0,0,,1543,
1644418236,B33,1,0,,1543,0,0,,1543,
1644418236,in27,1,0,,1544,0,0,,1544,
1644418236,B14,1,0,,1544,0,0,,1544,
1644418236,B11,1,0,,1544,0,0,,1544,
1644418236,cn12,1,0,,1544,0,0,,1544,
1644418236,B54,1,1,job700_scenario1_1541,1544,0,0,,1544,
1644418236,B51,1,0,,1544,0,0,,1544,
1644418236,os4,1,0,,1544,0,0,,1544,
1644418236,in4,1,0,,1544,0,0,,1544,
1644418236,B33,1,0,,1544,0,0,,1544,
1644418236,in27,1,0,,1545,0,0,,1545,
1644418236,B14,1,0,,1545,0,0,,1545,
1644418236,B11,1,0,,1545,0,0,,1545,
1644418236,cn12,1,0,,1545,0,0,,1545,
1644418236,B54,1,0,,1545,0,0,,1545,
1644418236,B51,1,0,,1545,0,0,,1545,
1644418236,os4,1,0,,1545,0,0,,1545,
1644418236,in4,1,0,,1545,0,0,,1545,
1644418236,B33,1,0,,1545,0,0,,1545,
1644418237,in27,1,0,,1546,0,0,,1546,
1644418237,B14,1,0,,1546,0,0,,1546,
1644418237,B11,1,0,,1546,0,0,,1546,
1644418237,cn12,1,0,,1546,0,0,,1546,
1644418237,B54,1,0,,1546,0,0,,1546,
1644418237,B51,1,0,,1546,0,0,,1546,
1644418237,os4,1,0,,1546,0,0,,1546,
1644418237,in4,1,0,,1546,0,0,,1546,
1644418237,B33,1,0,,1546,0,0,,1546,
1644418237,in27,1,0,,1547,0,0,,1547,
1644418237,B14,1,0,,1547,0,0,,1547,
1644418237,B11,1,0,,1547,0,0,,1547,
1644418237,cn12,1,0,,1547,0,0,,1547,
1644418237,B54,1,0,,1547,0,0,,1547,
1644418237,B51,1,0,,1547,0,0,,1547,
1644418237,os4,1,0,,1547,0,0,,1547,
1644418237,in4,1,0,,1547,0,0,,1547,
1644418237,B33,1,0,,1547,0,0,,1547,
1644418237,in27,1,0,,1548,0,0,,1548,
1644418237,B14,1,0,,1548,0,0,,1548,
1644418237,B11,1,0,,1548,0,0,,1548,
1644418237,cn12,1,0,,1548,0,0,,1548,
1644418237,B54,1,1,job693_scenario1_1516,1548,0,0,,1548,
1644418237,B51,1,0,,1548,0,0,,1548,
1644418237,os4,1,0,,1548,0,0,,1548,
1644418237,in4,1,0,,1548,0,0,,1548,
1644418237,B33,1,0,,1548,0,0,,1548,
1644418237,in27,1,0,,1549,0,0,,1549,
1644418237,B14,1,0,,1549,0,0,,1549,
1644418237,B11,1,0,,1549,0,0,,1549,
1644418237,cn12,1,0,,1549,0,0,,1549,
1644418237,B54,1,1,job693_scenario1_1516,1549,0,0,,1549,
1644418237,B51,1,0,,1549,0,0,,1549,
1644418237,os4,1,0,,1549,0,0,,1549,
1644418237,in4,1,0,,1549,0,0,,1549,
1644418237,B33,1,0,,1549,0,0,,1549,
1644418237,in27,1,0,,1550,0,0,,1550,
1644418237,B14,1,0,,1550,0,0,,1550,
1644418237,B11,1,0,,1550,0,0,,1550,
1644418237,cn12,1,0,,1550,0,0,,1550,
1644418237,B54,1,1,job693_scenario1_1516,1550,0,0,,1550,
1644418237,B51,1,0,,1550,0,0,,1550,
1644418237,os4,1,0,,1550,0,0,,1550,
1644418237,in4,1,0,,1550,0,0,,1550,
1644418237,B33,1,0,,1550,0,0,,1550,
1644418238,in27,1,0,,1551,0,0,,1551,
1644418238,B14,1,0,,1551,0,0,,1551,
1644418238,B11,1,0,,1551,0,0,,1551,
1644418238,cn12,1,0,,1551,0,0,,1551,
1644418238,B54,1,1,job693_scenario1_1516,1551,0,0,,1551,
1644418238,B51,1,0,,1551,0,0,,1551,
1644418238,os4,1,1,job702_scenario4_1548,1551,0,0,,1551,
1644418238,in4,1,0,,1551,0,0,,1551,
1644418238,B33,1,0,,1551,0,0,,1551,
1644418238,in27,1,0,,1552,0,0,,1552,
1644418238,B14,1,0,,1552,0,0,,1552,
1644418238,B11,1,0,,1552,0,0,,1552,
1644418238,cn12,1,0,,1552,0,0,,1552,
1644418238,B54,1,1,job693_scenario1_1516,1552,0,0,,1552,
1644418238,B51,1,0,,1552,0,0,,1552,
1644418238,os4,1,1,job702_scenario4_1548,1552,0,0,,1552,
1644418238,in4,1,0,,1552,0,0,,1552,
1644418238,B33,1,0,,1552,0,0,,1552,
1644418238,in27,1,0,,1553,0,0,,1553,
1644418238,B14,1,0,,1553,0,0,,1553,
1644418238,B11,1,0,,1553,0,0,,1553,
1644418238,cn12,1,0,,1553,0,0,,1553,
1644418238,B54,1,0,,1553,0,0,,1553,
1644418238,B51,1,0,,1553,0,0,,1553,
1644418238,os4,1,1,job702_scenario4_1548,1553,0,0,,1553,
1644418238,in4,1,0,,1553,0,0,,1553,
1644418238,B33,1,0,,1553,0,0,,1553,
1644418239,in27,1,0,,1554,0,0,,1554,
1644418239,B14,1,0,,1554,0,0,,1554,
1644418239,B11,1,0,,1554,0,0,,1554,
1644418239,cn12,1,0,,1554,0,0,,1554,
1644418239,B54,1,0,,1554,0,0,,1554,
1644418239,B51,1,0,,1554,0,0,,1554,
1644418239,os4,1,0,,1554,0,0,,1554,
1644418239,in4,1,0,,1554,0,0,,1554,
1644418239,B33,1,0,,1554,0,0,,1554,
1644418239,in27,1,0,,1555,0,0,,1555,
1644418239,B14,1,0,,1555,0,0,,1555,
1644418239,B11,1,0,,1555,0,0,,1555,
1644418239,cn12,1,0,,1555,0,0,,1555,
1644418239,B54,1,1,job692_scenario1_1514,1555,0,0,,1555,
1644418239,B51,1,0,,1555,0,0,,1555,
1644418239,os4,1,0,,1555,0,0,,1555,
1644418239,in4,1,0,,1555,0,0,,1555,
1644418239,B33,1,0,,1555,0,0,,1555,
1644418239,in27,1,0,,1556,0,0,,1556,
1644418239,B14,1,0,,1556,0,0,,1556,
1644418239,B11,1,0,,1556,0,0,,1556,
1644418239,cn12,1,0,,1556,0,0,,1556,
1644418239,B54,1,1,job692_scenario1_1514,1556,0,0,,1556,
1644418239,B51,1,0,,1556,0,0,,1556,
1644418239,os4,1,0,,1556,0,0,,1556,
1644418239,in4,1,0,,1556,0,0,,1556,
1644418239,B33,1,0,,1556,0,0,,1556,
1644418239,in27,1,0,,1557,0,0,,1557,
1644418239,B14,1,0,,1557,0,0,,1557,
1644418239,B11,1,0,,1557,0,0,,1557,
1644418239,cn12,1,0,,1557,0,0,,1557,
1644418239,B54,1,1,job692_scenario1_1514,1557,0,0,,1557,
1644418239,B51,1,0,,1557,0,0,,1557,
1644418239,os4,1,0,,1557,0,0,,1557,
1644418239,in4,1,0,,1557,0,0,,1557,
1644418239,B33,1,0,,1557,0,0,,1557,
1644418240,in27,1,0,,1558,0,0,,1558,
1644418240,B14,1,0,,1558,0,0,,1558,
1644418240,B11,1,0,,1558,0,0,,1558,
1644418240,cn12,1,0,,1558,0,0,,1558,
1644418240,B54,1,1,job692_scenario1_1514,1558,0,0,,1558,
1644418240,B51,1,1,job706_scenario0_1557,1558,0,0,,1558,
1644418240,os4,1,0,,1558,0,0,,1558,
1644418240,in4,1,0,,1558,0,0,,1558,
1644418240,B33,1,0,,1558,0,0,,1558,
1644418240,in27,1,0,,1559,0,0,,1559,
1644418240,B14,1,0,,1559,0,0,,1559,
1644418240,B11,1,0,,1559,0,0,,1559,
1644418240,cn12,1,0,,1559,0,0,,1559,
1644418240,B54,1,1,job692_scenario1_1514,1559,0,0,,1559,
1644418240,B51,1,1,job706_scenario0_1557,1559,0,0,,1559,
1644418240,os4,1,0,,1559,0,0,,1559,
1644418240,in4,1,0,,1559,0,0,,1559,
1644418240,B33,1,0,,1559,0,0,,1559,
1644418240,in27,1,0,,1560,0,0,,1560,
1644418240,B14,1,0,,1560,0,0,,1560,
1644418240,B11,1,0,,1560,0,0,,1560,
1644418240,cn12,1,0,,1560,0,0,,1560,
1644418240,B54,1,1,job692_scenario1_1514,1560,0,0,,1560,
1644418240,B51,1,1,job706_scenario0_1557,1560,0,0,,1560,
1644418240,os4,1,0,,1560,0,0,,1560,
1644418240,in4,1,0,,1560,0,0,,1560,
1644418240,B33,1,0,,1560,0,0,,1560,
1644418240,in27,1,0,,1561,0,0,,1561,
1644418240,B14,1,0,,1561,0,0,,1561,
1644418240,B11,1,0,,1561,0,0,,1561,
1644418240,cn12,1,0,,1561,0,0,,1561,
1644418240,B54,1,0,,1561,0,0,,1561,
1644418240,B51,1,1,job706_scenario0_1557,1561,0,0,,1561,
1644418240,os4,1,0,,1561,0,0,,1561,
1644418240,in4,1,0,,1561,0,0,,1561,
1644418240,B33,1,0,,1561,0,0,,1561,
1644418241,in27,1,0,,1562,0,0,,1562,
1644418241,B14,1,0,,1562,0,0,,1562,
1644418241,B11,1,0,,1562,0,0,,1562,
1644418241,cn12,1,0,,1562,0,0,,1562,
1644418241,B54,1,0,,1562,0,0,,1562,
1644418241,B51,1,1,job706_scenario0_1557,1562,0,0,,1562,
1644418241,os4,1,0,,1562,0,0,,1562,
1644418241,in4,1,0,,1562,0,0,,1562,
1644418241,B33,1,0,,1562,0,0,,1562,
1644418241,in27,1,0,,1563,0,0,,1563,
1644418241,B14,1,0,,1563,0,0,,1563,
1644418241,B11,1,0,,1563,0,0,,1563,
1644418241,cn12,1,0,,1563,0,0,,1563,
1644418241,B54,1,0,,1563,0,0,,1563,
1644418241,B51,1,1,job706_scenario0_1557,1563,0,0,,1563,
1644418241,os4,1,0,,1563,0,0,,1563,
1644418241,in4,1,0,,1563,0,0,,1563,
1644418241,B33,1,0,,1563,0,0,,1563,
1644418241,in27,1,0,,1564,0,0,,1564,
1644418241,B14,1,0,,1564,0,0,,1564,
1644418241,B11,1,0,,1564,0,0,,1564,
1644418241,cn12,1,0,,1564,0,0,,1564,
1644418241,B54,1,0,,1564,0,0,,1564,
1644418241,B51,1,1,job706_scenario0_1557,1564,0,0,,1564,
1644418241,os4,1,0,,1564,0,0,,1564,
1644418241,in4,1,0,,1564,0,0,,1564,
1644418241,B33,1,0,,1564,0,0,,1564,
1644418241,in27,1,0,,1565,0,0,,1565,
1644418241,B14,1,0,,1565,0,0,,1565,
1644418241,B11,1,0,,1565,0,0,,1565,
1644418241,cn12,1,0,,1565,0,0,,1565,
1644418241,B54,1,0,,1565,0,0,,1565,
1644418241,B51,1,1,job706_scenario0_1557,1565,0,0,,1565,
1644418241,os4,1,0,,1565,0,0,,1565,
1644418241,in4,1,0,,1565,0,0,,1565,
1644418241,B33,1,0,,1565,0,0,,1565,
1644418241,in27,1,0,,1566,0,0,,1566,
1644418241,B14,1,0,,1566,0,0,,1566,
1644418241,B11,1,0,,1566,0,0,,1566,
1644418241,cn12,1,0,,1566,0,0,,1566,
1644418241,B54,1,0,,1566,0,0,,1566,
1644418241,B51,1,1,job706_scenario0_1557,1566,0,0,,1566,
1644418241,os4,1,0,,1566,0,0,,1566,
1644418241,in4,1,0,,1566,0,0,,1566,
1644418241,B33,1,0,,1566,0,0,,1566,
1644418241,in27,1,0,,1567,0,0,,1567,
1644418241,B14,1,0,,1567,0,0,,1567,
1644418241,B11,1,0,,1567,0,0,,1567,
1644418241,cn12,1,0,,1567,0,0,,1567,
1644418241,B54,1,1,job708_scenario1_1565,1567,0,0,,1567,
1644418241,B51,1,1,job706_scenario0_1557,1567,0,0,,1567,
1644418241,os4,1,0,,1567,0,0,,1567,
1644418241,in4,1,0,,1567,0,0,,1567,
1644418241,B33,1,0,,1567,0,0,,1567,
1644418241,in27,1,0,,1568,0,0,,1568,
1644418241,B14,1,0,,1568,0,0,,1568,
1644418241,B11,1,0,,1568,0,0,,1568,
1644418241,cn12,1,0,,1568,0,0,,1568,
1644418241,B54,1,1,job708_scenario1_1565,1568,0,0,,1568,
1644418241,B51,1,1,job706_scenario0_1557,1568,0,0,,1568,
1644418241,os4,1,0,,1568,0,0,,1568,
1644418241,in4,1,0,,1568,0,0,,1568,
1644418242,B33,1,0,,1568,0,0,,1568,
1644418242,in27,1,0,,1569,0,0,,1569,
1644418242,B14,1,0,,1569,0,0,,1569,
1644418242,B11,1,0,,1569,0,0,,1569,
1644418242,cn12,1,0,,1569,0,0,,1569,
1644418242,B54,1,1,job708_scenario1_1565,1569,0,0,,1569,
1644418242,B51,1,1,job706_scenario0_1557,1569,0,0,,1569,
1644418242,os4,1,0,,1569,0,0,,1569,
1644418242,in4,1,0,,1569,0,0,,1569,
1644418242,B33,1,0,,1569,0,0,,1569,
1644418242,in27,1,0,,1570,0,0,,1570,
1644418242,B14,1,0,,1570,0,0,,1570,
1644418242,B11,1,0,,1570,0,0,,1570,
1644418242,cn12,1,0,,1570,0,0,,1570,
1644418242,B54,1,1,job708_scenario1_1565,1570,0,0,,1570,
1644418242,B51,1,0,,1570,0,0,,1570,
1644418242,os4,1,0,,1570,0,0,,1570,
1644418242,in4,1,0,,1570,0,0,,1570,
1644418242,B33,1,0,,1570,0,0,,1570,
1644418242,in27,1,0,,1571,0,0,,1571,
1644418242,B14,1,0,,1571,0,0,,1571,
1644418242,B11,1,0,,1571,0,0,,1571,
1644418242,cn12,1,0,,1571,0,0,,1571,
1644418242,B54,1,1,job708_scenario1_1565,1571,0,0,,1571,
1644418242,B51,1,1,job699_scenario0_1530,1571,0,0,,1571,
1644418242,os4,1,0,,1571,0,0,,1571,
1644418242,in4,1,0,,1571,0,0,,1571,
1644418242,B33,1,0,,1571,0,0,,1571,
1644418242,in27,1,0,,1572,0,0,,1572,
1644418242,B14,1,0,,1572,0,0,,1572,
1644418242,B11,1,0,,1572,0,0,,1572,
1644418242,cn12,1,0,,1572,0,0,,1572,
1644418243,B54,1,1,job708_scenario1_1565,1572,0,0,,1572,
1644418243,B51,1,1,job699_scenario0_1530,1572,0,0,,1572,
1644418243,os4,1,0,,1572,0,0,,1572,
1644418243,in4,1,0,,1572,0,0,,1572,
1644418243,B33,1,0,,1572,0,0,,1572,
1644418243,in27,1,0,,1573,0,0,,1573,
1644418243,B14,1,0,,1573,0,0,,1573,
1644418243,B11,1,1,job711_scenario3_1570,1573,0,0,,1573,
1644418243,cn12,1,0,,1573,0,0,,1573,
1644418243,B54,1,0,,1573,0,0,,1573,
1644418243,B51,1,1,job699_scenario0_1530,1573,0,0,,1573,
1644418243,os4,1,0,,1573,0,0,,1573,
1644418243,in4,1,0,,1573,0,0,,1573,
1644418243,B33,1,0,,1573,0,0,,1573,
1644418243,in27,1,0,,1574,0,0,,1574,
1644418243,B14,1,0,,1574,0,0,,1574,
1644418243,B11,1,1,job711_scenario3_1570,1574,0,0,,1574,
1644418243,cn12,1,0,,1574,0,0,,1574,
1644418243,B54,1,0,,1574,0,0,,1574,
1644418243,B51,1,1,job699_scenario0_1530,1574,0,0,,1574,
1644418243,os4,1,0,,1574,0,0,,1574,
1644418243,in4,1,0,,1574,0,0,,1574,
1644418243,B33,1,0,,1574,0,0,,1574,
1644418243,in27,1,0,,1575,0,0,,1575,
1644418243,B14,1,0,,1575,0,0,,1575,
1644418243,B11,1,1,job711_scenario3_1570,1575,0,0,,1575,
1644418243,cn12,1,0,,1575,0,0,,1575,
1644418243,B54,1,0,,1575,0,0,,1575,
1644418243,B51,1,1,job699_scenario0_1530,1575,0,0,,1575,
1644418243,os4,1,0,,1575,0,0,,1575,
1644418243,in4,1,0,,1575,0,0,,1575,
1644418243,B33,1,0,,1575,0,0,,1575,
1644418244,in27,1,0,,1576,0,0,,1576,
1644418244,B14,1,0,,1576,0,0,,1576,
1644418244,B11,1,1,job711_scenario3_1570,1576,0,0,,1576,
1644418244,cn12,1,0,,1576,0,0,,1576,
1644418244,B54,1,0,,1576,0,0,,1576,
1644418244,B51,1,1,job699_scenario0_1530,1576,0,0,,1576,
1644418244,os4,1,0,,1576,0,0,,1576,
1644418244,in4,1,0,,1576,0,0,,1576,
1644418244,B33,1,0,,1576,0,0,,1576,
1644418244,in27,1,0,,1577,0,0,,1577,
1644418244,B14,1,0,,1577,0,0,,1577,
1644418244,B11,1,1,job711_scenario3_1570,1577,0,0,,1577,
1644418244,cn12,1,0,,1577,0,0,,1577,
1644418244,B54,1,0,,1577,0,0,,1577,
1644418244,B51,1,1,job699_scenario0_1530,1577,0,0,,1577,
1644418244,os4,1,0,,1577,0,0,,1577,
1644418244,in4,1,0,,1577,0,0,,1577,
1644418244,B33,1,0,,1577,0,0,,1577,
1644418244,in27,1,0,,1578,0,0,,1578,
1644418244,B14,1,0,,1578,0,0,,1578,
1644418244,B11,1,1,job711_scenario3_1570,1578,0,0,,1578,
1644418244,cn12,1,0,,1578,0,0,,1578,
1644418244,B54,1,0,,1578,0,0,,1578,
1644418244,B51,1,1,job699_scenario0_1530,1578,0,0,,1578,
1644418244,os4,1,0,,1578,0,0,,1578,
1644418244,in4,1,0,,1578,0,0,,1578,
1644418244,B33,1,0,,1578,0,0,,1578,
1644418244,in27,1,0,,1579,0,0,,1579,
1644418244,B14,1,0,,1579,0,0,,1579,
1644418244,B11,1,0,,1579,0,0,,1579,
1644418244,cn12,1,0,,1579,0,0,,1579,
1644418244,B54,1,0,,1579,0,0,,1579,
1644418244,B51,1,0,,1579,0,0,,1579,
1644418244,os4,1,0,,1579,0,0,,1579,
1644418244,in4,1,0,,1579,0,0,,1579,
1644418244,B33,1,0,,1579,0,0,,1579,
1644418244,in27,1,0,,1580,0,0,,1580,
1644418244,B14,1,0,,1580,0,0,,1580,
1644418244,B11,1,0,,1580,0,0,,1580,
1644418244,cn12,1,0,,1580,0,0,,1580,
1644418244,B54,1,1,job714_scenario1_1576,1580,0,0,,1580,
1644418245,B51,1,0,,1580,0,0,,1580,
1644418245,os4,1,0,,1580,0,0,,1580,
1644418245,in4,1,0,,1580,0,0,,1580,
1644418245,B33,1,0,,1580,0,0,,1580,
1644418245,in27,1,0,,1581,0,0,,1581,
1644418245,B14,1,0,,1581,0,0,,1581,
1644418245,B11,1,0,,1581,0,0,,1581,
1644418245,cn12,1,0,,1581,0,0,,1581,
1644418245,B54,1,1,job714_scenario1_1576,1581,0,0,,1581,
1644418245,B51,1,0,,1581,0,0,,1581,
1644418245,os4,1,0,,1581,0,0,,1581,
1644418245,in4,1,0,,1581,0,0,,1581,
1644418245,B33,1,0,,1581,0,0,,1581,
1644418245,in27,1,0,,1582,0,0,,1582,
1644418245,B14,1,0,,1582,0,0,,1582,
1644418245,B11,1,0,,1582,0,0,,1582,
1644418245,cn12,1,0,,1582,0,0,,1582,
1644418245,B54,1,1,job714_scenario1_1576,1582,0,0,,1582,
1644418245,B51,1,0,,1582,0,0,,1582,
1644418245,os4,1,0,,1582,0,0,,1582,
1644418245,in4,1,0,,1582,0,0,,1582,
1644418245,B33,1,0,,1582,0,0,,1582,
1644418245,in27,1,0,,1583,0,0,,1583,
1644418245,B14,1,0,,1583,0,0,,1583,
1644418245,B11,1,0,,1583,0,0,,1583,
1644418245,cn12,1,0,,1583,0,0,,1583,
1644418245,B54,1,1,job714_scenario1_1576,1583,0,0,,1583,
1644418245,B51,1,0,,1583,0,0,,1583,
1644418245,os4,1,0,,1583,0,0,,1583,
1644418245,in4,1,0,,1583,0,0,,1583,
1644418245,B33,1,0,,1583,0,0,,1583,
1644418245,in27,1,0,,1584,0,0,,1584,
1644418245,B14,1,0,,1584,0,0,,1584,
1644418245,B11,1,0,,1584,0,0,,1584,
1644418245,cn12,1,0,,1584,0,0,,1584,
1644418245,B54,1,0,,1584,0,0,,1584,
1644418245,B51,1,1,job709_scenario0_1566,1584,0,0,,1584,
1644418245,os4,1,0,,1584,0,0,,1584,
1644418245,in4,1,0,,1584,0,0,,1584,
1644418245,B33,1,0,,1584,0,0,,1584,
1644418245,in27,1,0,,1585,0,0,,1585,
1644418245,B14,1,0,,1585,0,0,,1585,
1644418245,B11,1,0,,1585,0,0,,1585,
1644418245,cn12,1,0,,1585,0,0,,1585,
1644418245,B54,1,0,,1585,0,0,,1585,
1644418245,B51,1,1,job709_scenario0_1566,1585,0,0,,1585,
1644418245,os4,1,0,,1585,0,0,,1585,
1644418245,in4,1,0,,1585,0,0,,1585,
1644418245,B33,1,0,,1585,0,0,,1585,
1644418246,in27,1,0,,1586,0,0,,1586,
1644418246,B14,1,0,,1586,0,0,,1586,
1644418246,B11,1,0,,1586,0,0,,1586,
1644418246,cn12,1,0,,1586,0,0,,1586,
1644418246,B54,1,0,,1586,0,0,,1586,
1644418246,B51,1,1,job709_scenario0_1566,1586,0,0,,1586,
1644418246,os4,1,0,,1586,0,0,,1586,
1644418246,in4,1,0,,1586,0,0,,1586,
1644418246,B33,1,0,,1586,0,0,,1586,
1644418246,in27,1,0,,1587,0,0,,1587,
1644418246,B14,1,0,,1587,0,0,,1587,
1644418246,B11,1,0,,1587,0,0,,1587,
1644418246,cn12,1,0,,1587,0,0,,1587,
1644418246,B54,1,0,,1587,0,0,,1587,
1644418246,B51,1,1,job709_scenario0_1566,1587,0,0,,1587,
1644418246,os4,1,0,,1587,0,0,,1587,
1644418246,in4,1,0,,1587,0,0,,1587,
1644418246,B33,1,0,,1587,0,0,,1587,
1644418246,in27,1,0,,1588,0,0,,1588,
1644418246,B14,1,0,,1588,0,0,,1588,
1644418246,B11,1,0,,1588,0,0,,1588,
1644418246,cn12,1,0,,1588,0,0,,1588,
1644418246,B54,1,0,,1588,0,0,,1588,
1644418246,B51,1,1,job709_scenario0_1566,1588,0,0,,1588,
1644418246,os4,1,0,,1588,0,0,,1588,
1644418246,in4,1,0,,1588,0,0,,1588,
1644418246,B33,1,0,,1588,0,0,,1588,
1644418246,in27,1,0,,1589,0,0,,1589,
1644418246,B14,1,0,,1589,0,0,,1589,
1644418246,B11,1,0,,1589,0,0,,1589,
1644418246,cn12,1,0,,1589,0,0,,1589,
1644418246,B54,1,0,,1589,0,0,,1589,
1644418246,B51,1,1,job709_scenario0_1566,1589,0,0,,1589,
1644418246,os4,1,0,,1589,0,0,,1589,
1644418246,in4,1,0,,1589,0,0,,1589,
1644418246,B33,1,0,,1589,0,0,,1589,
1644418247,in27,1,0,,1590,0,0,,1590,
1644418247,B14,1,0,,1590,0,0,,1590,
1644418247,B11,1,0,,1590,0,0,,1590,
1644418247,cn12,1,0,,1590,0,0,,1590,
1644418247,B54,1,1,job707_scenario1_1564,1590,0,0,,1590,
1644418247,B51,1,1,job709_scenario0_1566,1590,0,0,,1590,
1644418247,os4,1,0,,1590,0,0,,1590,
1644418247,in4,1,0,,1590,0,0,,1590,
1644418247,B33,1,0,,1590,0,0,,1590,
1644418247,in27,1,0,,1591,0,0,,1591,
1644418247,B14,1,0,,1591,0,0,,1591,
1644418247,B11,1,0,,1591,0,0,,1591,
1644418247,cn12,1,0,,1591,0,0,,1591,
1644418247,B54,1,1,job707_scenario1_1564,1591,0,0,,1591,
1644418247,B51,1,1,job709_scenario0_1566,1591,0,0,,1591,
1644418247,os4,1,0,,1591,0,0,,1591,
1644418247,in4,1,0,,1591,0,0,,1591,
1644418247,B33,1,0,,1591,0,0,,1591,
1644418247,in27,1,0,,1592,0,0,,1592,
1644418247,B14,1,0,,1592,0,0,,1592,
1644418247,B11,1,0,,1592,0,0,,1592,
1644418247,cn12,1,0,,1592,0,0,,1592,
1644418247,B54,1,1,job707_scenario1_1564,1592,0,0,,1592,
1644418247,B51,1,1,job709_scenario0_1566,1592,0,0,,1592,
1644418247,os4,1,0,,1592,0,0,,1592,
1644418247,in4,1,0,,1592,0,0,,1592,
1644418247,B33,1,0,,1592,0,0,,1592,
1644418247,in27,1,0,,1593,0,0,,1593,
1644418247,B14,1,0,,1593,0,0,,1593,
1644418247,B11,1,0,,1593,0,0,,1593,
1644418247,cn12,1,0,,1593,0,0,,1593,
1644418247,B54,1,1,job707_scenario1_1564,1593,0,0,,1593,
1644418247,B51,1,1,job709_scenario0_1566,1593,0,0,,1593,
1644418247,os4,1,0,,1593,0,0,,1593,
1644418247,in4,1,0,,1593,0,0,,1593,
1644418247,B33,1,0,,1593,0,0,,1593,
1644418247,in27,1,0,,1594,0,0,,1594,
1644418247,B14,1,0,,1594,0,0,,1594,
1644418247,B11,1,0,,1594,0,0,,1594,
1644418247,cn12,1,0,,1594,0,0,,1594,
1644418247,B54,1,1,job707_scenario1_1564,1594,0,0,,1594,
1644418247,B51,1,1,job709_scenario0_1566,1594,0,0,,1594,
1644418247,os4,1,0,,1594,0,0,,1594,
1644418247,in4,1,0,,1594,0,0,,1594,
1644418247,B33,1,0,,1594,0,0,,1594,
1644418247,in27,1,0,,1595,0,0,,1595,
1644418247,B14,1,0,,1595,0,0,,1595,
1644418247,B11,1,0,,1595,0,0,,1595,
1644418247,cn12,1,0,,1595,0,0,,1595,
1644418247,B54,1,1,job707_scenario1_1564,1595,0,0,,1595,
1644418247,B51,1,1,job709_scenario0_1566,1595,0,0,,1595,
1644418247,os4,1,0,,1595,0,0,,1595,
1644418247,in4,1,0,,1595,0,0,,1595,
1644418247,B33,1,0,,1595,0,0,,1595,
1644418248,in27,1,0,,1596,0,0,,1596,
1644418248,B14,1,0,,1596,0,0,,1596,
1644418248,B11,1,0,,1596,0,0,,1596,
1644418248,cn12,1,0,,1596,0,0,,1596,
1644418248,B54,1,0,,1596,0,0,,1596,
1644418248,B51,1,1,job709_scenario0_1566,1596,0,0,,1596,
1644418248,os4,1,0,,1596,0,0,,1596,
1644418248,in4,1,0,,1596,0,0,,1596,
1644418248,B33,1,0,,1596,0,0,,1596,
1644418248,in27,1,0,,1597,0,0,,1597,
1644418248,B14,1,0,,1597,0,0,,1597,
1644418248,B11,1,0,,1597,0,0,,1597,
1644418248,cn12,1,0,,1597,0,0,,1597,
1644418248,B54,1,0,,1597,0,0,,1597,
1644418248,B51,1,0,,1597,0,0,,1597,
1644418248,os4,1,0,,1597,0,0,,1597,
1644418248,in4,1,0,,1597,0,0,,1597,
1644418248,B33,1,0,,1597,0,0,,1597,
1644418248,in27,1,0,,1598,0,0,,1598,
1644418248,B14,1,0,,1598,0,0,,1598,
1644418248,B11,1,0,,1598,0,0,,1598,
1644418248,cn12,1,0,,1598,0,0,,1598,
1644418248,B54,1,0,,1598,0,0,,1598,
1644418248,B51,1,0,,1598,0,0,,1598,
1644418248,os4,1,0,,1598,0,0,,1598,
1644418248,in4,1,0,,1598,0,0,,1598,
1644418248,B33,1,0,,1598,0,0,,1598,
1644418248,in27,1,0,,1599,0,0,,1599,
1644418248,B14,1,0,,1599,0,0,,1599,
1644418248,B11,1,0,,1599,0,0,,1599,
1644418248,cn12,1,0,,1599,0,0,,1599,
1644418248,B54,1,0,,1599,0,0,,1599,
1644418248,B51,1,0,,1599,0,0,,1599,
1644418248,os4,1,0,,1599,0,0,,1599,
1644418248,in4,1,0,,1599,0,0,,1599,
1644418248,B33,1,0,,1599,0,0,,1599,
1644418249,in27,1,0,,1600,0,0,,1600,
1644418249,B14,1,0,,1600,0,0,,1600,
1644418249,B11,1,0,,1600,0,0,,1600,
1644418250,cn12,1,0,,1600,0,0,,1600,
1644418250,B54,1,1,job722_scenario1_1598,1600,0,0,,1600,
1644418250,B51,1,0,,1600,0,0,,1600,
1644418250,os4,1,0,,1600,0,0,,1600,
1644418250,in4,1,0,,1600,0,0,,1600,
1644418250,B33,1,0,,1600,0,0,,1600,
1644418250,in27,1,0,,1601,0,0,,1601,
1644418250,B14,1,0,,1601,0,0,,1601,
1644418250,B11,1,0,,1601,0,0,,1601,
1644418250,cn12,1,0,,1601,0,0,,1601,
1644418250,B54,1,1,job722_scenario1_1598,1601,0,0,,1601,
1644418250,B51,1,0,,1601,0,0,,1601,
1644418250,os4,1,0,,1601,0,0,,1601,
1644418250,in4,1,0,,1601,0,0,,1601,
1644418250,B33,1,0,,1601,0,0,,1601,
1644418250,in27,1,0,,1602,0,0,,1602,
1644418250,B14,1,0,,1602,0,0,,1602,
1644418250,B11,1,0,,1602,0,0,,1602,
1644418250,cn12,1,0,,1602,0,0,,1602,
1644418250,B54,1,1,job722_scenario1_1598,1602,0,0,,1602,
1644418250,B51,1,0,,1602,0,0,,1602,
1644418250,os4,1,0,,1602,0,0,,1602,
1644418250,in4,1,0,,1602,0,0,,1602,
1644418250,B33,1,0,,1602,0,0,,1602,
1644418250,in27,1,0,,1603,0,0,,1603,
1644418250,B14,1,0,,1603,0,0,,1603,
1644418250,B11,1,0,,1603,0,0,,1603,
1644418250,cn12,1,0,,1603,0,0,,1603,
1644418250,B54,1,1,job722_scenario1_1598,1603,0,0,,1603,
1644418250,B51,1,0,,1603,0,0,,1603,
1644418250,os4,1,0,,1603,0,0,,1603,
1644418250,in4,1,0,,1603,0,0,,1603,
1644418250,B33,1,0,,1603,0,0,,1603,
1644418250,in27,1,0,,1604,0,0,,1604,
1644418250,B14,1,0,,1604,0,0,,1604,
1644418250,B11,1,0,,1604,0,0,,1604,
1644418250,cn12,1,0,,1604,0,0,,1604,
1644418250,B54,1,1,job722_scenario1_1598,1604,0,0,,1604,
1644418250,B51,1,0,,1604,0,0,,1604,
1644418250,os4,1,0,,1604,0,0,,1604,
1644418250,in4,1,0,,1604,0,0,,1604,
1644418250,B33,1,0,,1604,0,0,,1604,
1644418250,in27,1,0,,1605,0,0,,1605,
1644418250,B14,1,0,,1605,0,0,,1605,
1644418250,B11,1,0,,1605,0,0,,1605,
1644418250,cn12,1,0,,1605,0,0,,1605,
1644418250,B54,1,1,job722_scenario1_1598,1605,0,0,,1605,
1644418250,B51,1,0,,1605,0,0,,1605,
1644418250,os4,1,0,,1605,0,0,,1605,
1644418250,in4,1,0,,1605,0,0,,1605,
1644418250,B33,1,0,,1605,0,0,,1605,
1644418250,in27,1,0,,1606,0,0,,1606,
1644418250,B14,1,0,,1606,0,0,,1606,
1644418250,B11,1,0,,1606,0,0,,1606,
1644418250,cn12,1,0,,1606,0,0,,1606,
1644418250,B54,1,1,job722_scenario1_1598,1606,0,0,,1606,
1644418250,B51,1,0,,1606,0,0,,1606,
1644418250,os4,1,0,,1606,0,0,,1606,
1644418250,in4,1,0,,1606,0,0,,1606,
1644418250,B33,1,0,,1606,0,0,,1606,
1644418250,in27,1,0,,1607,0,0,,1607,
1644418250,B14,1,0,,1607,0,0,,1607,
1644418250,B11,1,0,,1607,0,0,,1607,
1644418250,cn12,1,0,,1607,0,0,,1607,
1644418250,B54,1,1,job722_scenario1_1598,1607,0,0,,1607,
1644418250,B51,1,0,,1607,0,0,,1607,
1644418250,os4,1,0,,1607,0,0,,1607,
1644418250,in4,1,0,,1607,0,0,,1607,
1644418250,B33,1,0,,1607,0,0,,1607,
1644418251,in27,1,0,,1608,0,0,,1608,
1644418251,B14,1,0,,1608,0,0,,1608,
1644418251,B11,1,0,,1608,0,0,,1608,
1644418251,cn12,1,0,,1608,0,0,,1608,
1644418251,B54,1,0,,1608,0,0,,1608,
1644418251,B51,1,0,,1608,0,0,,1608,
1644418251,os4,1,0,,1608,0,0,,1608,
1644418251,in4,1,0,,1608,0,0,,1608,
1644418251,B33,1,0,,1608,0,0,,1608,
1644418251,in27,1,0,,1609,0,0,,1609,
1644418251,B14,1,0,,1609,0,0,,1609,
1644418251,B11,1,0,,1609,0,0,,1609,
1644418251,cn12,1,0,,1609,0,0,,1609,
1644418251,B54,1,0,,1609,0,0,,1609,
1644418251,B51,1,0,,1609,0,0,,1609,
1644418252,os4,1,0,,1609,0,0,,1609,
1644418252,in4,1,0,,1609,0,0,,1609,
1644418252,B33,1,0,,1609,0,0,,1609,
1644418252,in27,1,0,,1610,0,0,,1610,
1644418252,B14,1,0,,1610,0,0,,1610,
1644418252,B11,1,0,,1610,0,0,,1610,
1644418252,cn12,1,0,,1610,0,0,,1610,
1644418252,B54,1,1,job713_scenario1_1574,1610,0,0,,1610,
1644418252,B51,1,1,job712_scenario0_1572,1610,0,0,,1610,
1644418252,os4,1,0,,1610,0,0,,1610,
1644418252,in4,1,0,,1610,0,0,,1610,
1644418252,B33,1,0,,1610,0,0,,1610,
1644418253,in27,1,0,,1611,0,0,,1611,
1644418253,B14,1,0,,1611,0,0,,1611,
1644418253,B11,1,0,,1611,0,0,,1611,
1644418253,cn12,1,0,,1611,0,0,,1611,
1644418253,B54,1,0,,1611,0,0,,1611,
1644418253,B51,1,1,job712_scenario0_1572,1611,0,0,,1611,
1644418253,os4,1,0,,1611,0,0,,1611,
1644418253,in4,1,0,,1611,0,0,,1611,
1644418253,B33,1,0,,1611,0,0,,1611,
1644418253,in27,1,0,,1612,0,0,,1612,
1644418253,B14,1,0,,1612,0,0,,1612,
1644418253,B11,1,0,,1612,0,0,,1612,
1644418253,cn12,1,0,,1612,0,0,,1612,
1644418253,B54,1,0,,1612,0,0,,1612,
1644418253,B51,1,1,job712_scenario0_1572,1612,0,0,,1612,
1644418253,os4,1,0,,1612,0,0,,1612,
1644418253,in4,1,0,,1612,0,0,,1612,
1644418253,B33,1,0,,1612,0,0,,1612,
1644418253,in27,1,0,,1613,0,0,,1613,
1644418253,B14,1,0,,1613,0,0,,1613,
1644418253,B11,1,0,,1613,0,0,,1613,
1644418253,cn12,1,0,,1613,0,0,,1613,
1644418253,B54,1,1,job718_scenario1_1593,1613,0,0,,1613,
1644418253,B51,1,1,job712_scenario0_1572,1613,0,0,,1613,
1644418253,os4,1,0,,1613,0,0,,1613,
1644418253,in4,1,0,,1613,0,0,,1613,
1644418253,B33,1,0,,1613,0,0,,1613,
1644418253,in27,1,0,,1614,0,0,,1614,
1644418253,B14,1,0,,1614,0,0,,1614,
1644418253,B11,1,0,,1614,0,0,,1614,
1644418253,cn12,1,0,,1614,0,0,,1614,
1644418253,B54,1,1,job718_scenario1_1593,1614,0,0,,1614,
1644418253,B51,1,1,job712_scenario0_1572,1614,0,0,,1614,
1644418253,os4,1,0,,1614,0,0,,1614,
1644418253,in4,1,0,,1614,0,0,,1614,
1644418253,B33,1,0,,1614,0,0,,1614,
1644418253,in27,1,0,,1615,0,0,,1615,
1644418253,B14,1,0,,1615,0,0,,1615,
1644418253,B11,1,0,,1615,0,0,,1615,
1644418253,cn12,1,0,,1615,0,0,,1615,
1644418253,B54,1,0,,1615,0,0,,1615,
1644418253,B51,1,1,job712_scenario0_1572,1615,0,0,,1615,
1644418253,os4,1,0,,1615,0,0,,1615,
1644418253,in4,1,0,,1615,0,0,,1615,
1644418253,B33,1,0,,1615,0,0,,1615,
1644418253,in27,1,0,,1616,0,0,,1616,
1644418254,B14,1,0,,1616,0,0,,1616,
1644418254,B11,1,0,,1616,0,0,,1616,
1644418254,cn12,1,0,,1616,0,0,,1616,
1644418254,B54,1,0,,1616,0,0,,1616,
1644418254,B51,1,1,job712_scenario0_1572,1616,0,0,,1616,
1644418254,os4,1,0,,1616,0,0,,1616,
1644418254,in4,1,0,,1616,0,0,,1616,
1644418254,B33,1,0,,1616,0,0,,1616,
1644418254,in27,1,0,,1617,0,0,,1617,
1644418254,B14,1,0,,1617,0,0,,1617,
1644418254,B11,1,0,,1617,0,0,,1617,
1644418254,cn12,1,0,,1617,0,0,,1617,
1644418254,B54,1,0,,1617,0,0,,1617,
1644418254,B51,1,1,job712_scenario0_1572,1617,0,0,,1617,
1644418254,os4,1,0,,1617,0,0,,1617,
1644418254,in4,1,0,,1617,0,0,,1617,
1644418254,B33,1,0,,1617,0,0,,1617,
1644418254,in27,1,0,,1618,0,0,,1618,
1644418254,B14,1,0,,1618,0,0,,1618,
1644418254,B11,1,0,,1618,0,0,,1618,
1644418254,cn12,1,0,,1618,0,0,,1618,
1644418254,B54,1,0,,1618,0,0,,1618,
1644418254,B51,1,1,job712_scenario0_1572,1618,0,0,,1618,
1644418254,os4,1,0,,1618,0,0,,1618,
1644418254,in4,1,0,,1618,0,0,,1618,
1644418254,B33,1,0,,1618,0,0,,1618,
1644418254,in27,1,0,,1619,0,0,,1619,
1644418254,B14,1,0,,1619,0,0,,1619,
1644418254,B11,1,0,,1619,0,0,,1619,
1644418254,cn12,1,0,,1619,0,0,,1619,
1644418254,B54,1,0,,1619,0,0,,1619,
1644418254,B51,1,1,job712_scenario0_1572,1619,0,0,,1619,
1644418254,os4,1,0,,1619,0,0,,1619,
1644418254,in4,1,0,,1619,0,0,,1619,
1644418254,B33,1,0,,1619,0,0,,1619,
1644418254,in27,1,0,,1620,0,0,,1620,
1644418254,B14,1,0,,1620,0,0,,1620,
1644418254,B11,1,0,,1620,0,0,,1620,
1644418254,cn12,1,0,,1620,0,0,,1620,
1644418254,B54,1,0,,1620,0,0,,1620,
1644418254,B51,1,1,job712_scenario0_1572,1620,0,0,,1620,
1644418254,os4,1,0,,1620,0,0,,1620,
1644418254,in4,1,0,,1620,0,0,,1620,
1644418254,B33,1,0,,1620,0,0,,1620,
1644418254,in27,1,0,,1621,0,0,,1621,
1644418254,B14,1,0,,1621,0,0,,1621,
1644418254,B11,1,0,,1621,0,0,,1621,
1644418254,cn12,1,0,,1621,0,0,,1621,
1644418254,B54,1,0,,1621,0,0,,1621,
1644418254,B51,1,0,,1621,0,0,,1621,
1644418254,os4,1,0,,1621,0,0,,1621,
1644418254,in4,1,0,,1621,0,0,,1621,
1644418254,B33,1,0,,1621,0,0,,1621,
1644418254,in27,1,0,,1622,0,0,,1622,
1644418254,B14,1,0,,1622,0,0,,1622,
1644418254,B11,1,0,,1622,0,0,,1622,
1644418254,cn12,1,0,,1622,0,0,,1622,
1644418254,B54,1,0,,1622,0,0,,1622,
1644418254,B51,1,0,,1622,0,0,,1622,
1644418254,os4,1,0,,1622,0,0,,1622,
1644418254,in4,1,0,,1622,0,0,,1622,
1644418254,B33,1,0,,1622,0,0,,1622,
1644418254,in27,1,0,,1623,0,0,,1623,
1644418254,B14,1,0,,1623,0,0,,1623,
1644418254,B11,1,0,,1623,0,0,,1623,
1644418254,cn12,1,0,,1623,0,0,,1623,
1644418254,B54,1,0,,1623,0,0,,1623,
1644418254,B51,1,0,,1623,0,0,,1623,
1644418254,os4,1,0,,1623,0,0,,1623,
1644418254,in4,1,0,,1623,0,0,,1623,
1644418254,B33,1,0,,1623,0,0,,1623,
1644418255,in27,1,0,,1624,0,0,,1624,
1644418255,B14,1,0,,1624,0,0,,1624,
1644418255,B11,1,0,,1624,0,0,,1624,
1644418255,cn12,1,0,,1624,0,0,,1624,
1644418255,B54,1,1,job728_scenario1_1622,1624,0,0,,1624,
1644418255,B51,1,0,,1624,0,0,,1624,
1644418255,os4,1,0,,1624,0,0,,1624,
1644418255,in4,1,0,,1624,0,0,,1624,
1644418255,B33,1,0,,1624,0,0,,1624,
1644418255,in27,1,0,,1625,0,0,,1625,
1644418255,B14,1,0,,1625,0,0,,1625,
1644418255,B11,1,0,,1625,0,0,,1625,
1644418255,cn12,1,0,,1625,0,0,,1625,
1644418255,B54,1,1,job728_scenario1_1622,1625,0,0,,1625,
1644418255,B51,1,0,,1625,0,0,,1625,
1644418255,os4,1,0,,1625,0,0,,1625,
1644418255,in4,1,0,,1625,0,0,,1625,
1644418255,B33,1,0,,1625,0,0,,1625,
1644418255,in27,1,0,,1626,0,0,,1626,
1644418255,B14,1,0,,1626,0,0,,1626,
1644418255,B11,1,0,,1626,0,0,,1626,
1644418255,cn12,1,0,,1626,0,0,,1626,
1644418255,B54,1,1,job728_scenario1_1622,1626,0,0,,1626,
1644418255,B51,1,0,,1626,0,0,,1626,
1644418255,os4,1,0,,1626,0,0,,1626,
1644418255,in4,1,0,,1626,0,0,,1626,
1644418255,B33,1,0,,1626,0,0,,1626,
1644418255,in27,1,0,,1627,0,0,,1627,
1644418255,B14,1,0,,1627,0,0,,1627,
1644418255,B11,1,0,,1627,0,0,,1627,
1644418255,cn12,1,0,,1627,0,0,,1627,
1644418255,B54,1,1,job728_scenario1_1622,1627,0,0,,1627,
1644418255,B51,1,0,,1627,0,0,,1627,
1644418255,os4,1,0,,1627,0,0,,1627,
1644418255,in4,1,0,,1627,0,0,,1627,
1644418255,B33,1,0,,1627,0,0,,1627,
1644418256,in27,1,0,,1628,0,0,,1628,
1644418256,B14,1,0,,1628,0,0,,1628,
1644418256,B11,1,0,,1628,0,0,,1628,
1644418256,cn12,1,0,,1628,0,0,,1628,
1644418256,B54,1,0,,1628,0,0,,1628,
1644418256,B51,1,0,,1628,0,0,,1628,
1644418256,os4,1,0,,1628,0,0,,1628,
1644418256,in4,1,0,,1628,0,0,,1628,
1644418256,B33,1,0,,1628,0,0,,1628,
1644418256,in27,1,0,,1629,0,0,,1629,
1644418256,B14,1,0,,1629,0,0,,1629,
1644418256,B11,1,0,,1629,0,0,,1629,
1644418256,cn12,1,0,,1629,0,0,,1629,
1644418256,B54,1,0,,1629,0,0,,1629,
1644418256,B51,1,0,,1629,0,0,,1629,
1644418256,os4,1,0,,1629,0,0,,1629,
1644418256,in4,1,0,,1629,0,0,,1629,
1644418256,B33,1,0,,1629,0,0,,1629,
1644418256,in27,1,0,,1630,0,0,,1630,
1644418256,B14,1,0,,1630,0,0,,1630,
1644418256,B11,1,0,,1630,0,0,,1630,
1644418256,cn12,1,0,,1630,0,0,,1630,
1644418256,B54,1,0,,1630,0,0,,1630,
1644418256,B51,1,0,,1630,0,0,,1630,
1644418256,os4,1,0,,1630,0,0,,1630,
1644418256,in4,1,0,,1630,0,0,,1630,
1644418256,B33,1,0,,1630,0,0,,1630,
1644418257,in27,1,0,,1631,0,0,,1631,
1644418257,B14,1,0,,1631,0,0,,1631,
1644418257,B11,1,0,,1631,0,0,,1631,
1644418257,cn12,1,0,,1631,0,0,,1631,
1644418257,B54,1,1,job730_scenario1_1629,1631,0,0,,1631,
1644418257,B51,1,0,,1631,0,0,,1631,
1644418257,os4,1,0,,1631,0,0,,1631,
1644418257,in4,1,0,,1631,0,0,,1631,
1644418257,B33,1,0,,1631,0,0,,1631,
1644418257,in27,1,0,,1632,0,0,,1632,
1644418257,B14,1,0,,1632,0,0,,1632,
1644418257,B11,1,0,,1632,0,0,,1632,
1644418257,cn12,1,0,,1632,0,0,,1632,
1644418257,B54,1,1,job730_scenario1_1629,1632,0,0,,1632,
1644418257,B51,1,0,,1632,0,0,,1632,
1644418257,os4,1,0,,1632,0,0,,1632,
1644418257,in4,1,0,,1632,0,0,,1632,
1644418257,B33,1,0,,1632,0,0,,1632,
1644418257,in27,1,0,,1633,0,0,,1633,
1644418257,B14,1,0,,1633,0,0,,1633,
1644418257,B11,1,0,,1633,0,0,,1633,
1644418257,cn12,1,0,,1633,0,0,,1633,
1644418257,B54,1,1,job730_scenario1_1629,1633,0,0,,1633,
1644418257,B51,1,0,,1633,0,0,,1633,
1644418257,os4,1,0,,1633,0,0,,1633,
1644418257,in4,1,0,,1633,0,0,,1633,
1644418257,B33,1,0,,1633,0,0,,1633,
1644418257,in27,1,0,,1634,0,0,,1634,
1644418257,B14,1,0,,1634,0,0,,1634,
1644418257,B11,1,0,,1634,0,0,,1634,
1644418257,cn12,1,0,,1634,0,0,,1634,
1644418257,B54,1,1,job730_scenario1_1629,1634,0,0,,1634,
1644418257,B51,1,0,,1634,0,0,,1634,
1644418257,os4,1,0,,1634,0,0,,1634,
1644418257,in4,1,0,,1634,0,0,,1634,
1644418257,B33,1,0,,1634,0,0,,1634,
1644418258,in27,1,0,,1635,0,0,,1635,
1644418258,B14,1,0,,1635,0,0,,1635,
1644418258,B11,1,0,,1635,0,0,,1635,
1644418258,cn12,1,0,,1635,0,0,,1635,
1644418258,B54,1,1,job730_scenario1_1629,1635,0,0,,1635,
1644418258,B51,1,0,,1635,0,0,,1635,
1644418258,os4,1,1,job732_scenario4_1632,1635,0,0,,1635,
1644418258,in4,1,0,,1635,0,0,,1635,
1644418258,B33,1,0,,1635,0,0,,1635,
1644418258,in27,1,0,,1636,0,0,,1636,
1644418258,B14,1,0,,1636,0,0,,1636,
1644418258,B11,1,0,,1636,0,0,,1636,
1644418258,cn12,1,0,,1636,0,0,,1636,
1644418258,B54,1,1,job730_scenario1_1629,1636,0,0,,1636,
1644418258,B51,1,0,,1636,0,0,,1636,
1644418258,os4,1,1,job732_scenario4_1632,1636,0,0,,1636,
1644418258,in4,1,0,,1636,0,0,,1636,
1644418258,B33,1,0,,1636,0,0,,1636,
1644418258,in27,1,0,,1637,0,0,,1637,
1644418258,B14,1,0,,1637,0,0,,1637,
1644418258,B11,1,0,,1637,0,0,,1637,
1644418258,cn12,1,0,,1637,0,0,,1637,
1644418258,B54,1,0,,1637,0,0,,1637,
1644418258,B51,1,0,,1637,0,0,,1637,
1644418258,os4,1,0,,1637,0,0,,1637,
1644418258,in4,1,0,,1637,0,0,,1637,
1644418258,B33,1,0,,1637,0,0,,1637,
1644418258,in27,1,0,,1638,0,0,,1638,
1644418258,B14,1,0,,1638,0,0,,1638,
1644418258,B11,1,0,,1638,0,0,,1638,
1644418258,cn12,1,0,,1638,0,0,,1638,
1644418258,B54,1,0,,1638,0,0,,1638,
1644418258,B51,1,0,,1638,0,0,,1638,
1644418258,os4,1,0,,1638,0,0,,1638,
1644418258,in4,1,0,,1638,0,0,,1638,
1644418258,B33,1,0,,1638,0,0,,1638,
1644418258,in27,1,0,,1639,0,0,,1639,
1644418258,B14,1,0,,1639,0,0,,1639,
1644418258,B11,1,0,,1639,0,0,,1639,
1644418258,cn12,1,0,,1639,0,0,,1639,
1644418258,B54,1,0,,1639,0,0,,1639,
1644418258,B51,1,0,,1639,0,0,,1639,
1644418258,os4,1,0,,1639,0,0,,1639,
1644418258,in4,1,0,,1639,0,0,,1639,
1644418258,B33,1,0,,1639,0,0,,1639,
1644418258,in27,1,0,,1640,0,0,,1640,
1644418258,B14,1,0,,1640,0,0,,1640,
1644418258,B11,1,0,,1640,0,0,,1640,
1644418258,cn12,1,0,,1640,0,0,,1640,
1644418258,B54,1,0,,1640,0,0,,1640,
1644418258,B51,1,0,,1640,0,0,,1640,
1644418258,os4,1,0,,1640,0,0,,1640,
1644418258,in4,1,0,,1640,0,0,,1640,
1644418258,B33,1,0,,1640,0,0,,1640,
1644418258,in27,1,0,,1641,0,0,,1641,
1644418258,B14,1,0,,1641,0,0,,1641,
1644418258,B11,1,0,,1641,0,0,,1641,
1644418258,cn12,1,0,,1641,0,0,,1641,
1644418258,B54,1,0,,1641,0,0,,1641,
1644418258,B51,1,0,,1641,0,0,,1641,
1644418258,os4,1,0,,1641,0,0,,1641,
1644418258,in4,1,0,,1641,0,0,,1641,
1644418258,B33,1,0,,1641,0,0,,1641,
1644418258,in27,1,0,,1642,0,0,,1642,
1644418258,B14,1,0,,1642,0,0,,1642,
1644418258,B11,1,0,,1642,0,0,,1642,
1644418258,cn12,1,0,,1642,0,0,,1642,
1644418258,B54,1,0,,1642,0,0,,1642,
1644418258,B51,1,0,,1642,0,0,,1642,
1644418258,os4,1,0,,1642,0,0,,1642,
1644418258,in4,1,0,,1642,0,0,,1642,
1644418258,B33,1,0,,1642,0,0,,1642,
1644418259,in27,1,0,,1643,0,0,,1643,
1644418259,B14,1,0,,1643,0,0,,1643,
1644418259,B11,1,0,,1643,0,0,,1643,
1644418259,cn12,1,0,,1643,0,0,,1643,
1644418259,B54,1,0,,1643,0,0,,1643,
1644418259,B51,1,1,job734_scenario0_1642,1643,0,0,,1643,
1644418259,os4,1,0,,1643,0,0,,1643,
1644418259,in4,1,0,,1643,0,0,,1643,
1644418259,B33,1,0,,1643,0,0,,1643,
1644418259,in27,1,0,,1644,0,0,,1644,
1644418259,B14,1,0,,1644,0,0,,1644,
1644418259,B11,1,0,,1644,0,0,,1644,
1644418259,cn12,1,0,,1644,0,0,,1644,
1644418259,B54,1,0,,1644,0,0,,1644,
1644418259,B51,1,1,job734_scenario0_1642,1644,0,0,,1644,
1644418259,os4,1,0,,1644,0,0,,1644,
1644418259,in4,1,0,,1644,0,0,,1644,
1644418259,B33,1,0,,1644,0,0,,1644,
1644418259,in27,1,0,,1645,0,0,,1645,
1644418259,B14,1,0,,1645,0,0,,1645,
1644418259,B11,1,0,,1645,0,0,,1645,
1644418259,cn12,1,0,,1645,0,0,,1645,
1644418259,B54,1,0,,1645,0,0,,1645,
1644418259,B51,1,1,job734_scenario0_1642,1645,0,0,,1645,
1644418259,os4,1,0,,1645,0,0,,1645,
1644418259,in4,1,0,,1645,0,0,,1645,
1644418259,B33,1,0,,1645,0,0,,1645,
1644418259,in27,1,0,,1646,0,0,,1646,
1644418259,B14,1,0,,1646,0,0,,1646,
1644418259,B11,1,0,,1646,0,0,,1646,
1644418259,cn12,1,0,,1646,0,0,,1646,
1644418259,B54,1,1,job733_scenario1_1634,1646,0,0,,1646,
1644418259,B51,1,1,job734_scenario0_1642,1646,0,0,,1646,
1644418260,os4,1,0,,1646,0,0,,1646,
1644418260,in4,1,0,,1646,0,0,,1646,
1644418260,B33,1,0,,1646,0,0,,1646,
1644418260,in27,1,0,,1647,0,0,,1647,
1644418260,B14,1,0,,1647,0,0,,1647,
1644418260,B11,1,0,,1647,0,0,,1647,
1644418260,cn12,1,0,,1647,0,0,,1647,
1644418260,B54,1,1,job733_scenario1_1634,1647,0,0,,1647,
1644418260,B51,1,1,job734_scenario0_1642,1647,0,0,,1647,
1644418260,os4,1,0,,1647,0,0,,1647,
1644418260,in4,1,0,,1647,0,0,,1647,
1644418260,B33,1,0,,1647,0,0,,1647,
1644418260,in27,1,0,,1648,0,0,,1648,
1644418260,B14,1,0,,1648,0,0,,1648,
1644418260,B11,1,0,,1648,0,0,,1648,
1644418260,cn12,1,0,,1648,0,0,,1648,
1644418260,B54,1,1,job733_scenario1_1634,1648,0,0,,1648,
1644418260,B51,1,1,job734_scenario0_1642,1648,0,0,,1648,
1644418260,os4,1,0,,1648,0,0,,1648,
1644418260,in4,1,0,,1648,0,0,,1648,
1644418260,B33,1,0,,1648,0,0,,1648,
1644418260,in27,1,0,,1649,0,0,,1649,
1644418260,B14,1,0,,1649,0,0,,1649,
1644418260,B11,1,0,,1649,0,0,,1649,
1644418260,cn12,1,0,,1649,0,0,,1649,
1644418260,B54,1,1,job733_scenario1_1634,1649,0,0,,1649,
1644418260,B51,1,1,job734_scenario0_1642,1649,0,0,,1649,
1644418260,os4,1,0,,1649,0,0,,1649,
1644418260,in4,1,0,,1649,0,0,,1649,
1644418260,B33,1,0,,1649,0,0,,1649,
1644418260,in27,1,0,,1650,0,0,,1650,
1644418260,B14,1,0,,1650,0,0,,1650,
1644418260,B11,1,0,,1650,0,0,,1650,
1644418260,cn12,1,0,,1650,0,0,,1650,
1644418260,B54,1,1,job733_scenario1_1634,1650,0,0,,1650,
1644418260,B51,1,1,job734_scenario0_1642,1650,0,0,,1650,
1644418260,os4,1,0,,1650,0,0,,1650,
1644418260,in4,1,0,,1650,0,0,,1650,
1644418260,B33,1,0,,1650,0,0,,1650,
1644418260,in27,1,0,,1651,0,0,,1651,
1644418260,B14,1,0,,1651,0,0,,1651,
1644418260,B11,1,0,,1651,0,0,,1651,
1644418260,cn12,1,0,,1651,0,0,,1651,
1644418260,B54,1,1,job733_scenario1_1634,1651,0,0,,1651,
1644418260,B51,1,1,job734_scenario0_1642,1651,0,0,,1651,
1644418260,os4,1,0,,1651,0,0,,1651,
1644418260,in4,1,0,,1651,0,0,,1651,
1644418260,B33,1,0,,1651,0,0,,1651,
1644418260,in27,1,0,,1652,0,0,,1652,
1644418260,B14,1,0,,1652,0,0,,1652,
1644418260,B11,1,0,,1652,0,0,,1652,
1644418260,cn12,1,0,,1652,0,0,,1652,
1644418260,B54,1,0,,1652,0,0,,1652,
1644418260,B51,1,1,job734_scenario0_1642,1652,0,0,,1652,
1644418260,os4,1,0,,1652,0,0,,1652,
1644418260,in4,1,0,,1652,0,0,,1652,
1644418260,B33,1,0,,1652,0,0,,1652,
1644418260,in27,1,0,,1653,0,0,,1653,
1644418260,B14,1,0,,1653,0,0,,1653,
1644418260,B11,1,0,,1653,0,0,,1653,
1644418260,cn12,1,0,,1653,0,0,,1653,
1644418260,B54,1,0,,1653,0,0,,1653,
1644418260,B51,1,1,job734_scenario0_1642,1653,0,0,,1653,
1644418260,os4,1,0,,1653,0,0,,1653,
1644418260,in4,1,0,,1653,0,0,,1653,
1644418260,B33,1,0,,1653,0,0,,1653,
1644418260,in27,1,0,,1654,0,0,,1654,
1644418260,B14,1,0,,1654,0,0,,1654,
1644418260,B11,1,0,,1654,0,0,,1654,
1644418260,cn12,1,0,,1654,0,0,,1654,
1644418260,B54,1,0,,1654,0,0,,1654,
1644418260,B51,1,1,job734_scenario0_1642,1654,0,0,,1654,
1644418260,os4,1,0,,1654,0,0,,1654,
1644418260,in4,1,0,,1654,0,0,,1654,
1644418260,B33,1,0,,1654,0,0,,1654,
1644418260,in27,1,0,,1655,0,0,,1655,
1644418260,B14,1,0,,1655,0,0,,1655,
1644418260,B11,1,0,,1655,0,0,,1655,
1644418260,cn12,1,0,,1655,0,0,,1655,
1644418260,B54,1,0,,1655,0,0,,1655,
1644418260,B51,1,0,,1655,0,0,,1655,
1644418260,os4,1,0,,1655,0,0,,1655,
1644418260,in4,1,0,,1655,0,0,,1655,
1644418260,B33,1,0,,1655,0,0,,1655,
1644418260,in27,1,0,,1656,0,0,,1656,
1644418260,B14,1,0,,1656,0,0,,1656,
1644418260,B11,1,0,,1656,0,0,,1656,
1644418260,cn12,1,0,,1656,0,0,,1656,
1644418260,B54,1,0,,1656,0,0,,1656,
1644418260,B51,1,0,,1656,0,0,,1656,
1644418260,os4,1,0,,1656,0,0,,1656,
1644418260,in4,1,0,,1656,0,0,,1656,
1644418260,B33,1,0,,1656,0,0,,1656,
1644418260,in27,1,0,,1657,0,0,,1657,
1644418260,B14,1,0,,1657,0,0,,1657,
1644418260,B11,1,0,,1657,0,0,,1657,
1644418260,cn12,1,0,,1657,0,0,,1657,
1644418260,B54,1,0,,1657,0,0,,1657,
1644418260,B51,1,0,,1657,0,0,,1657,
1644418260,os4,1,0,,1657,0,0,,1657,
1644418260,in4,1,0,,1657,0,0,,1657,
1644418261,B33,1,0,,1657,0,0,,1657,
1644418261,in27,1,0,,1658,0,0,,1658,
1644418261,B14,1,0,,1658,0,0,,1658,
1644418261,B11,1,0,,1658,0,0,,1658,
1644418261,cn12,1,0,,1658,0,0,,1658,
1644418261,B54,1,1,job735_scenario1_1656,1658,0,0,,1658,
1644418261,B51,1,0,,1658,0,0,,1658,
1644418261,os4,1,0,,1658,0,0,,1658,
1644418261,in4,1,0,,1658,0,0,,1658,
1644418261,B33,1,0,,1658,0,0,,1658,
1644418261,in27,1,0,,1659,0,0,,1659,
1644418261,B14,1,0,,1659,0,0,,1659,
1644418261,B11,1,0,,1659,0,0,,1659,
1644418261,cn12,1,0,,1659,0,0,,1659,
1644418261,B54,1,1,job735_scenario1_1656,1659,0,0,,1659,
1644418261,B51,1,0,,1659,0,0,,1659,
1644418261,os4,1,0,,1659,0,0,,1659,
1644418261,in4,1,0,,1659,0,0,,1659,
1644418261,B33,1,0,,1659,0,0,,1659,
1644418261,in27,1,0,,1660,0,0,,1660,
1644418261,B14,1,0,,1660,0,0,,1660,
1644418261,B11,1,0,,1660,0,0,,1660,
1644418261,cn12,1,0,,1660,0,0,,1660,
1644418261,B54,1,1,job735_scenario1_1656,1660,0,0,,1660,
1644418261,B51,1,0,,1660,0,0,,1660,
1644418261,os4,1,0,,1660,0,0,,1660,
1644418261,in4,1,0,,1660,0,0,,1660,
1644418261,B33,1,0,,1660,0,0,,1660,
1644418261,in27,1,0,,1661,0,0,,1661,
1644418261,B14,1,0,,1661,0,0,,1661,
1644418261,B11,1,0,,1661,0,0,,1661,
1644418261,cn12,1,0,,1661,0,0,,1661,
1644418261,B54,1,1,job735_scenario1_1656,1661,0,0,,1661,
1644418261,B51,1,0,,1661,0,0,,1661,
1644418261,os4,1,0,,1661,0,0,,1661,
1644418261,in4,1,0,,1661,0,0,,1661,
1644418261,B33,1,0,,1661,0,0,,1661,
1644418261,in27,1,0,,1662,0,0,,1662,
1644418261,B14,1,0,,1662,0,0,,1662,
1644418261,B11,1,0,,1662,0,0,,1662,
1644418262,cn12,1,0,,1662,0,0,,1662,
1644418262,B54,1,1,job735_scenario1_1656,1662,0,0,,1662,
1644418262,B51,1,0,,1662,0,0,,1662,
1644418262,os4,1,0,,1662,0,0,,1662,
1644418262,in4,1,0,,1662,0,0,,1662,
1644418262,B33,1,0,,1662,0,0,,1662,
1644418262,in27,1,0,,1663,0,0,,1663,
1644418262,B14,1,0,,1663,0,0,,1663,
1644418262,B11,1,0,,1663,0,0,,1663,
1644418262,cn12,1,0,,1663,0,0,,1663,
1644418262,B54,1,0,,1663,0,0,,1663,
1644418262,B51,1,0,,1663,0,0,,1663,
1644418262,os4,1,0,,1663,0,0,,1663,
1644418262,in4,1,0,,1663,0,0,,1663,
1644418262,B33,1,0,,1663,0,0,,1663,
1644418262,in27,1,0,,1664,0,0,,1664,
1644418262,B14,1,0,,1664,0,0,,1664,
1644418262,B11,1,0,,1664,0,0,,1664,
1644418262,cn12,1,0,,1664,0,0,,1664,
1644418262,B54,1,1,job738_scenario1_1662,1664,0,0,,1664,
1644418262,B51,1,0,,1664,0,0,,1664,
1644418262,os4,1,0,,1664,0,0,,1664,
1644418263,in4,1,0,,1664,0,0,,1664,
1644418263,B33,1,0,,1664,0,0,,1664,
1644418263,in27,1,0,,1665,0,0,,1665,
1644418263,B14,1,0,,1665,0,0,,1665,
1644418263,B11,1,0,,1665,0,0,,1665,
1644418263,cn12,1,0,,1665,0,0,,1665,
1644418263,B54,1,1,job738_scenario1_1662,1665,0,0,,1665,
1644418263,B51,1,0,,1665,0,0,,1665,
1644418263,os4,1,0,,1665,0,0,,1665,
1644418263,in4,1,0,,1665,0,0,,1665,
1644418263,B33,1,0,,1665,0,0,,1665,
1644418263,in27,1,0,,1666,0,0,,1666,
1644418263,B14,1,0,,1666,0,0,,1666,
1644418263,B11,1,0,,1666,0,0,,1666,
1644418263,cn12,1,0,,1666,0,0,,1666,
1644418263,B54,1,1,job738_scenario1_1662,1666,0,0,,1666,
1644418263,B51,1,0,,1666,0,0,,1666,
1644418263,os4,1,0,,1666,0,0,,1666,
1644418263,in4,1,0,,1666,0,0,,1666,
1644418263,B33,1,0,,1666,0,0,,1666,
1644418263,in27,1,0,,1667,0,0,,1667,
1644418263,B14,1,0,,1667,0,0,,1667,
1644418263,B11,1,0,,1667,0,0,,1667,
1644418263,cn12,1,0,,1667,0,0,,1667,
1644418263,B54,1,1,job738_scenario1_1662,1667,0,0,,1667,
1644418263,B51,1,1,job739_scenario0_1666,1667,0,0,,1667,
1644418263,os4,1,0,,1667,0,0,,1667,
1644418263,in4,1,0,,1667,0,0,,1667,
1644418263,B33,1,0,,1667,0,0,,1667,
1644418263,in27,1,0,,1668,0,0,,1668,
1644418263,B14,1,0,,1668,0,0,,1668,
1644418263,B11,1,0,,1668,0,0,,1668,
1644418263,cn12,1,0,,1668,0,0,,1668,
1644418263,B54,1,1,job738_scenario1_1662,1668,0,0,,1668,
1644418263,B51,1,1,job739_scenario0_1666,1668,0,0,,1668,
1644418263,os4,1,0,,1668,0,0,,1668,
1644418263,in4,1,0,,1668,0,0,,1668,
1644418263,B33,1,0,,1668,0,0,,1668,
1644418263,in27,1,0,,1669,0,0,,1669,
1644418263,B14,1,0,,1669,0,0,,1669,
1644418263,B11,1,0,,1669,0,0,,1669,
1644418263,cn12,1,0,,1669,0,0,,1669,
1644418263,B54,1,1,job738_scenario1_1662,1669,0,0,,1669,
1644418263,B51,1,1,job739_scenario0_1666,1669,0,0,,1669,
1644418263,os4,1,0,,1669,0,0,,1669,
1644418263,in4,1,0,,1669,0,0,,1669,
1644418263,B33,1,0,,1669,0,0,,1669,
1644418263,in27,1,0,,1670,0,0,,1670,
1644418264,B14,1,0,,1670,0,0,,1670,
1644418264,B11,1,0,,1670,0,0,,1670,
1644418264,cn12,1,0,,1670,0,0,,1670,
1644418264,B54,1,1,job738_scenario1_1662,1670,0,0,,1670,
1644418264,B51,1,1,job739_scenario0_1666,1670,0,0,,1670,
1644418264,os4,1,0,,1670,0,0,,1670,
1644418264,in4,1,0,,1670,0,0,,1670,
1644418264,B33,1,0,,1670,0,0,,1670,
1644418264,in27,1,0,,1671,0,0,,1671,
1644418264,B14,1,0,,1671,0,0,,1671,
1644418264,B11,1,0,,1671,0,0,,1671,
1644418264,cn12,1,0,,1671,0,0,,1671,
1644418264,B54,1,0,,1671,0,0,,1671,
1644418264,B51,1,1,job739_scenario0_1666,1671,0,0,,1671,
1644418264,os4,1,0,,1671,0,0,,1671,
1644418264,in4,1,0,,1671,0,0,,1671,
1644418264,B33,1,0,,1671,0,0,,1671,
1644418264,in27,1,0,,1672,0,0,,1672,
1644418264,B14,1,0,,1672,0,0,,1672,
1644418264,B11,1,0,,1672,0,0,,1672,
1644418264,cn12,1,0,,1672,0,0,,1672,
1644418264,B54,1,0,,1672,0,0,,1672,
1644418264,B51,1,1,job739_scenario0_1666,1672,0,0,,1672,
1644418264,os4,1,0,,1672,0,0,,1672,
1644418264,in4,1,0,,1672,0,0,,1672,
1644418264,B33,1,0,,1672,0,0,,1672,
1644418264,in27,1,0,,1673,0,0,,1673,
1644418264,B14,1,0,,1673,0,0,,1673,
1644418264,B11,1,0,,1673,0,0,,1673,
1644418264,cn12,1,0,,1673,0,0,,1673,
1644418264,B54,1,0,,1673,0,0,,1673,
1644418264,B51,1,1,job739_scenario0_1666,1673,0,0,,1673,
1644418264,os4,1,0,,1673,0,0,,1673,
1644418264,in4,1,0,,1673,0,0,,1673,
1644418264,B33,1,0,,1673,0,0,,1673,
1644418264,in27,1,0,,1674,0,0,,1674,
1644418264,B14,1,0,,1674,0,0,,1674,
1644418264,B11,1,0,,1674,0,0,,1674,
1644418264,cn12,1,0,,1674,0,0,,1674,
1644418264,B54,1,0,,1674,0,0,,1674,
1644418264,B51,1,1,job739_scenario0_1666,1674,0,0,,1674,
1644418264,os4,1,0,,1674,0,0,,1674,
1644418264,in4,1,0,,1674,0,0,,1674,
1644418264,B33,1,0,,1674,0,0,,1674,
1644418264,in27,1,0,,1675,0,0,,1675,
1644418264,B14,1,0,,1675,0,0,,1675,
1644418264,B11,1,0,,1675,0,0,,1675,
1644418264,cn12,1,0,,1675,0,0,,1675,
1644418264,B54,1,0,,1675,0,0,,1675,
1644418264,B51,1,1,job739_scenario0_1666,1675,0,0,,1675,
1644418264,os4,1,0,,1675,0,0,,1675,
1644418264,in4,1,0,,1675,0,0,,1675,
1644418264,B33,1,0,,1675,0,0,,1675,
1644418264,in27,1,0,,1676,0,0,,1676,
1644418264,B14,1,0,,1676,0,0,,1676,
1644418264,B11,1,0,,1676,0,0,,1676,
1644418264,cn12,1,0,,1676,0,0,,1676,
1644418264,B54,1,0,,1676,0,0,,1676,
1644418264,B51,1,1,job739_scenario0_1666,1676,0,0,,1676,
1644418264,os4,1,0,,1676,0,0,,1676,
1644418264,in4,1,0,,1676,0,0,,1676,
1644418264,B33,1,0,,1676,0,0,,1676,
1644418264,in27,1,0,,1677,0,0,,1677,
1644418264,B14,1,0,,1677,0,0,,1677,
1644418264,B11,1,0,,1677,0,0,,1677,
1644418264,cn12,1,0,,1677,0,0,,1677,
1644418264,B54,1,0,,1677,0,0,,1677,
1644418264,B51,1,1,job739_scenario0_1666,1677,0,0,,1677,
1644418264,os4,1,0,,1677,0,0,,1677,
1644418264,in4,1,0,,1677,0,0,,1677,
1644418264,B33,1,0,,1677,0,0,,1677,
1644418264,in27,1,0,,1678,0,0,,1678,
1644418264,B14,1,0,,1678,0,0,,1678,
1644418264,B11,1,0,,1678,0,0,,1678,
1644418264,cn12,1,0,,1678,0,0,,1678,
1644418264,B54,1,0,,1678,0,0,,1678,
1644418264,B51,1,0,,1678,0,0,,1678,
1644418265,os4,1,0,,1678,0,0,,1678,
1644418265,in4,1,0,,1678,0,0,,1678,
1644418265,B33,1,0,,1678,0,0,,1678,
1644418265,in27,1,0,,1679,0,0,,1679,
1644418265,B14,1,0,,1679,0,0,,1679,
1644418265,B11,1,0,,1679,0,0,,1679,
1644418265,cn12,1,0,,1679,0,0,,1679,
1644418265,B54,1,0,,1679,0,0,,1679,
1644418265,B51,1,0,,1679,0,0,,1679,
1644418265,os4,1,0,,1679,0,0,,1679,
1644418265,in4,1,0,,1679,0,0,,1679,
1644418265,B33,1,0,,1679,0,0,,1679,
1644418265,in27,1,0,,1680,0,0,,1680,
1644418265,B14,1,0,,1680,0,0,,1680,
1644418265,B11,1,0,,1680,0,0,,1680,
1644418265,cn12,1,0,,1680,0,0,,1680,
1644418265,B54,1,1,job742_scenario1_1678,1680,0,0,,1680,
1644418265,B51,1,0,,1680,0,0,,1680,
1644418265,os4,1,0,,1680,0,0,,1680,
1644418265,in4,1,0,,1680,0,0,,1680,
1644418265,B33,1,0,,1680,0,0,,1680,
1644418265,in27,1,0,,1681,0,0,,1681,
1644418265,B14,1,0,,1681,0,0,,1681,
1644418265,B11,1,0,,1681,0,0,,1681,
1644418265,cn12,1,0,,1681,0,0,,1681,
1644418265,B54,1,1,job742_scenario1_1678,1681,0,0,,1681,
1644418265,B51,1,0,,1681,0,0,,1681,
1644418265,os4,1,0,,1681,0,0,,1681,
1644418265,in4,1,0,,1681,0,0,,1681,
1644418265,B33,1,0,,1681,0,0,,1681,
1644418265,in27,1,0,,1682,0,0,,1682,
1644418265,B14,1,0,,1682,0,0,,1682,
1644418265,B11,1,0,,1682,0,0,,1682,
1644418265,cn12,1,0,,1682,0,0,,1682,
1644418265,B54,1,1,job742_scenario1_1678,1682,0,0,,1682,
1644418265,B51,1,0,,1682,0,0,,1682,
1644418265,os4,1,0,,1682,0,0,,1682,
1644418265,in4,1,0,,1682,0,0,,1682,
1644418265,B33,1,0,,1682,0,0,,1682,
1644418265,in27,1,0,,1683,0,0,,1683,
1644418265,B14,1,0,,1683,0,0,,1683,
1644418265,B11,1,0,,1683,0,0,,1683,
1644418265,cn12,1,0,,1683,0,0,,1683,
1644418265,B54,1,1,job742_scenario1_1678,1683,0,0,,1683,
1644418265,B51,1,0,,1683,0,0,,1683,
1644418265,os4,1,0,,1683,0,0,,1683,
1644418265,in4,1,0,,1683,0,0,,1683,
1644418265,B33,1,0,,1683,0,0,,1683,
1644418265,in27,1,0,,1684,0,0,,1684,
1644418265,B14,1,0,,1684,0,0,,1684,
1644418265,B11,1,0,,1684,0,0,,1684,
1644418265,cn12,1,0,,1684,0,0,,1684,
1644418265,B54,1,1,job742_scenario1_1678,1684,0,0,,1684,
1644418265,B51,1,0,,1684,0,0,,1684,
1644418266,os4,1,0,,1684,0,0,,1684,
1644418266,in4,1,0,,1684,0,0,,1684,
1644418266,B33,1,0,,1684,0,0,,1684,
1644418266,in27,1,0,,1685,0,0,,1685,
1644418266,B14,1,0,,1685,0,0,,1685,
1644418266,B11,1,0,,1685,0,0,,1685,
1644418266,cn12,1,0,,1685,0,0,,1685,
1644418266,B54,1,0,,1685,0,0,,1685,
1644418266,B51,1,0,,1685,0,0,,1685,
1644418266,os4,1,0,,1685,0,0,,1685,
1644418266,in4,1,0,,1685,0,0,,1685,
1644418266,B33,1,0,,1685,0,0,,1685,
1644418266,in27,1,0,,1686,0,0,,1686,
1644418266,B14,1,0,,1686,0,0,,1686,
1644418266,B11,1,0,,1686,0,0,,1686,
1644418266,cn12,1,0,,1686,0,0,,1686,
1644418266,B54,1,0,,1686,0,0,,1686,
1644418266,B51,1,0,,1686,0,0,,1686,
1644418266,os4,1,0,,1686,0,0,,1686,
1644418266,in4,1,0,,1686,0,0,,1686,
1644418266,B33,1,0,,1686,0,0,,1686,
1644418267,in27,1,0,,1687,0,0,,1687,
1644418267,B14,1,0,,1687,0,0,,1687,
1644418267,B11,1,0,,1687,0,0,,1687,
1644418267,cn12,1,0,,1687,0,0,,1687,
1644418267,B54,1,1,job736_scenario1_1658,1687,0,0,,1687,
1644418267,B51,1,0,,1687,0,0,,1687,
1644418267,os4,1,0,,1687,0,0,,1687,
1644418267,in4,1,0,,1687,0,0,,1687,
1644418267,B33,1,0,,1687,0,0,,1687,
1644418267,in27,1,0,,1688,0,0,,1688,
1644418267,B14,1,0,,1688,0,0,,1688,
1644418267,B11,1,0,,1688,0,0,,1688,
1644418267,cn12,1,0,,1688,0,0,,1688,
1644418267,B54,1,1,job736_scenario1_1658,1688,0,0,,1688,
1644418267,B51,1,0,,1688,0,0,,1688,
1644418267,os4,1,0,,1688,0,0,,1688,
1644418267,in4,1,0,,1688,0,0,,1688,
1644418267,B33,1,0,,1688,0,0,,1688,
1644418267,in27,1,0,,1689,0,0,,1689,
1644418267,B14,1,0,,1689,0,0,,1689,
1644418267,B11,1,0,,1689,0,0,,1689,
1644418267,cn12,1,0,,1689,0,0,,1689,
1644418267,B54,1,1,job736_scenario1_1658,1689,0,0,,1689,
1644418267,B51,1,0,,1689,0,0,,1689,
1644418267,os4,1,0,,1689,0,0,,1689,
1644418267,in4,1,0,,1689,0,0,,1689,
1644418267,B33,1,0,,1689,0,0,,1689,
1644418267,in27,1,0,,1690,0,0,,1690,
1644418267,B14,1,0,,1690,0,0,,1690,
1644418267,B11,1,0,,1690,0,0,,1690,
1644418267,cn12,1,0,,1690,0,0,,1690,
1644418267,B54,1,1,job736_scenario1_1658,1690,0,0,,1690,
1644418267,B51,1,0,,1690,0,0,,1690,
1644418267,os4,1,0,,1690,0,0,,1690,
1644418267,in4,1,0,,1690,0,0,,1690,
1644418267,B33,1,0,,1690,0,0,,1690,
1644418267,in27,1,0,,1691,0,0,,1691,
1644418267,B14,1,0,,1691,0,0,,1691,
1644418267,B11,1,0,,1691,0,0,,1691,
1644418267,cn12,1,0,,1691,0,0,,1691,
1644418267,B54,1,1,job736_scenario1_1658,1691,0,0,,1691,
1644418267,B51,1,0,,1691,0,0,,1691,
1644418267,os4,1,0,,1691,0,0,,1691,
1644418267,in4,1,0,,1691,0,0,,1691,
1644418267,B33,1,0,,1691,0,0,,1691,
1644418268,in27,1,0,,1692,0,0,,1692,
1644418268,B14,1,0,,1692,0,0,,1692,
1644418268,B11,1,0,,1692,0,0,,1692,
1644418268,cn12,1,0,,1692,0,0,,1692,
1644418268,B54,1,0,,1692,0,0,,1692,
1644418268,B51,1,1,job745_scenario0_1691,1692,0,0,,1692,
1644418268,os4,1,0,,1692,0,0,,1692,
1644418268,in4,1,0,,1692,0,0,,1692,
1644418268,B33,1,0,,1692,0,0,,1692,
1644418268,in27,1,0,,1693,0,0,,1693,
1644418268,B14,1,0,,1693,0,0,,1693,
1644418268,B11,1,0,,1693,0,0,,1693,
1644418268,cn12,1,0,,1693,0,0,,1693,
1644418268,B54,1,0,,1693,0,0,,1693,
1644418268,B51,1,1,job745_scenario0_1691,1693,0,0,,1693,
1644418268,os4,1,0,,1693,0,0,,1693,
1644418268,in4,1,0,,1693,0,0,,1693,
1644418268,B33,1,0,,1693,0,0,,1693,
1644418268,in27,1,0,,1694,0,0,,1694,
1644418268,B14,1,0,,1694,0,0,,1694,
1644418268,B11,1,0,,1694,0,0,,1694,
1644418268,cn12,1,0,,1694,0,0,,1694,
1644418268,B54,1,1,job746_scenario1_1692,1694,0,0,,1694,
1644418268,B51,1,1,job745_scenario0_1691,1694,0,0,,1694,
1644418268,os4,1,0,,1694,0,0,,1694,
1644418268,in4,1,0,,1694,0,0,,1694,
1644418268,B33,1,0,,1694,0,0,,1694,
1644418268,in27,1,0,,1695,0,0,,1695,
1644418268,B14,1,0,,1695,0,0,,1695,
1644418268,B11,1,0,,1695,0,0,,1695,
1644418268,cn12,1,0,,1695,0,0,,1695,
1644418268,B54,1,1,job746_scenario1_1692,1695,0,0,,1695,
1644418268,B51,1,1,job745_scenario0_1691,1695,0,0,,1695,
1644418268,os4,1,0,,1695,0,0,,1695,
1644418268,in4,1,0,,1695,0,0,,1695,
1644418268,B33,1,0,,1695,0,0,,1695,
1644418268,in27,1,0,,1696,0,0,,1696,
1644418268,B14,1,0,,1696,0,0,,1696,
1644418268,B11,1,0,,1696,0,0,,1696,
1644418268,cn12,1,0,,1696,0,0,,1696,
1644418268,B54,1,1,job746_scenario1_1692,1696,0,0,,1696,
1644418268,B51,1,1,job745_scenario0_1691,1696,0,0,,1696,
1644418268,os4,1,0,,1696,0,0,,1696,
1644418268,in4,1,0,,1696,0,0,,1696,
1644418268,B33,1,0,,1696,0,0,,1696,
1644418268,in27,1,0,,1697,0,0,,1697,
1644418268,B14,1,0,,1697,0,0,,1697,
1644418268,B11,1,0,,1697,0,0,,1697,
1644418268,cn12,1,0,,1697,0,0,,1697,
1644418268,B54,1,1,job746_scenario1_1692,1697,0,0,,1697,
1644418268,B51,1,1,job745_scenario0_1691,1697,0,0,,1697,
1644418268,os4,1,0,,1697,0,0,,1697,
1644418268,in4,1,0,,1697,0,0,,1697,
1644418268,B33,1,0,,1697,0,0,,1697,
1644418268,in27,1,0,,1698,0,0,,1698,
1644418268,B14,1,0,,1698,0,0,,1698,
1644418268,B11,1,0,,1698,0,0,,1698,
1644418268,cn12,1,0,,1698,0,0,,1698,
1644418269,B54,1,1,job746_scenario1_1692,1698,0,0,,1698,
1644418269,B51,1,1,job745_scenario0_1691,1698,0,0,,1698,
1644418269,os4,1,0,,1698,0,0,,1698,
1644418269,in4,1,0,,1698,0,0,,1698,
1644418269,B33,1,0,,1698,0,0,,1698,
1644418269,in27,1,0,,1699,0,0,,1699,
1644418269,B14,1,0,,1699,0,0,,1699,
1644418269,B11,1,0,,1699,0,0,,1699,
1644418269,cn12,1,0,,1699,0,0,,1699,
1644418269,B54,1,1,job746_scenario1_1692,1699,0,0,,1699,
1644418269,B51,1,1,job745_scenario0_1691,1699,0,0,,1699,
1644418269,os4,1,0,,1699,0,0,,1699,
1644418269,in4,1,0,,1699,0,0,,1699,
1644418269,B33,1,0,,1699,0,0,,1699,
1644418269,in27,1,0,,1700,0,0,,1700,
1644418269,B14,1,0,,1700,0,0,,1700,
1644418269,B11,1,0,,1700,0,0,,1700,
1644418269,cn12,1,0,,1700,0,0,,1700,
1644418269,B54,1,1,job746_scenario1_1692,1700,0,0,,1700,
1644418269,B51,1,1,job745_scenario0_1691,1700,0,0,,1700,
1644418269,os4,1,0,,1700,0,0,,1700,
1644418269,in4,1,0,,1700,0,0,,1700,
1644418269,B33,1,0,,1700,0,0,,1700,
1644418269,in27,1,0,,1701,0,0,,1701,
1644418269,B14,1,0,,1701,0,0,,1701,
1644418269,B11,1,0,,1701,0,0,,1701,
1644418269,cn12,1,0,,1701,0,0,,1701,
1644418269,B54,1,0,,1701,0,0,,1701,
1644418269,B51,1,1,job745_scenario0_1691,1701,0,0,,1701,
1644418269,os4,1,0,,1701,0,0,,1701,
1644418269,in4,1,0,,1701,0,0,,1701,
1644418269,B33,1,0,,1701,0,0,,1701,
1644418269,in27,1,0,,1702,0,0,,1702,
1644418269,B14,1,0,,1702,0,0,,1702,
1644418269,B11,1,0,,1702,0,0,,1702,
1644418269,cn12,1,0,,1702,0,0,,1702,
1644418269,B54,1,0,,1702,0,0,,1702,
1644418269,B51,1,1,job745_scenario0_1691,1702,0,0,,1702,
1644418269,os4,1,0,,1702,0,0,,1702,
1644418269,in4,1,0,,1702,0,0,,1702,
1644418269,B33,1,0,,1702,0,0,,1702,
1644418269,in27,1,0,,1703,0,0,,1703,
1644418269,B14,1,0,,1703,0,0,,1703,
1644418269,B11,1,0,,1703,0,0,,1703,
1644418269,cn12,1,0,,1703,0,0,,1703,
1644418269,B54,1,0,,1703,0,0,,1703,
1644418269,B51,1,1,job745_scenario0_1691,1703,0,0,,1703,
1644418269,os4,1,0,,1703,0,0,,1703,
1644418269,in4,1,0,,1703,0,0,,1703,
1644418269,B33,1,1,job748_scenario2_1702,1703,0,0,,1703,
1644418269,in27,1,0,,1704,0,0,,1704,
1644418269,B14,1,0,,1704,0,0,,1704,
1644418269,B11,1,0,,1704,0,0,,1704,
1644418269,cn12,1,0,,1704,0,0,,1704,
1644418269,B54,1,0,,1704,0,0,,1704,
1644418269,B51,1,1,job745_scenario0_1691,1704,0,0,,1704,
1644418269,os4,1,0,,1704,0,0,,1704,
1644418269,in4,1,0,,1704,0,0,,1704,
1644418269,B33,1,1,job748_scenario2_1702,1704,0,0,,1704,
1644418269,in27,1,0,,1705,0,0,,1705,
1644418270,B14,1,0,,1705,0,0,,1705,
1644418270,B11,1,0,,1705,0,0,,1705,
1644418270,cn12,1,0,,1705,0,0,,1705,
1644418270,B54,1,0,,1705,0,0,,1705,
1644418270,B51,1,1,job745_scenario0_1691,1705,0,0,,1705,
1644418270,os4,1,0,,1705,0,0,,1705,
1644418270,in4,1,0,,1705,0,0,,1705,
1644418270,B33,1,1,job748_scenario2_1702,1705,0,0,,1705,
1644418270,in27,1,0,,1706,0,0,,1706,
1644418270,B14,1,0,,1706,0,0,,1706,
1644418270,B11,1,0,,1706,0,0,,1706,
1644418270,cn12,1,0,,1706,0,0,,1706,
1644418270,B54,1,1,job749_scenario1_1704,1706,0,0,,1706,
1644418270,B51,1,0,,1706,0,0,,1706,
1644418270,os4,1,0,,1706,0,0,,1706,
1644418270,in4,1,0,,1706,0,0,,1706,
1644418270,B33,1,1,job748_scenario2_1702,1706,0,0,,1706,
1644418270,in27,1,0,,1707,0,0,,1707,
1644418270,B14,1,0,,1707,0,0,,1707,
1644418270,B11,1,0,,1707,0,0,,1707,
1644418270,cn12,1,0,,1707,0,0,,1707,
1644418270,B54,1,1,job749_scenario1_1704,1707,0,0,,1707,
1644418270,B51,1,0,,1707,0,0,,1707,
1644418270,os4,1,0,,1707,0,0,,1707,
1644418270,in4,1,0,,1707,0,0,,1707,
1644418270,B33,1,1,job748_scenario2_1702,1707,0,0,,1707,
1644418270,in27,1,0,,1708,0,0,,1708,
1644418270,B14,1,0,,1708,0,0,,1708,
1644418270,B11,1,0,,1708,0,0,,1708,
1644418270,cn12,1,0,,1708,0,0,,1708,
1644418270,B54,1,1,job749_scenario1_1704,1708,0,0,,1708,
1644418270,B51,1,0,,1708,0,0,,1708,
1644418270,os4,1,0,,1708,0,0,,1708,
1644418270,in4,1,0,,1708,0,0,,1708,
1644418270,B33,1,1,job748_scenario2_1702,1708,0,0,,1708,
1644418271,in27,1,0,,1709,0,0,,1709,
1644418271,B14,1,0,,1709,0,0,,1709,
1644418271,B11,1,0,,1709,0,0,,1709,
1644418271,cn12,1,0,,1709,0,0,,1709,
1644418271,B54,1,1,job749_scenario1_1704,1709,0,0,,1709,
1644418271,B51,1,0,,1709,0,0,,1709,
1644418271,os4,1,0,,1709,0,0,,1709,
1644418271,in4,1,0,,1709,0,0,,1709,
1644418271,B33,1,0,,1709,0,0,,1709,
1644418271,in27,1,0,,1710,0,0,,1710,
1644418271,B14,1,0,,1710,0,0,,1710,
1644418271,B11,1,0,,1710,0,0,,1710,
1644418271,cn12,1,0,,1710,0,0,,1710,
1644418271,B54,1,1,job749_scenario1_1704,1710,0,0,,1710,
1644418271,B51,1,0,,1710,0,0,,1710,
1644418271,os4,1,0,,1710,0,0,,1710,
1644418271,in4,1,0,,1710,0,0,,1710,
1644418271,B33,1,0,,1710,0,0,,1710,
1644418271,in27,1,0,,1711,0,0,,1711,
1644418271,B14,1,0,,1711,0,0,,1711,
1644418271,B11,1,0,,1711,0,0,,1711,
1644418271,cn12,1,0,,1711,0,0,,1711,
1644418271,B54,1,1,job749_scenario1_1704,1711,0,0,,1711,
1644418271,B51,1,0,,1711,0,0,,1711,
1644418271,os4,1,0,,1711,0,0,,1711,
1644418271,in4,1,0,,1711,0,0,,1711,
1644418271,B33,1,0,,1711,0,0,,1711,
1644418271,in27,1,0,,1712,0,0,,1712,
1644418271,B14,1,0,,1712,0,0,,1712,
1644418271,B11,1,0,,1712,0,0,,1712,
1644418272,cn12,1,0,,1712,0,0,,1712,
1644418272,B54,1,1,job749_scenario1_1704,1712,0,0,,1712,
1644418272,B51,1,0,,1712,0,0,,1712,
1644418272,os4,1,0,,1712,0,0,,1712,
1644418272,in4,1,0,,1712,0,0,,1712,
1644418272,B33,1,0,,1712,0,0,,1712,
1644418272,in27,1,0,,1713,0,0,,1713,
1644418272,B14,1,0,,1713,0,0,,1713,
1644418272,B11,1,0,,1713,0,0,,1713,
1644418272,cn12,1,0,,1713,0,0,,1713,
1644418272,B54,1,0,,1713,0,0,,1713,
1644418272,B51,1,0,,1713,0,0,,1713,
1644418272,os4,1,0,,1713,0,0,,1713,
1644418272,in4,1,0,,1713,0,0,,1713,
1644418272,B33,1,0,,1713,0,0,,1713,
1644418272,in27,1,0,,1714,0,0,,1714,
1644418272,B14,1,0,,1714,0,0,,1714,
1644418272,B11,1,0,,1714,0,0,,1714,
1644418272,cn12,1,0,,1714,0,0,,1714,
1644418272,B54,1,0,,1714,0,0,,1714,
1644418272,B51,1,0,,1714,0,0,,1714,
1644418272,os4,1,0,,1714,0,0,,1714,
1644418272,in4,1,0,,1714,0,0,,1714,
1644418272,B33,1,0,,1714,0,0,,1714,
1644418272,in27,1,0,,1715,0,0,,1715,
1644418272,B14,1,0,,1715,0,0,,1715,
1644418272,B11,1,0,,1715,0,0,,1715,
1644418272,cn12,1,0,,1715,0,0,,1715,
1644418272,B54,1,0,,1715,0,0,,1715,
1644418272,B51,1,0,,1715,0,0,,1715,
1644418272,os4,1,0,,1715,0,0,,1715,
1644418272,in4,1,0,,1715,0,0,,1715,
1644418272,B33,1,0,,1715,0,0,,1715,
1644418272,in27,1,0,,1716,0,0,,1716,
1644418272,B14,1,0,,1716,0,0,,1716,
1644418272,B11,1,0,,1716,0,0,,1716,
1644418272,cn12,1,0,,1716,0,0,,1716,
1644418272,B54,1,0,,1716,0,0,,1716,
1644418272,B51,1,0,,1716,0,0,,1716,
1644418272,os4,1,0,,1716,0,0,,1716,
1644418272,in4,1,0,,1716,0,0,,1716,
1644418272,B33,1,0,,1716,0,0,,1716,
1644418272,in27,1,0,,1717,0,0,,1717,
1644418273,B14,1,0,,1717,0,0,,1717,
1644418273,B11,1,0,,1717,0,0,,1717,
1644418273,cn12,1,0,,1717,0,0,,1717,
1644418273,B54,1,0,,1717,0,0,,1717,
1644418273,B51,1,0,,1717,0,0,,1717,
1644418273,os4,1,0,,1717,0,0,,1717,
1644418273,in4,1,0,,1717,0,0,,1717,
1644418273,B33,1,0,,1717,0,0,,1717,
1644418273,in27,1,0,,1718,0,0,,1718,
1644418273,B14,1,0,,1718,0,0,,1718,
1644418273,B11,1,0,,1718,0,0,,1718,
1644418273,cn12,1,0,,1718,0,0,,1718,
1644418273,B54,1,0,,1718,0,0,,1718,
1644418273,B51,1,0,,1718,0,0,,1718,
1644418273,os4,1,0,,1718,0,0,,1718,
1644418273,in4,1,0,,1718,0,0,,1718,
1644418273,B33,1,1,job753_scenario2_1717,1718,0,0,,1718,
1644418273,in27,1,0,,1719,0,0,,1719,
1644418273,B14,1,0,,1719,0,0,,1719,
1644418273,B11,1,0,,1719,0,0,,1719,
1644418273,cn12,1,0,,1719,0,0,,1719,
1644418273,B54,1,0,,1719,0,0,,1719,
1644418273,B51,1,0,,1719,0,0,,1719,
1644418273,os4,1,0,,1719,0,0,,1719,
1644418273,in4,1,0,,1719,0,0,,1719,
1644418273,B33,1,0,,1719,0,0,,1719,
1644418273,in27,1,0,,1720,0,0,,1720,
1644418273,B14,1,0,,1720,0,0,,1720,
1644418273,B11,1,0,,1720,0,0,,1720,
1644418273,cn12,1,0,,1720,0,0,,1720,
1644418273,B54,1,0,,1720,0,0,,1720,
1644418273,B51,1,0,,1720,0,0,,1720,
1644418273,os4,1,0,,1720,0,0,,1720,
1644418273,in4,1,0,,1720,0,0,,1720,
1644418273,B33,1,0,,1720,0,0,,1720,
1644418274,in27,1,0,,1721,0,0,,1721,
1644418274,B14,1,0,,1721,0,0,,1721,
1644418274,B11,1,0,,1721,0,0,,1721,
1644418274,cn12,1,0,,1721,0,0,,1721,
1644418274,B54,1,0,,1721,0,0,,1721,
1644418274,B51,1,1,job754_scenario0_1720,1721,0,0,,1721,
1644418274,os4,1,0,,1721,0,0,,1721,
1644418274,in4,1,0,,1721,0,0,,1721,
1644418274,B33,1,0,,1721,0,0,,1721,
1644418274,in27,1,0,,1722,0,0,,1722,
1644418274,B14,1,0,,1722,0,0,,1722,
1644418274,B11,1,0,,1722,0,0,,1722,
1644418274,cn12,1,0,,1722,0,0,,1722,
1644418274,B54,1,0,,1722,0,0,,1722,
1644418274,B51,1,1,job754_scenario0_1720,1722,0,0,,1722,
1644418274,os4,1,0,,1722,0,0,,1722,
1644418274,in4,1,0,,1722,0,0,,1722,
1644418274,B33,1,0,,1722,0,0,,1722,
1644418274,in27,1,0,,1723,0,0,,1723,
1644418274,B14,1,0,,1723,0,0,,1723,
1644418274,B11,1,0,,1723,0,0,,1723,
1644418274,cn12,1,0,,1723,0,0,,1723,
1644418274,B54,1,0,,1723,0,0,,1723,
1644418274,B51,1,1,job754_scenario0_1720,1723,0,0,,1723,
1644418274,os4,1,0,,1723,0,0,,1723,
1644418274,in4,1,0,,1723,0,0,,1723,
1644418274,B33,1,0,,1723,0,0,,1723,
1644418274,in27,1,0,,1724,0,0,,1724,
1644418274,B14,1,0,,1724,0,0,,1724,
1644418274,B11,1,0,,1724,0,0,,1724,
1644418274,cn12,1,0,,1724,0,0,,1724,
1644418274,B54,1,0,,1724,0,0,,1724,
1644418274,B51,1,1,job754_scenario0_1720,1724,0,0,,1724,
1644418274,os4,1,0,,1724,0,0,,1724,
1644418274,in4,1,0,,1724,0,0,,1724,
1644418274,B33,1,0,,1724,0,0,,1724,
1644418274,in27,1,0,,1725,0,0,,1725,
1644418274,B14,1,0,,1725,0,0,,1725,
1644418274,B11,1,0,,1725,0,0,,1725,
1644418274,cn12,1,0,,1725,0,0,,1725,
1644418274,B54,1,0,,1725,0,0,,1725,
1644418274,B51,1,1,job754_scenario0_1720,1725,0,0,,1725,
1644418274,os4,1,0,,1725,0,0,,1725,
1644418274,in4,1,0,,1725,0,0,,1725,
1644418274,B33,1,0,,1725,0,0,,1725,
1644418275,in27,1,0,,1726,0,0,,1726,
1644418275,B14,1,0,,1726,0,0,,1726,
1644418275,B11,1,1,job755_scenario3_1723,1726,0,0,,1726,
1644418275,cn12,1,0,,1726,0,0,,1726,
1644418275,B54,1,0,,1726,0,0,,1726,
1644418275,B51,1,1,job754_scenario0_1720,1726,0,0,,1726,
1644418275,os4,1,0,,1726,0,0,,1726,
1644418275,in4,1,0,,1726,0,0,,1726,
1644418275,B33,1,0,,1726,0,0,,1726,
1644418275,in27,1,0,,1727,0,0,,1727,
1644418275,B14,1,0,,1727,0,0,,1727,
1644418275,B11,1,1,job755_scenario3_1723,1727,0,0,,1727,
1644418275,cn12,1,0,,1727,0,0,,1727,
1644418275,B54,1,0,,1727,0,0,,1727,
1644418275,B51,1,1,job754_scenario0_1720,1727,0,0,,1727,
1644418275,os4,1,0,,1727,0,0,,1727,
1644418275,in4,1,0,,1727,0,0,,1727,
1644418275,B33,1,0,,1727,0,0,,1727,
1644418275,in27,1,0,,1728,0,0,,1728,
1644418275,B14,1,0,,1728,0,0,,1728,
1644418275,B11,1,1,job755_scenario3_1723,1728,0,0,,1728,
1644418275,cn12,1,0,,1728,0,0,,1728,
1644418275,B54,1,0,,1728,0,0,,1728,
1644418275,B51,1,1,job754_scenario0_1720,1728,0,0,,1728,
1644418275,os4,1,0,,1728,0,0,,1728,
1644418275,in4,1,0,,1728,0,0,,1728,
1644418275,B33,1,0,,1728,0,0,,1728,
1644418276,in27,1,0,,1729,0,0,,1729,
1644418276,B14,1,0,,1729,0,0,,1729,
1644418276,B11,1,0,,1729,0,0,,1729,
1644418276,cn12,1,0,,1729,0,0,,1729,
1644418276,B54,1,0,,1729,0,0,,1729,
1644418276,B51,1,1,job754_scenario0_1720,1729,0,0,,1729,
1644418276,os4,1,0,,1729,0,0,,1729,
1644418276,in4,1,0,,1729,0,0,,1729,
1644418276,B33,1,0,,1729,0,0,,1729,
1644418276,in27,1,0,,1730,0,0,,1730,
1644418276,B14,1,0,,1730,0,0,,1730,
1644418276,B11,1,0,,1730,0,0,,1730,
1644418276,cn12,1,0,,1730,0,0,,1730,
1644418276,B54,1,0,,1730,0,0,,1730,
1644418276,B51,1,1,job754_scenario0_1720,1730,0,0,,1730,
1644418276,os4,1,0,,1730,0,0,,1730,
1644418276,in4,1,0,,1730,0,0,,1730,
1644418276,B33,1,0,,1730,0,0,,1730,
1644418276,in27,1,0,,1731,0,0,,1731,
1644418276,B14,1,0,,1731,0,0,,1731,
1644418276,B11,1,0,,1731,0,0,,1731,
1644418276,cn12,1,0,,1731,0,0,,1731,
1644418276,B54,1,0,,1731,0,0,,1731,
1644418276,B51,1,1,job754_scenario0_1720,1731,0,0,,1731,
1644418276,os4,1,0,,1731,0,0,,1731,
1644418276,in4,1,0,,1731,0,0,,1731,
1644418276,B33,1,0,,1731,0,0,,1731,
1644418276,in27,1,0,,1732,0,0,,1732,
1644418276,B14,1,0,,1732,0,0,,1732,
1644418276,B11,1,0,,1732,0,0,,1732,
1644418276,cn12,1,0,,1732,0,0,,1732,
1644418276,B54,1,1,job757_scenario1_1730,1732,0,0,,1732,
1644418276,B51,1,1,job754_scenario0_1720,1732,0,0,,1732,
1644418276,os4,1,0,,1732,0,0,,1732,
1644418276,in4,1,0,,1732,0,0,,1732,
1644418277,B33,1,0,,1732,0,0,,1732,
1644418277,in27,1,0,,1733,0,0,,1733,
1644418277,B14,1,0,,1733,0,0,,1733,
1644418277,B11,1,0,,1733,0,0,,1733,
1644418277,cn12,1,0,,1733,0,0,,1733,
1644418277,B54,1,1,job757_scenario1_1730,1733,0,0,,1733,
1644418277,B51,1,0,,1733,0,0,,1733,
1644418277,os4,1,0,,1733,0,0,,1733,
1644418277,in4,1,0,,1733,0,0,,1733,
1644418277,B33,1,0,,1733,0,0,,1733,
1644418277,in27,1,0,,1734,0,0,,1734,
1644418277,B14,1,0,,1734,0,0,,1734,
1644418277,B11,1,0,,1734,0,0,,1734,
1644418277,cn12,1,0,,1734,0,0,,1734,
1644418277,B54,1,1,job757_scenario1_1730,1734,0,0,,1734,
1644418277,B51,1,0,,1734,0,0,,1734,
1644418277,os4,1,0,,1734,0,0,,1734,
1644418277,in4,1,0,,1734,0,0,,1734,
1644418277,B33,1,0,,1734,0,0,,1734,
1644418277,in27,1,0,,1735,0,0,,1735,
1644418277,B14,1,0,,1735,0,0,,1735,
1644418277,B11,1,0,,1735,0,0,,1735,
1644418277,cn12,1,0,,1735,0,0,,1735,
1644418277,B54,1,1,job757_scenario1_1730,1735,0,0,,1735,
1644418277,B51,1,0,,1735,0,0,,1735,
1644418277,os4,1,0,,1735,0,0,,1735,
1644418277,in4,1,0,,1735,0,0,,1735,
1644418277,B33,1,0,,1735,0,0,,1735,
1644418277,in27,1,0,,1736,0,0,,1736,
1644418277,B14,1,0,,1736,0,0,,1736,
1644418277,B11,1,0,,1736,0,0,,1736,
1644418277,cn12,1,0,,1736,0,0,,1736,
1644418277,B54,1,0,,1736,0,0,,1736,
1644418277,B51,1,0,,1736,0,0,,1736,
1644418277,os4,1,0,,1736,0,0,,1736,
1644418277,in4,1,0,,1736,0,0,,1736,
1644418277,B33,1,0,,1736,0,0,,1736,
1644418277,in27,1,0,,1737,0,0,,1737,
1644418277,B14,1,0,,1737,0,0,,1737,
1644418277,B11,1,0,,1737,0,0,,1737,
1644418277,cn12,1,0,,1737,0,0,,1737,
1644418277,B54,1,0,,1737,0,0,,1737,
1644418277,B51,1,0,,1737,0,0,,1737,
1644418277,os4,1,0,,1737,0,0,,1737,
1644418277,in4,1,0,,1737,0,0,,1737,
1644418277,B33,1,0,,1737,0,0,,1737,
1644418277,in27,1,0,,1738,0,0,,1738,
1644418277,B14,1,0,,1738,0,0,,1738,
1644418277,B11,1,0,,1738,0,0,,1738,
1644418277,cn12,1,0,,1738,0,0,,1738,
1644418277,B54,1,0,,1738,0,0,,1738,
1644418277,B51,1,0,,1738,0,0,,1738,
1644418277,os4,1,0,,1738,0,0,,1738,
1644418277,in4,1,0,,1738,0,0,,1738,
1644418277,B33,1,0,,1738,0,0,,1738,
1644418277,in27,1,0,,1739,0,0,,1739,
1644418277,B14,1,0,,1739,0,0,,1739,
1644418277,B11,1,0,,1739,0,0,,1739,
1644418277,cn12,1,0,,1739,0,0,,1739,
1644418277,B54,1,0,,1739,0,0,,1739,
1644418277,B51,1,0,,1739,0,0,,1739,
1644418277,os4,1,0,,1739,0,0,,1739,
1644418277,in4,1,0,,1739,0,0,,1739,
1644418277,B33,1,0,,1739,0,0,,1739,
1644418277,in27,1,0,,1740,0,0,,1740,
1644418277,B14,1,0,,1740,0,0,,1740,
1644418277,B11,1,0,,1740,0,0,,1740,
1644418277,cn12,1,0,,1740,0,0,,1740,
1644418277,B54,1,0,,1740,0,0,,1740,
1644418277,B51,1,0,,1740,0,0,,1740,
1644418277,os4,1,0,,1740,0,0,,1740,
1644418277,in4,1,0,,1740,0,0,,1740,
1644418278,B33,1,0,,1740,0,0,,1740,
1644418278,in27,1,0,,1741,0,0,,1741,
1644418278,B14,1,0,,1741,0,0,,1741,
1644418278,B11,1,0,,1741,0,0,,1741,
1644418278,cn12,1,0,,1741,0,0,,1741,
1644418278,B54,1,0,,1741,0,0,,1741,
1644418278,B51,1,0,,1741,0,0,,1741,
1644418278,os4,1,0,,1741,0,0,,1741,
1644418278,in4,1,0,,1741,0,0,,1741,
1644418278,B33,1,0,,1741,0,0,,1741,
1644418278,in27,1,0,,1742,0,0,,1742,
1644418278,B14,1,0,,1742,0,0,,1742,
1644418278,B11,1,0,,1742,0,0,,1742,
1644418278,cn12,1,0,,1742,0,0,,1742,
1644418278,B54,1,0,,1742,0,0,,1742,
1644418278,B51,1,0,,1742,0,0,,1742,
1644418278,os4,1,0,,1742,0,0,,1742,
1644418278,in4,1,0,,1742,0,0,,1742,
1644418278,B33,1,0,,1742,0,0,,1742,
1644418278,in27,1,0,,1743,0,0,,1743,
1644418278,B14,1,0,,1743,0,0,,1743,
1644418278,B11,1,0,,1743,0,0,,1743,
1644418278,cn12,1,0,,1743,0,0,,1743,
1644418278,B54,1,1,job760_scenario1_1741,1743,0,0,,1743,
1644418278,B51,1,0,,1743,0,0,,1743,
1644418278,os4,1,0,,1743,0,0,,1743,
1644418278,in4,1,0,,1743,0,0,,1743,
1644418278,B33,1,0,,1743,0,0,,1743,
1644418278,in27,1,0,,1744,0,0,,1744,
1644418278,B14,1,0,,1744,0,0,,1744,
1644418278,B11,1,0,,1744,0,0,,1744,
1644418278,cn12,1,0,,1744,0,0,,1744,
1644418278,B54,1,1,job760_scenario1_1741,1744,0,0,,1744,
1644418278,B51,1,0,,1744,0,0,,1744,
1644418278,os4,1,0,,1744,0,0,,1744,
1644418278,in4,1,0,,1744,0,0,,1744,
1644418278,B33,1,0,,1744,0,0,,1744,
1644418278,in27,1,0,,1745,0,0,,1745,
1644418278,B14,1,0,,1745,0,0,,1745,
1644418278,B11,1,0,,1745,0,0,,1745,
1644418278,cn12,1,0,,1745,0,0,,1745,
1644418278,B54,1,1,job760_scenario1_1741,1745,0,0,,1745,
1644418278,B51,1,0,,1745,0,0,,1745,
1644418278,os4,1,0,,1745,0,0,,1745,
1644418278,in4,1,0,,1745,0,0,,1745,
1644418278,B33,1,0,,1745,0,0,,1745,
1644418278,in27,1,0,,1746,0,0,,1746,
1644418278,B14,1,0,,1746,0,0,,1746,
1644418278,B11,1,0,,1746,0,0,,1746,
1644418278,cn12,1,0,,1746,0,0,,1746,
1644418278,B54,1,1,job760_scenario1_1741,1746,0,0,,1746,
1644418278,B51,1,0,,1746,0,0,,1746,
1644418278,os4,1,0,,1746,0,0,,1746,
1644418278,in4,1,0,,1746,0,0,,1746,
1644418278,B33,1,0,,1746,0,0,,1746,
1644418278,in27,1,0,,1747,0,0,,1747,
1644418278,B14,1,0,,1747,0,0,,1747,
1644418278,B11,1,0,,1747,0,0,,1747,
1644418278,cn12,1,0,,1747,0,0,,1747,
1644418278,B54,1,1,job760_scenario1_1741,1747,0,0,,1747,
1644418278,B51,1,0,,1747,0,0,,1747,
1644418278,os4,1,0,,1747,0,0,,1747,
1644418278,in4,1,0,,1747,0,0,,1747,
1644418278,B33,1,0,,1747,0,0,,1747,
1644418278,in27,1,0,,1748,0,0,,1748,
1644418278,B14,1,0,,1748,0,0,,1748,
1644418278,B11,1,0,,1748,0,0,,1748,
1644418278,cn12,1,0,,1748,0,0,,1748,
1644418278,B54,1,1,job760_scenario1_1741,1748,0,0,,1748,
1644418278,B51,1,0,,1748,0,0,,1748,
1644418278,os4,1,0,,1748,0,0,,1748,
1644418278,in4,1,0,,1748,0,0,,1748,
1644418278,B33,1,0,,1748,0,0,,1748,
1644418279,in27,1,0,,1749,0,0,,1749,
1644418279,B14,1,0,,1749,0,0,,1749,
1644418279,B11,1,0,,1749,0,0,,1749,
1644418279,cn12,1,0,,1749,0,0,,1749,
1644418279,B54,1,0,,1749,0,0,,1749,
1644418279,B51,1,0,,1749,0,0,,1749,
1644418279,os4,1,1,job762_scenario4_1746,1749,0,0,,1749,
1644418279,in4,1,0,,1749,0,0,,1749,
1644418279,B33,1,0,,1749,0,0,,1749,
1644418279,in27,1,0,,1750,0,0,,1750,
1644418279,B14,1,0,,1750,0,0,,1750,
1644418279,B11,1,0,,1750,0,0,,1750,
1644418279,cn12,1,0,,1750,0,0,,1750,
1644418279,B54,1,0,,1750,0,0,,1750,
1644418279,B51,1,0,,1750,0,0,,1750,
1644418279,os4,1,0,,1750,0,0,,1750,
1644418279,in4,1,0,,1750,0,0,,1750,
1644418279,B33,1,0,,1750,0,0,,1750,
1644418279,in27,1,0,,1751,0,0,,1751,
1644418279,B14,1,0,,1751,0,0,,1751,
1644418279,B11,1,0,,1751,0,0,,1751,
1644418279,cn12,1,0,,1751,0,0,,1751,
1644418279,B54,1,0,,1751,0,0,,1751,
1644418279,B51,1,0,,1751,0,0,,1751,
1644418279,os4,1,0,,1751,0,0,,1751,
1644418279,in4,1,0,,1751,0,0,,1751,
1644418279,B33,1,0,,1751,0,0,,1751,
1644418280,in27,1,0,,1752,0,0,,1752,
1644418280,B14,1,0,,1752,0,0,,1752,
1644418280,B11,1,0,,1752,0,0,,1752,
1644418280,cn12,1,0,,1752,0,0,,1752,
1644418280,B54,1,0,,1752,0,0,,1752,
1644418280,B51,1,0,,1752,0,0,,1752,
1644418280,os4,1,0,,1752,0,0,,1752,
1644418280,in4,1,0,,1752,0,0,,1752,
1644418280,B33,1,1,job764_scenario2_1751,1752,0,0,,1752,
1644418280,in27,1,0,,1753,0,0,,1753,
1644418280,B14,1,0,,1753,0,0,,1753,
1644418280,B11,1,0,,1753,0,0,,1753,
1644418280,cn12,1,0,,1753,0,0,,1753,
1644418280,B54,1,0,,1753,0,0,,1753,
1644418280,B51,1,0,,1753,0,0,,1753,
1644418280,os4,1,0,,1753,0,0,,1753,
1644418280,in4,1,0,,1753,0,0,,1753,
1644418280,B33,1,1,job764_scenario2_1751,1753,0,0,,1753,
1644418280,in27,1,0,,1754,0,0,,1754,
1644418280,B14,1,0,,1754,0,0,,1754,
1644418280,B11,1,0,,1754,0,0,,1754,
1644418280,cn12,1,0,,1754,0,0,,1754,
1644418281,B54,1,0,,1754,0,0,,1754,
1644418281,B51,1,0,,1754,0,0,,1754,
1644418281,os4,1,0,,1754,0,0,,1754,
1644418281,in4,1,0,,1754,0,0,,1754,
1644418281,B33,1,1,job764_scenario2_1751,1754,0,0,,1754,
1644418281,in27,1,0,,1755,0,0,,1755,
1644418281,B14,1,0,,1755,0,0,,1755,
1644418281,B11,1,0,,1755,0,0,,1755,
1644418281,cn12,1,0,,1755,0,0,,1755,
1644418281,B54,1,0,,1755,0,0,,1755,
1644418281,B51,1,0,,1755,0,0,,1755,
1644418281,os4,1,0,,1755,0,0,,1755,
1644418281,in4,1,0,,1755,0,0,,1755,
1644418281,B33,1,1,job764_scenario2_1751,1755,0,0,,1755,
1644418281,in27,1,0,,1756,0,0,,1756,
1644418281,B14,1,0,,1756,0,0,,1756,
1644418281,B11,1,0,,1756,0,0,,1756,
1644418281,cn12,1,0,,1756,0,0,,1756,
1644418281,B54,1,0,,1756,0,0,,1756,
1644418281,B51,1,0,,1756,0,0,,1756,
1644418281,os4,1,0,,1756,0,0,,1756,
1644418281,in4,1,0,,1756,0,0,,1756,
1644418281,B33,1,0,,1756,0,0,,1756,
1644418281,in27,1,0,,1757,0,0,,1757,
1644418281,B14,1,0,,1757,0,0,,1757,
1644418281,B11,1,0,,1757,0,0,,1757,
1644418281,cn12,1,0,,1757,0,0,,1757,
1644418281,B54,1,0,,1757,0,0,,1757,
1644418281,B51,1,0,,1757,0,0,,1757,
1644418281,os4,1,0,,1757,0,0,,1757,
1644418281,in4,1,0,,1757,0,0,,1757,
1644418281,B33,1,0,,1757,0,0,,1757,
1644418281,in27,1,0,,1758,0,0,,1758,
1644418281,B14,1,0,,1758,0,0,,1758,
1644418281,B11,1,0,,1758,0,0,,1758,
1644418281,cn12,1,0,,1758,0,0,,1758,
1644418281,B54,1,0,,1758,0,0,,1758,
1644418281,B51,1,0,,1758,0,0,,1758,
1644418281,os4,1,0,,1758,0,0,,1758,
1644418281,in4,1,0,,1758,0,0,,1758,
1644418281,B33,1,0,,1758,0,0,,1758,
1644418281,in27,1,0,,1759,0,0,,1759,
1644418281,B14,1,0,,1759,0,0,,1759,
1644418281,B11,1,0,,1759,0,0,,1759,
1644418281,cn12,1,0,,1759,0,0,,1759,
1644418281,B54,1,0,,1759,0,0,,1759,
1644418281,B51,1,0,,1759,0,0,,1759,
1644418281,os4,1,0,,1759,0,0,,1759,
1644418281,in4,1,0,,1759,0,0,,1759,
1644418281,B33,1,0,,1759,0,0,,1759,
1644418281,in27,1,0,,1760,0,0,,1760,
1644418281,B14,1,0,,1760,0,0,,1760,
1644418281,B11,1,0,,1760,0,0,,1760,
1644418281,cn12,1,0,,1760,0,0,,1760,
1644418281,B54,1,0,,1760,0,0,,1760,
1644418281,B51,1,0,,1760,0,0,,1760,
1644418281,os4,1,0,,1760,0,0,,1760,
1644418281,in4,1,0,,1760,0,0,,1760,
1644418281,B33,1,0,,1760,0,0,,1760,
1644418282,in27,1,0,,1761,0,0,,1761,
1644418282,B14,1,0,,1761,0,0,,1761,
1644418282,B11,1,0,,1761,0,0,,1761,
1644418282,cn12,1,0,,1761,0,0,,1761,
1644418282,B54,1,0,,1761,0,0,,1761,
1644418282,B51,1,0,,1761,0,0,,1761,
1644418282,os4,1,0,,1761,0,0,,1761,
1644418282,in4,1,0,,1761,0,0,,1761,
1644418282,B33,1,0,,1761,0,0,,1761,
1644418282,in27,1,0,,1762,0,0,,1762,
1644418282,B14,1,0,,1762,0,0,,1762,
1644418282,B11,1,0,,1762,0,0,,1762,
1644418282,cn12,1,0,,1762,0,0,,1762,
1644418282,B54,1,0,,1762,0,0,,1762,
1644418282,B51,1,0,,1762,0,0,,1762,
1644418282,os4,1,0,,1762,0,0,,1762,
1644418282,in4,1,0,,1762,0,0,,1762,
1644418282,B33,1,0,,1762,0,0,,1762,
1644418282,in27,1,0,,1763,0,0,,1763,
1644418282,B14,1,0,,1763,0,0,,1763,
1644418282,B11,1,0,,1763,0,0,,1763,
1644418282,cn12,1,0,,1763,0,0,,1763,
1644418282,B54,1,0,,1763,0,0,,1763,
1644418282,B51,1,0,,1763,0,0,,1763,
1644418282,os4,1,0,,1763,0,0,,1763,
1644418282,in4,1,0,,1763,0,0,,1763,
1644418282,B33,1,0,,1763,0,0,,1763,
1644418282,in27,1,0,,1764,0,0,,1764,
1644418282,B14,1,0,,1764,0,0,,1764,
1644418282,B11,1,0,,1764,0,0,,1764,
1644418282,cn12,1,0,,1764,0,0,,1764,
1644418282,B54,1,0,,1764,0,0,,1764,
1644418282,B51,1,0,,1764,0,0,,1764,
1644418282,os4,1,0,,1764,0,0,,1764,
1644418282,in4,1,0,,1764,0,0,,1764,
1644418282,B33,1,0,,1764,0,0,,1764,
1644418282,in27,1,0,,1765,0,0,,1765,
1644418282,B14,1,0,,1765,0,0,,1765,
1644418282,B11,1,0,,1765,0,0,,1765,
1644418282,cn12,1,0,,1765,0,0,,1765,
1644418282,B54,1,0,,1765,0,0,,1765,
1644418282,B51,1,0,,1765,0,0,,1765,
1644418282,os4,1,0,,1765,0,0,,1765,
1644418282,in4,1,0,,1765,0,0,,1765,
1644418282,B33,1,0,,1765,0,0,,1765,
1644418282,in27,1,0,,1766,0,0,,1766,
1644418282,B14,1,0,,1766,0,0,,1766,
1644418282,B11,1,0,,1766,0,0,,1766,
1644418282,cn12,1,0,,1766,0,0,,1766,
1644418282,B54,1,0,,1766,0,0,,1766,
1644418282,B51,1,0,,1766,0,0,,1766,
1644418282,os4,1,0,,1766,0,0,,1766,
1644418282,in4,1,0,,1766,0,0,,1766,
1644418282,B33,1,0,,1766,0,0,,1766,
1644418282,in27,1,0,,1767,0,0,,1767,
1644418282,B14,1,0,,1767,0,0,,1767,
1644418282,B11,1,0,,1767,0,0,,1767,
1644418282,cn12,1,0,,1767,0,0,,1767,
1644418282,B54,1,0,,1767,0,0,,1767,
1644418282,B51,1,0,,1767,0,0,,1767,
1644418282,os4,1,0,,1767,0,0,,1767,
1644418282,in4,1,0,,1767,0,0,,1767,
1644418282,B33,1,0,,1767,0,0,,1767,
1644418282,in27,1,0,,1768,0,0,,1768,
1644418282,B14,1,0,,1768,0,0,,1768,
1644418282,B11,1,0,,1768,0,0,,1768,
1644418282,cn12,1,0,,1768,0,0,,1768,
1644418282,B54,1,0,,1768,0,0,,1768,
1644418282,B51,1,0,,1768,0,0,,1768,
1644418282,os4,1,0,,1768,0,0,,1768,
1644418282,in4,1,0,,1768,0,0,,1768,
1644418283,B33,1,0,,1768,0,0,,1768,
1644418283,in27,1,0,,1769,0,0,,1769,
1644418283,B14,1,0,,1769,0,0,,1769,
1644418283,B11,1,0,,1769,0,0,,1769,
1644418283,cn12,1,0,,1769,0,0,,1769,
1644418283,B54,1,0,,1769,0,0,,1769,
1644418283,B51,1,0,,1769,0,0,,1769,
1644418283,os4,1,0,,1769,0,0,,1769,
1644418283,in4,1,0,,1769,0,0,,1769,
1644418283,B33,1,0,,1769,0,0,,1769,
1644418283,in27,1,0,,1770,0,0,,1770,
1644418283,B14,1,0,,1770,0,0,,1770,
1644418283,B11,1,0,,1770,0,0,,1770,
1644418283,cn12,1,0,,1770,0,0,,1770,
1644418283,B54,1,0,,1770,0,0,,1770,
1644418283,B51,1,0,,1770,0,0,,1770,
1644418283,os4,1,0,,1770,0,0,,1770,
1644418283,in4,1,0,,1770,0,0,,1770,
1644418283,B33,1,0,,1770,0,0,,1770,
1644418283,in27,1,0,,1771,0,0,,1771,
1644418283,B14,1,0,,1771,0,0,,1771,
1644418283,B11,1,0,,1771,0,0,,1771,
1644418283,cn12,1,0,,1771,0,0,,1771,
1644418283,B54,1,0,,1771,0,0,,1771,
1644418283,B51,1,0,,1771,0,0,,1771,
1644418283,os4,1,0,,1771,0,0,,1771,
1644418283,in4,1,0,,1771,0,0,,1771,
1644418283,B33,1,0,,1771,0,0,,1771,
1644418283,in27,1,0,,1772,0,0,,1772,
1644418283,B14,1,0,,1772,0,0,,1772,
1644418283,B11,1,0,,1772,0,0,,1772,
1644418283,cn12,1,0,,1772,0,0,,1772,
1644418283,B54,1,0,,1772,0,0,,1772,
1644418283,B51,1,0,,1772,0,0,,1772,
1644418283,os4,1,0,,1772,0,0,,1772,
1644418283,in4,1,0,,1772,0,0,,1772,
1644418283,B33,1,0,,1772,0,0,,1772,
1644418284,in27,1,0,,1773,0,0,,1773,
1644418284,B14,1,0,,1773,0,0,,1773,
1644418284,B11,1,0,,1773,0,0,,1773,
1644418284,cn12,1,0,,1773,0,0,,1773,
1644418284,B54,1,1,job758_scenario1_1732,1773,0,0,,1773,
1644418284,B51,1,0,,1773,0,0,,1773,
1644418284,os4,1,0,,1773,0,0,,1773,
1644418284,in4,1,0,,1773,0,0,,1773,
1644418284,B33,1,0,,1773,0,0,,1773,
1644418284,in27,1,0,,1774,0,0,,1774,
1644418284,B14,1,0,,1774,0,0,,1774,
1644418284,B11,1,0,,1774,0,0,,1774,
1644418284,cn12,1,0,,1774,0,0,,1774,
1644418284,B54,1,1,job758_scenario1_1732,1774,0,0,,1774,
1644418284,B51,1,0,,1774,0,0,,1774,
1644418284,os4,1,0,,1774,0,0,,1774,
1644418284,in4,1,0,,1774,0,0,,1774,
1644418284,B33,1,0,,1774,0,0,,1774,
1644418284,in27,1,0,,1775,0,0,,1775,
1644418284,B14,1,0,,1775,0,0,,1775,
1644418284,B11,1,0,,1775,0,0,,1775,
1644418284,cn12,1,0,,1775,0,0,,1775,
1644418284,B54,1,1,job758_scenario1_1732,1775,0,0,,1775,
1644418284,B51,1,0,,1775,0,0,,1775,
1644418284,os4,1,0,,1775,0,0,,1775,
1644418284,in4,1,0,,1775,0,0,,1775,
1644418284,B33,1,0,,1775,0,0,,1775,
1644418284,in27,1,0,,1776,0,0,,1776,
1644418284,B14,1,0,,1776,0,0,,1776,
1644418284,B11,1,0,,1776,0,0,,1776,
1644418284,cn12,1,0,,1776,0,0,,1776,
1644418284,B54,1,1,job758_scenario1_1732,1776,0,0,,1776,
1644418284,B51,1,0,,1776,0,0,,1776,
1644418284,os4,1,0,,1776,0,0,,1776,
1644418284,in4,1,0,,1776,0,0,,1776,
1644418284,B33,1,0,,1776,0,0,,1776,
1644418284,in27,1,0,,1777,0,0,,1777,
1644418284,B14,1,0,,1777,0,0,,1777,
1644418284,B11,1,0,,1777,0,0,,1777,
1644418284,cn12,1,0,,1777,0,0,,1777,
1644418284,B54,1,1,job758_scenario1_1732,1777,0,0,,1777,
1644418284,B51,1,0,,1777,0,0,,1777,
1644418284,os4,1,0,,1777,0,0,,1777,
1644418284,in4,1,0,,1777,0,0,,1777,
1644418284,B33,1,0,,1777,0,0,,1777,
1644418284,in27,1,0,,1778,0,0,,1778,
1644418284,B14,1,0,,1778,0,0,,1778,
1644418284,B11,1,0,,1778,0,0,,1778,
1644418284,cn12,1,0,,1778,0,0,,1778,
1644418284,B54,1,1,job758_scenario1_1732,1778,0,0,,1778,
1644418284,B51,1,0,,1778,0,0,,1778,
1644418284,os4,1,0,,1778,0,0,,1778,
1644418284,in4,1,0,,1778,0,0,,1778,
1644418284,B33,1,0,,1778,0,0,,1778,
1644418284,in27,1,0,,1779,0,0,,1779,
1644418284,B14,1,0,,1779,0,0,,1779,
1644418284,B11,1,0,,1779,0,0,,1779,
1644418284,cn12,1,0,,1779,0,0,,1779,
1644418284,B54,1,1,job758_scenario1_1732,1779,0,0,,1779,
1644418284,B51,1,0,,1779,0,0,,1779,
1644418284,os4,1,0,,1779,0,0,,1779,
1644418284,in4,1,0,,1779,0,0,,1779,
1644418284,B33,1,0,,1779,0,0,,1779,
1644418284,in27,1,0,,1780,0,0,,1780,
1644418284,B14,1,0,,1780,0,0,,1780,
1644418284,B11,1,0,,1780,0,0,,1780,
1644418284,cn12,1,0,,1780,0,0,,1780,
1644418284,B54,1,0,,1780,0,0,,1780,
1644418284,B51,1,0,,1780,0,0,,1780,
1644418284,os4,1,0,,1780,0,0,,1780,
1644418284,in4,1,0,,1780,0,0,,1780,
1644418284,B33,1,0,,1780,0,0,,1780,
1644418284,in27,1,0,,1781,0,0,,1781,
1644418284,B14,1,0,,1781,0,0,,1781,
1644418284,B11,1,0,,1781,0,0,,1781,
1644418284,cn12,1,0,,1781,0,0,,1781,
1644418284,B54,1,0,,1781,0,0,,1781,
1644418284,B51,1,0,,1781,0,0,,1781,
1644418284,os4,1,0,,1781,0,0,,1781,
1644418284,in4,1,0,,1781,0,0,,1781,
1644418284,B33,1,0,,1781,0,0,,1781,
1644418284,in27,1,0,,1782,0,0,,1782,
1644418284,B14,1,0,,1782,0,0,,1782,
1644418284,B11,1,0,,1782,0,0,,1782,
1644418284,cn12,1,0,,1782,0,0,,1782,
1644418284,B54,1,0,,1782,0,0,,1782,
1644418284,B51,1,0,,1782,0,0,,1782,
1644418284,os4,1,0,,1782,0,0,,1782,
1644418284,in4,1,0,,1782,0,0,,1782,
1644418284,B33,1,0,,1782,0,0,,1782,
1644418284,in27,1,0,,1783,0,0,,1783,
1644418284,B14,1,0,,1783,0,0,,1783,
1644418284,B11,1,0,,1783,0,0,,1783,
1644418284,cn12,1,0,,1783,0,0,,1783,
1644418284,B54,1,0,,1783,0,0,,1783,
1644418284,B51,1,0,,1783,0,0,,1783,
1644418284,os4,1,0,,1783,0,0,,1783,
1644418284,in4,1,0,,1783,0,0,,1783,
1644418284,B33,1,0,,1783,0,0,,1783,
1644418284,in27,1,0,,1784,0,0,,1784,
1644418284,B14,1,0,,1784,0,0,,1784,
1644418284,B11,1,0,,1784,0,0,,1784,
1644418285,cn12,1,0,,1784,0,0,,1784,
1644418285,B54,1,0,,1784,0,0,,1784,
1644418285,B51,1,0,,1784,0,0,,1784,
1644418285,os4,1,0,,1784,0,0,,1784,
1644418285,in4,1,0,,1784,0,0,,1784,
1644418285,B33,1,0,,1784,0,0,,1784,
1644418285,in27,1,0,,1785,0,0,,1785,
1644418285,B14,1,0,,1785,0,0,,1785,
1644418285,B11,1,0,,1785,0,0,,1785,
1644418285,cn12,1,0,,1785,0,0,,1785,
1644418285,B54,1,1,job769_scenario1_1783,1785,0,0,,1785,
1644418285,B51,1,0,,1785,0,0,,1785,
1644418285,os4,1,0,,1785,0,0,,1785,
1644418285,in4,1,0,,1785,0,0,,1785,
1644418285,B33,1,0,,1785,0,0,,1785,
1644418285,in27,1,0,,1786,0,0,,1786,
1644418285,B14,1,0,,1786,0,0,,1786,
1644418285,B11,1,0,,1786,0,0,,1786,
1644418285,cn12,1,0,,1786,0,0,,1786,
1644418285,B54,1,1,job769_scenario1_1783,1786,0,0,,1786,
1644418285,B51,1,0,,1786,0,0,,1786,
1644418285,os4,1,0,,1786,0,0,,1786,
1644418285,in4,1,0,,1786,0,0,,1786,
1644418285,B33,1,0,,1786,0,0,,1786,
1644418286,in27,1,0,,1787,0,0,,1787,
1644418286,B14,1,0,,1787,0,0,,1787,
1644418286,B11,1,0,,1787,0,0,,1787,
1644418286,cn12,1,0,,1787,0,0,,1787,
1644418286,B54,1,1,job769_scenario1_1783,1787,0,0,,1787,
1644418286,B51,1,0,,1787,0,0,,1787,
1644418286,os4,1,0,,1787,0,0,,1787,
1644418286,in4,1,0,,1787,0,0,,1787,
1644418286,B33,1,0,,1787,0,0,,1787,
1644418286,in27,1,0,,1788,0,0,,1788,
1644418286,B14,1,0,,1788,0,0,,1788,
1644418286,B11,1,0,,1788,0,0,,1788,
1644418286,cn12,1,0,,1788,0,0,,1788,
1644418286,B54,1,1,job769_scenario1_1783,1788,0,0,,1788,
1644418286,B51,1,0,,1788,0,0,,1788,
1644418286,os4,1,0,,1788,0,0,,1788,
1644418286,in4,1,0,,1788,0,0,,1788,
1644418286,B33,1,0,,1788,0,0,,1788,
1644418286,in27,1,0,,1789,0,0,,1789,
1644418286,B14,1,0,,1789,0,0,,1789,
1644418286,B11,1,0,,1789,0,0,,1789,
1644418286,cn12,1,0,,1789,0,0,,1789,
1644418286,B54,1,1,job769_scenario1_1783,1789,0,0,,1789,
1644418286,B51,1,0,,1789,0,0,,1789,
1644418286,os4,1,0,,1789,0,0,,1789,
1644418286,in4,1,0,,1789,0,0,,1789,
1644418286,B33,1,0,,1789,0,0,,1789,
1644418286,in27,1,0,,1790,0,0,,1790,
1644418286,B14,1,0,,1790,0,0,,1790,
1644418286,B11,1,0,,1790,0,0,,1790,
1644418286,cn12,1,0,,1790,0,0,,1790,
1644418286,B54,1,1,job769_scenario1_1783,1790,0,0,,1790,
1644418286,B51,1,0,,1790,0,0,,1790,
1644418286,os4,1,0,,1790,0,0,,1790,
1644418286,in4,1,0,,1790,0,0,,1790,
1644418286,B33,1,0,,1790,0,0,,1790,
1644418286,in27,1,0,,1791,0,0,,1791,
1644418286,B14,1,0,,1791,0,0,,1791,
1644418286,B11,1,0,,1791,0,0,,1791,
1644418286,cn12,1,0,,1791,0,0,,1791,
1644418286,B54,1,0,,1791,0,0,,1791,
1644418286,B51,1,0,,1791,0,0,,1791,
1644418286,os4,1,0,,1791,0,0,,1791,
1644418286,in4,1,0,,1791,0,0,,1791,
1644418286,B33,1,0,,1791,0,0,,1791,
1644418287,in27,1,0,,1792,0,0,,1792,
1644418287,B14,1,0,,1792,0,0,,1792,
1644418287,B11,1,0,,1792,0,0,,1792,
1644418287,cn12,1,0,,1792,0,0,,1792,
1644418287,B54,1,1,job771_scenario1_1790,1792,0,0,,1792,
1644418287,B51,1,0,,1792,0,0,,1792,
1644418287,os4,1,0,,1792,0,0,,1792,
1644418287,in4,1,0,,1792,0,0,,1792,
1644418287,B33,1,1,job772_scenario2_1791,1792,0,0,,1792,
1644418287,in27,1,0,,1793,0,0,,1793,
1644418287,B14,1,0,,1793,0,0,,1793,
1644418287,B11,1,0,,1793,0,0,,1793,
1644418287,cn12,1,0,,1793,0,0,,1793,
1644418287,B54,1,1,job771_scenario1_1790,1793,0,0,,1793,
1644418287,B51,1,0,,1793,0,0,,1793,
1644418287,os4,1,0,,1793,0,0,,1793,
1644418287,in4,1,0,,1793,0,0,,1793,
1644418287,B33,1,1,job772_scenario2_1791,1793,0,0,,1793,
1644418287,in27,1,0,,1794,0,0,,1794,
1644418287,B14,1,0,,1794,0,0,,1794,
1644418287,B11,1,0,,1794,0,0,,1794,
1644418287,cn12,1,0,,1794,0,0,,1794,
1644418287,B54,1,1,job771_scenario1_1790,1794,0,0,,1794,
1644418287,B51,1,0,,1794,0,0,,1794,
1644418287,os4,1,0,,1794,0,0,,1794,
1644418287,in4,1,0,,1794,0,0,,1794,
1644418287,B33,1,1,job772_scenario2_1791,1794,0,0,,1794,
1644418287,in27,1,0,,1795,0,0,,1795,
1644418287,B14,1,0,,1795,0,0,,1795,
1644418287,B11,1,0,,1795,0,0,,1795,
1644418287,cn12,1,0,,1795,0,0,,1795,
1644418287,B54,1,1,job771_scenario1_1790,1795,0,0,,1795,
1644418287,B51,1,0,,1795,0,0,,1795,
1644418287,os4,1,0,,1795,0,0,,1795,
1644418287,in4,1,0,,1795,0,0,,1795,
1644418287,B33,1,0,,1795,0,0,,1795,
1644418287,in27,1,0,,1796,0,0,,1796,
1644418287,B14,1,0,,1796,0,0,,1796,
1644418287,B11,1,0,,1796,0,0,,1796,
1644418287,cn12,1,0,,1796,0,0,,1796,
1644418287,B54,1,0,,1796,0,0,,1796,
1644418287,B51,1,0,,1796,0,0,,1796,
1644418287,os4,1,0,,1796,0,0,,1796,
1644418287,in4,1,0,,1796,0,0,,1796,
1644418287,B33,1,0,,1796,0,0,,1796,
1644418287,in27,1,0,,1797,0,0,,1797,
1644418287,B14,1,0,,1797,0,0,,1797,
1644418287,B11,1,0,,1797,0,0,,1797,
1644418287,cn12,1,0,,1797,0,0,,1797,
1644418287,B54,1,0,,1797,0,0,,1797,
1644418287,B51,1,0,,1797,0,0,,1797,
1644418287,os4,1,0,,1797,0,0,,1797,
1644418287,in4,1,0,,1797,0,0,,1797,
1644418287,B33,1,0,,1797,0,0,,1797,
1644418288,in27,1,0,,1798,0,0,,1798,
1644418288,B14,1,0,,1798,0,0,,1798,
1644418288,B11,1,0,,1798,0,0,,1798,
1644418288,cn12,1,0,,1798,0,0,,1798,
1644418288,B54,1,1,job773_scenario0_1797,1798,0,0,,1798,
1644418288,B51,1,0,,1798,0,0,,1798,
1644418288,os4,1,0,,1798,0,0,,1798,
1644418288,in4,1,0,,1798,0,0,,1798,
1644418288,B33,1,0,,1798,0,0,,1798,
1644418288,in27,1,0,,1799,0,0,,1799,
1644418288,B14,1,0,,1799,0,0,,1799,
1644418288,B11,1,0,,1799,0,0,,1799,
1644418288,cn12,1,0,,1799,0,0,,1799,
1644418288,B54,1,1,job773_scenario0_1797,1799,0,0,,1799,
1644418288,B51,1,0,,1799,0,0,,1799,
1644418288,os4,1,0,,1799,0,0,,1799,
1644418288,in4,1,0,,1799,0,0,,1799,
1644418288,B33,1,0,,1799,0,0,,1799,
1644418288,in27,1,0,,1800,0,0,,1800,
1644418288,B14,1,0,,1800,0,0,,1800,
1644418288,B11,1,0,,1800,0,0,,1800,
1644418288,cn12,1,0,,1800,0,0,,1800,
1644418288,B54,1,1,job773_scenario0_1797,1800,0,0,,1800,
1644418288,B51,1,0,,1800,0,0,,1800,
1644418288,os4,1,0,,1800,0,0,,1800,
1644418288,in4,1,0,,1800,0,0,,1800,
1644418288,B33,1,0,,1800,0,0,,1800,
1644418288,in27,1,0,,1801,0,0,,1801,
1644418288,B14,1,0,,1801,0,0,,1801,
1644418288,B11,1,0,,1801,0,0,,1801,
1644418288,cn12,1,0,,1801,0,0,,1801,
1644418288,B54,1,1,job773_scenario0_1797,1801,0,0,,1801,
1644418288,B51,1,0,,1801,0,0,,1801,
1644418288,os4,1,0,,1801,0,0,,1801,
1644418288,in4,1,0,,1801,0,0,,1801,
1644418288,B33,1,0,,1801,0,0,,1801,
1644418289,in27,1,0,,1802,0,0,,1802,
1644418289,B14,1,0,,1802,0,0,,1802,
1644418289,B11,1,0,,1802,0,0,,1802,
1644418289,cn12,1,0,,1802,0,0,,1802,
1644418289,B54,1,1,job773_scenario0_1797,1802,0,0,,1802,
1644418289,B51,1,0,,1802,0,0,,1802,
1644418289,os4,1,0,,1802,0,0,,1802,
1644418289,in4,1,0,,1802,0,0,,1802,
1644418289,B33,1,0,,1802,0,0,,1802,
1644418289,in27,1,0,,1803,0,0,,1803,
1644418289,B14,1,0,,1803,0,0,,1803,
1644418289,B11,1,0,,1803,0,0,,1803,
1644418289,cn12,1,0,,1803,0,0,,1803,
1644418289,B54,1,1,job773_scenario0_1797,1803,0,0,,1803,
1644418289,B51,1,0,,1803,0,0,,1803,
1644418289,os4,1,0,,1803,0,0,,1803,
1644418289,in4,1,0,,1803,0,0,,1803,
1644418289,B33,1,0,,1803,0,0,,1803,
1644418289,in27,1,0,,1804,0,0,,1804,
1644418289,B14,1,0,,1804,0,0,,1804,
1644418289,B11,1,0,,1804,0,0,,1804,
1644418289,cn12,1,0,,1804,0,0,,1804,
1644418289,B54,1,1,job773_scenario0_1797,1804,0,0,,1804,
1644418289,B51,1,0,,1804,0,0,,1804,
1644418289,os4,1,0,,1804,0,0,,1804,
1644418289,in4,1,0,,1804,0,0,,1804,
1644418289,B33,1,0,,1804,0,0,,1804,
1644418289,in27,1,0,,1805,0,0,,1805,
1644418289,B14,1,0,,1805,0,0,,1805,
1644418289,B11,1,0,,1805,0,0,,1805,
1644418289,cn12,1,0,,1805,0,0,,1805,
1644418289,B54,1,1,job773_scenario0_1797,1805,0,0,,1805,
1644418289,B51,1,0,,1805,0,0,,1805,
1644418289,os4,1,0,,1805,0,0,,1805,
1644418289,in4,1,0,,1805,0,0,,1805,
1644418289,B33,1,0,,1805,0,0,,1805,
1644418289,in27,1,0,,1806,0,0,,1806,
1644418289,B14,1,0,,1806,0,0,,1806,
1644418289,B11,1,0,,1806,0,0,,1806,
1644418289,cn12,1,0,,1806,0,0,,1806,
1644418289,B54,1,1,job773_scenario0_1797,1806,0,0,,1806,
1644418289,B51,1,0,,1806,0,0,,1806,
1644418289,os4,1,0,,1806,0,0,,1806,
1644418289,in4,1,0,,1806,0,0,,1806,
1644418289,B33,1,0,,1806,0,0,,1806,
1644418289,in27,1,0,,1807,0,0,,1807,
1644418289,B14,1,0,,1807,0,0,,1807,
1644418289,B11,1,0,,1807,0,0,,1807,
1644418289,cn12,1,0,,1807,0,0,,1807,
1644418289,B54,1,1,job773_scenario0_1797,1807,0,0,,1807,
1644418289,B51,1,0,,1807,0,0,,1807,
1644418289,os4,1,0,,1807,0,0,,1807,
1644418289,in4,1,0,,1807,0,0,,1807,
1644418289,B33,1,0,,1807,0,0,,1807,
1644418289,in27,1,0,,1808,0,0,,1808,
1644418290,B14,1,0,,1808,0,0,,1808,
1644418290,B11,1,0,,1808,0,0,,1808,
1644418290,cn12,1,0,,1808,0,0,,1808,
1644418290,B54,1,1,job773_scenario0_1797,1808,0,0,,1808,
1644418290,B51,1,0,,1808,0,0,,1808,
1644418290,os4,1,0,,1808,0,0,,1808,
1644418290,in4,1,0,,1808,0,0,,1808,
1644418290,B33,1,0,,1808,0,0,,1808,
1644418290,in27,1,0,,1809,0,0,,1809,
1644418290,B14,1,0,,1809,0,0,,1809,
1644418290,B11,1,0,,1809,0,0,,1809,
1644418290,cn12,1,0,,1809,0,0,,1809,
1644418290,B54,1,0,,1809,0,0,,1809,
1644418290,B51,1,0,,1809,0,0,,1809,
1644418290,os4,1,0,,1809,0,0,,1809,
1644418290,in4,1,0,,1809,0,0,,1809,
1644418290,B33,1,0,,1809,0,0,,1809,
1644418290,in27,1,0,,1810,0,0,,1810,
1644418290,B14,1,0,,1810,0,0,,1810,
1644418290,B11,1,0,,1810,0,0,,1810,
1644418290,cn12,1,0,,1810,0,0,,1810,
1644418290,B54,1,0,,1810,0,0,,1810,
1644418290,B51,1,0,,1810,0,0,,1810,
1644418290,os4,1,0,,1810,0,0,,1810,
1644418290,in4,1,0,,1810,0,0,,1810,
1644418290,B33,1,0,,1810,0,0,,1810,
1644418290,in27,1,0,,1811,0,0,,1811,
1644418290,B14,1,0,,1811,0,0,,1811,
1644418290,B11,1,0,,1811,0,0,,1811,
1644418290,cn12,1,0,,1811,0,0,,1811,
1644418290,B54,1,0,,1811,0,0,,1811,
1644418290,B51,1,0,,1811,0,0,,1811,
1644418290,os4,1,0,,1811,0,0,,1811,
1644418290,in4,1,0,,1811,0,0,,1811,
1644418290,B33,1,0,,1811,0,0,,1811,
1644418290,in27,1,0,,1812,0,0,,1812,
1644418290,B14,1,0,,1812,0,0,,1812,
1644418290,B11,1,0,,1812,0,0,,1812,
1644418290,cn12,1,0,,1812,0,0,,1812,
1644418290,B54,1,0,,1812,0,0,,1812,
1644418290,B51,1,0,,1812,0,0,,1812,
1644418290,os4,1,0,,1812,0,0,,1812,
1644418290,in4,1,0,,1812,0,0,,1812,
1644418290,B33,1,0,,1812,0,0,,1812,
1644418290,in27,1,0,,1813,0,0,,1813,
1644418290,B14,1,0,,1813,0,0,,1813,
1644418290,B11,1,0,,1813,0,0,,1813,
1644418290,cn12,1,0,,1813,0,0,,1813,
1644418290,B54,1,0,,1813,0,0,,1813,
1644418290,B51,1,0,,1813,0,0,,1813,
1644418290,os4,1,0,,1813,0,0,,1813,
1644418290,in4,1,0,,1813,0,0,,1813,
1644418290,B33,1,0,,1813,0,0,,1813,
1644418291,in27,1,0,,1814,0,0,,1814,
1644418291,B14,1,0,,1814,0,0,,1814,
1644418291,B11,1,0,,1814,0,0,,1814,
1644418291,cn12,1,0,,1814,0,0,,1814,
1644418291,B54,1,0,,1814,0,0,,1814,
1644418291,B51,1,0,,1814,0,0,,1814,
1644418291,os4,1,0,,1814,0,0,,1814,
1644418291,in4,1,0,,1814,0,0,,1814,
1644418291,B33,1,0,,1814,0,0,,1814,
1644418291,in27,1,0,,1815,0,0,,1815,
1644418291,B14,1,0,,1815,0,0,,1815,
1644418291,B11,1,0,,1815,0,0,,1815,
1644418291,cn12,1,0,,1815,0,0,,1815,
1644418291,B54,1,0,,1815,0,0,,1815,
1644418291,B51,1,0,,1815,0,0,,1815,
1644418291,os4,1,0,,1815,0,0,,1815,
1644418291,in4,1,0,,1815,0,0,,1815,
1644418291,B33,1,0,,1815,0,0,,1815,
1644418291,in27,1,0,,1816,0,0,,1816,
1644418291,B14,1,0,,1816,0,0,,1816,
1644418291,B11,1,0,,1816,0,0,,1816,
1644418291,cn12,1,0,,1816,0,0,,1816,
1644418291,B54,1,0,,1816,0,0,,1816,
1644418291,B51,1,0,,1816,0,0,,1816,
1644418291,os4,1,0,,1816,0,0,,1816,
1644418291,in4,1,0,,1816,0,0,,1816,
1644418291,B33,1,0,,1816,0,0,,1816,
1644418291,in27,1,0,,1817,0,0,,1817,
1644418291,B14,1,0,,1817,0,0,,1817,
1644418291,B11,1,0,,1817,0,0,,1817,
1644418291,cn12,1,0,,1817,0,0,,1817,
1644418291,B54,1,0,,1817,0,0,,1817,
1644418291,B51,1,0,,1817,0,0,,1817,
1644418291,os4,1,0,,1817,0,0,,1817,
1644418291,in4,1,0,,1817,0,0,,1817,
1644418291,B33,1,0,,1817,0,0,,1817,
1644418291,in27,1,0,,1818,0,0,,1818,
1644418291,B14,1,0,,1818,0,0,,1818,
1644418291,B11,1,0,,1818,0,0,,1818,
1644418291,cn12,1,0,,1818,0,0,,1818,
1644418291,B54,1,0,,1818,0,0,,1818,
1644418291,B51,1,0,,1818,0,0,,1818,
1644418291,os4,1,0,,1818,0,0,,1818,
1644418291,in4,1,0,,1818,0,0,,1818,
1644418291,B33,1,0,,1818,0,0,,1818,
1644418292,in27,1,0,,1819,0,0,,1819,
1644418292,B14,1,0,,1819,0,0,,1819,
1644418292,B11,1,0,,1819,0,0,,1819,
1644418292,cn12,1,0,,1819,0,0,,1819,
1644418292,B54,1,1,job779_scenario1_1817,1819,0,0,,1819,
1644418292,B51,1,0,,1819,0,0,,1819,
1644418292,os4,1,0,,1819,0,0,,1819,
1644418292,in4,1,0,,1819,0,0,,1819,
1644418292,B33,1,0,,1819,0,0,,1819,
1644418293,in27,1,0,,1820,0,0,,1820,
1644418293,B14,1,0,,1820,0,0,,1820,
1644418293,B11,1,0,,1820,0,0,,1820,
1644418293,cn12,1,0,,1820,0,0,,1820,
1644418293,B54,1,1,job779_scenario1_1817,1820,0,0,,1820,
1644418293,B51,1,0,,1820,0,0,,1820,
1644418293,os4,1,0,,1820,0,0,,1820,
1644418293,in4,1,0,,1820,0,0,,1820,
1644418293,B33,1,0,,1820,0,0,,1820,
1644418293,in27,1,0,,1821,0,0,,1821,
1644418293,B14,1,0,,1821,0,0,,1821,
1644418293,B11,1,0,,1821,0,0,,1821,
1644418293,cn12,1,0,,1821,0,0,,1821,
1644418293,B54,1,1,job779_scenario1_1817,1821,0,0,,1821,
1644418293,B51,1,0,,1821,0,0,,1821,
1644418293,os4,1,0,,1821,0,0,,1821,
1644418293,in4,1,0,,1821,0,0,,1821,
1644418293,B33,1,0,,1821,0,0,,1821,
1644418293,in27,1,0,,1822,0,0,,1822,
1644418293,B14,1,0,,1822,0,0,,1822,
1644418293,B11,1,0,,1822,0,0,,1822,
1644418293,cn12,1,0,,1822,0,0,,1822,
1644418293,B54,1,0,,1822,0,0,,1822,
1644418293,B51,1,0,,1822,0,0,,1822,
1644418293,os4,1,0,,1822,0,0,,1822,
1644418293,in4,1,0,,1822,0,0,,1822,
1644418293,B33,1,0,,1822,0,0,,1822,
1644418293,in27,1,0,,1823,0,0,,1823,
1644418293,B14,1,0,,1823,0,0,,1823,
1644418293,B11,1,0,,1823,0,0,,1823,
1644418293,cn12,1,0,,1823,0,0,,1823,
1644418293,B54,1,0,,1823,0,0,,1823,
1644418293,B51,1,0,,1823,0,0,,1823,
1644418293,os4,1,0,,1823,0,0,,1823,
1644418293,in4,1,0,,1823,0,0,,1823,
1644418293,B33,1,0,,1823,0,0,,1823,
1644418293,in27,1,0,,1824,0,0,,1824,
1644418293,B14,1,0,,1824,0,0,,1824,
1644418293,B11,1,0,,1824,0,0,,1824,
1644418293,cn12,1,0,,1824,0,0,,1824,
1644418293,B54,1,0,,1824,0,0,,1824,
1644418293,B51,1,0,,1824,0,0,,1824,
1644418293,os4,1,0,,1824,0,0,,1824,
1644418293,in4,1,0,,1824,0,0,,1824,
1644418293,B33,1,0,,1824,0,0,,1824,
1644418293,in27,1,0,,1825,0,0,,1825,
1644418293,B14,1,0,,1825,0,0,,1825,
1644418293,B11,1,0,,1825,0,0,,1825,
1644418293,cn12,1,0,,1825,0,0,,1825,
1644418293,B54,1,0,,1825,0,0,,1825,
1644418293,B51,1,0,,1825,0,0,,1825,
1644418293,os4,1,0,,1825,0,0,,1825,
1644418293,in4,1,0,,1825,0,0,,1825,
1644418293,B33,1,0,,1825,0,0,,1825,
1644418294,in27,1,0,,1826,0,0,,1826,
1644418294,B14,1,0,,1826,0,0,,1826,
1644418294,B11,1,1,job782_scenario3_1823,1826,0,0,,1826,
1644418294,cn12,1,0,,1826,0,0,,1826,
1644418294,B54,1,0,,1826,0,0,,1826,
1644418294,B51,1,0,,1826,0,0,,1826,
1644418294,os4,1,0,,1826,0,0,,1826,
1644418294,in4,1,0,,1826,0,0,,1826,
1644418294,B33,1,0,,1826,0,0,,1826,
1644418294,in27,1,0,,1827,0,0,,1827,
1644418294,B14,1,0,,1827,0,0,,1827,
1644418294,B11,1,1,job782_scenario3_1823,1827,0,0,,1827,
1644418294,cn12,1,0,,1827,0,0,,1827,
1644418294,B54,1,0,,1827,0,0,,1827,
1644418294,B51,1,0,,1827,0,0,,1827,
1644418294,os4,1,0,,1827,0,0,,1827,
1644418294,in4,1,0,,1827,0,0,,1827,
1644418294,B33,1,0,,1827,0,0,,1827,
1644418294,in27,1,0,,1828,0,0,,1828,
1644418294,B14,1,0,,1828,0,0,,1828,
1644418294,B11,1,1,job782_scenario3_1823,1828,0,0,,1828,
1644418294,cn12,1,0,,1828,0,0,,1828,
1644418294,B54,1,0,,1828,0,0,,1828,
1644418294,B51,1,0,,1828,0,0,,1828,
1644418294,os4,1,0,,1828,0,0,,1828,
1644418294,in4,1,0,,1828,0,0,,1828,
1644418294,B33,1,0,,1828,0,0,,1828,
1644418294,in27,1,0,,1829,0,0,,1829,
1644418294,B14,1,0,,1829,0,0,,1829,
1644418294,B11,1,1,job782_scenario3_1823,1829,0,0,,1829,
1644418294,cn12,1,0,,1829,0,0,,1829,
1644418294,B54,1,0,,1829,0,0,,1829,
1644418294,B51,1,0,,1829,0,0,,1829,
1644418294,os4,1,0,,1829,0,0,,1829,
1644418294,in4,1,0,,1829,0,0,,1829,
1644418294,B33,1,0,,1829,0,0,,1829,
1644418294,in27,1,0,,1830,0,0,,1830,
1644418294,B14,1,0,,1830,0,0,,1830,
1644418294,B11,1,1,job782_scenario3_1823,1830,0,0,,1830,
1644418294,cn12,1,0,,1830,0,0,,1830,
1644418294,B54,1,0,,1830,0,0,,1830,
1644418294,B51,1,0,,1830,0,0,,1830,
1644418294,os4,1,0,,1830,0,0,,1830,
1644418294,in4,1,0,,1830,0,0,,1830,
1644418294,B33,1,0,,1830,0,0,,1830,
1644418294,in27,1,0,,1831,0,0,,1831,
1644418294,B14,1,0,,1831,0,0,,1831,
1644418294,B11,1,1,job782_scenario3_1823,1831,0,0,,1831,
1644418294,cn12,1,0,,1831,0,0,,1831,
1644418294,B54,1,0,,1831,0,0,,1831,
1644418294,B51,1,0,,1831,0,0,,1831,
1644418294,os4,1,0,,1831,0,0,,1831,
1644418294,in4,1,0,,1831,0,0,,1831,
1644418294,B33,1,0,,1831,0,0,,1831,
1644418295,in27,1,0,,1832,0,0,,1832,
1644418295,B14,1,0,,1832,0,0,,1832,
1644418295,B11,1,0,,1832,0,0,,1832,
1644418295,cn12,1,0,,1832,0,0,,1832,
1644418295,B54,1,1,job785_scenario1_1830,1832,0,0,,1832,
1644418295,B51,1,1,job786_scenario0_1831,1832,0,0,,1832,
1644418295,os4,1,0,,1832,0,0,,1832,
1644418295,in4,1,0,,1832,0,0,,1832,
1644418295,B33,1,0,,1832,0,0,,1832,
1644418295,in27,1,0,,1833,0,0,,1833,
1644418295,B14,1,0,,1833,0,0,,1833,
1644418295,B11,1,0,,1833,0,0,,1833,
1644418295,cn12,1,0,,1833,0,0,,1833,
1644418295,B54,1,1,job785_scenario1_1830,1833,0,0,,1833,
1644418295,B51,1,1,job786_scenario0_1831,1833,0,0,,1833,
1644418295,os4,1,0,,1833,0,0,,1833,
1644418295,in4,1,0,,1833,0,0,,1833,
1644418295,B33,1,0,,1833,0,0,,1833,
1644418296,in27,1,0,,1834,0,0,,1834,
1644418296,B14,1,0,,1834,0,0,,1834,
1644418296,B11,1,0,,1834,0,0,,1834,
1644418296,cn12,1,0,,1834,0,0,,1834,
1644418296,B54,1,1,job785_scenario1_1830,1834,0,0,,1834,
1644418296,B51,1,1,job786_scenario0_1831,1834,0,0,,1834,
1644418296,os4,1,0,,1834,0,0,,1834,
1644418296,in4,1,0,,1834,0,0,,1834,
1644418296,B33,1,1,job787_scenario2_1833,1834,0,0,,1834,
1644418296,in27,1,0,,1835,0,0,,1835,
1644418296,B14,1,0,,1835,0,0,,1835,
1644418296,B11,1,0,,1835,0,0,,1835,
1644418296,cn12,1,0,,1835,0,0,,1835,
1644418296,B54,1,0,,1835,0,0,,1835,
1644418296,B51,1,1,job786_scenario0_1831,1835,0,0,,1835,
1644418296,os4,1,0,,1835,0,0,,1835,
1644418296,in4,1,0,,1835,0,0,,1835,
1644418296,B33,1,1,job787_scenario2_1833,1835,0,0,,1835,
1644418296,in27,1,0,,1836,0,0,,1836,
1644418296,B14,1,0,,1836,0,0,,1836,
1644418296,B11,1,0,,1836,0,0,,1836,
1644418296,cn12,1,0,,1836,0,0,,1836,
1644418296,B54,1,0,,1836,0,0,,1836,
1644418296,B51,1,1,job786_scenario0_1831,1836,0,0,,1836,
1644418296,os4,1,0,,1836,0,0,,1836,
1644418296,in4,1,0,,1836,0,0,,1836,
1644418296,B33,1,1,job787_scenario2_1833,1836,0,0,,1836,
1644418297,in27,1,0,,1837,0,0,,1837,
1644418297,B14,1,0,,1837,0,0,,1837,
1644418297,B11,1,0,,1837,0,0,,1837,
1644418297,cn12,1,0,,1837,0,0,,1837,
1644418297,B54,1,1,job788_scenario1_1835,1837,0,0,,1837,
1644418297,B51,1,1,job786_scenario0_1831,1837,0,0,,1837,
1644418297,os4,1,0,,1837,0,0,,1837,
1644418297,in4,1,0,,1837,0,0,,1837,
1644418297,B33,1,0,,1837,0,0,,1837,
1644418297,in27,1,0,,1838,0,0,,1838,
1644418297,B14,1,0,,1838,0,0,,1838,
1644418297,B11,1,0,,1838,0,0,,1838,
1644418297,cn12,1,0,,1838,0,0,,1838,
1644418297,B54,1,1,job788_scenario1_1835,1838,0,0,,1838,
1644418297,B51,1,1,job786_scenario0_1831,1838,0,0,,1838,
1644418297,os4,1,0,,1838,0,0,,1838,
1644418297,in4,1,0,,1838,0,0,,1838,
1644418297,B33,1,0,,1838,0,0,,1838,
1644418297,in27,1,0,,1839,0,0,,1839,
1644418297,B14,1,0,,1839,0,0,,1839,
1644418297,B11,1,0,,1839,0,0,,1839,
1644418297,cn12,1,0,,1839,0,0,,1839,
1644418297,B54,1,1,job788_scenario1_1835,1839,0,0,,1839,
1644418297,B51,1,1,job786_scenario0_1831,1839,0,0,,1839,
1644418297,os4,1,0,,1839,0,0,,1839,
1644418297,in4,1,0,,1839,0,0,,1839,
1644418297,B33,1,0,,1839,0,0,,1839,
1644418297,in27,1,0,,1840,0,0,,1840,
1644418297,B14,1,0,,1840,0,0,,1840,
1644418297,B11,1,0,,1840,0,0,,1840,
1644418297,cn12,1,0,,1840,0,0,,1840,
1644418297,B54,1,1,job788_scenario1_1835,1840,0,0,,1840,
1644418297,B51,1,1,job786_scenario0_1831,1840,0,0,,1840,
1644418297,os4,1,0,,1840,0,0,,1840,
1644418297,in4,1,0,,1840,0,0,,1840,
1644418297,B33,1,0,,1840,0,0,,1840,
1644418297,in27,1,0,,1841,0,0,,1841,
1644418297,B14,1,0,,1841,0,0,,1841,
1644418297,B11,1,0,,1841,0,0,,1841,
1644418297,cn12,1,0,,1841,0,0,,1841,
1644418297,B54,1,1,job788_scenario1_1835,1841,0,0,,1841,
1644418297,B51,1,1,job786_scenario0_1831,1841,0,0,,1841,
1644418297,os4,1,0,,1841,0,0,,1841,
1644418297,in4,1,0,,1841,0,0,,1841,
1644418297,B33,1,0,,1841,0,0,,1841,
1644418297,in27,1,0,,1842,0,0,,1842,
1644418297,B14,1,0,,1842,0,0,,1842,
1644418297,B11,1,0,,1842,0,0,,1842,
1644418297,cn12,1,0,,1842,0,0,,1842,
1644418297,B54,1,1,job788_scenario1_1835,1842,0,0,,1842,
1644418297,B51,1,1,job786_scenario0_1831,1842,0,0,,1842,
1644418297,os4,1,0,,1842,0,0,,1842,
1644418297,in4,1,0,,1842,0,0,,1842,
1644418297,B33,1,0,,1842,0,0,,1842,
1644418297,in27,1,0,,1843,0,0,,1843,
1644418297,B14,1,0,,1843,0,0,,1843,
1644418297,B11,1,0,,1843,0,0,,1843,
1644418297,cn12,1,0,,1843,0,0,,1843,
1644418297,B54,1,0,,1843,0,0,,1843,
1644418297,B51,1,1,job786_scenario0_1831,1843,0,0,,1843,
1644418297,os4,1,0,,1843,0,0,,1843,
1644418297,in4,1,0,,1843,0,0,,1843,
1644418297,B33,1,0,,1843,0,0,,1843,
1644418297,in27,1,0,,1844,0,0,,1844,
1644418297,B14,1,0,,1844,0,0,,1844,
1644418297,B11,1,0,,1844,0,0,,1844,
1644418297,cn12,1,0,,1844,0,0,,1844,
1644418297,B54,1,0,,1844,0,0,,1844,
1644418297,B51,1,0,,1844,0,0,,1844,
1644418297,os4,1,0,,1844,0,0,,1844,
1644418297,in4,1,0,,1844,0,0,,1844,
1644418297,B33,1,0,,1844,0,0,,1844,
1644418297,in27,1,0,,1845,0,0,,1845,
1644418297,B14,1,0,,1845,0,0,,1845,
1644418297,B11,1,0,,1845,0,0,,1845,
1644418297,cn12,1,0,,1845,0,0,,1845,
1644418297,B54,1,0,,1845,0,0,,1845,
1644418297,B51,1,0,,1845,0,0,,1845,
1644418297,os4,1,0,,1845,0,0,,1845,
1644418297,in4,1,0,,1845,0,0,,1845,
1644418297,B33,1,0,,1845,0,0,,1845,
1644418297,in27,1,0,,1846,0,0,,1846,
1644418297,B14,1,0,,1846,0,0,,1846,
1644418297,B11,1,0,,1846,0,0,,1846,
1644418297,cn12,1,0,,1846,0,0,,1846,
1644418297,B54,1,0,,1846,0,0,,1846,
1644418297,B51,1,0,,1846,0,0,,1846,
1644418297,os4,1,0,,1846,0,0,,1846,
1644418297,in4,1,0,,1846,0,0,,1846,
1644418297,B33,1,0,,1846,0,0,,1846,
1644418297,in27,1,0,,1847,0,0,,1847,
1644418297,B14,1,0,,1847,0,0,,1847,
1644418297,B11,1,0,,1847,0,0,,1847,
1644418297,cn12,1,0,,1847,0,0,,1847,
1644418297,B54,1,0,,1847,0,0,,1847,
1644418297,B51,1,0,,1847,0,0,,1847,
1644418297,os4,1,0,,1847,0,0,,1847,
1644418297,in4,1,0,,1847,0,0,,1847,
1644418297,B33,1,0,,1847,0,0,,1847,
1644418297,in27,1,0,,1848,0,0,,1848,
1644418297,B14,1,0,,1848,0,0,,1848,
1644418297,B11,1,0,,1848,0,0,,1848,
1644418297,cn12,1,0,,1848,0,0,,1848,
1644418297,B54,1,0,,1848,0,0,,1848,
1644418297,B51,1,0,,1848,0,0,,1848,
1644418297,os4,1,0,,1848,0,0,,1848,
1644418297,in4,1,0,,1848,0,0,,1848,
1644418297,B33,1,0,,1848,0,0,,1848,
1644418298,in27,1,0,,1849,0,0,,1849,
1644418298,B14,1,0,,1849,0,0,,1849,
1644418298,B11,1,0,,1849,0,0,,1849,
1644418298,cn12,1,0,,1849,0,0,,1849,
1644418298,B54,1,0,,1849,0,0,,1849,
1644418298,B51,1,0,,1849,0,0,,1849,
1644418298,os4,1,0,,1849,0,0,,1849,
1644418298,in4,1,0,,1849,0,0,,1849,
1644418298,B33,1,1,job792_scenario2_1848,1849,0,0,,1849,
1644418298,in27,1,0,,1850,0,0,,1850,
1644418298,B14,1,0,,1850,0,0,,1850,
1644418298,B11,1,0,,1850,0,0,,1850,
1644418298,cn12,1,0,,1850,0,0,,1850,
1644418298,B54,1,0,,1850,0,0,,1850,
1644418298,B51,1,0,,1850,0,0,,1850,
1644418298,os4,1,0,,1850,0,0,,1850,
1644418298,in4,1,0,,1850,0,0,,1850,
1644418298,B33,1,1,job792_scenario2_1848,1850,0,0,,1850,
1644418298,in27,1,0,,1851,0,0,,1851,
1644418298,B14,1,0,,1851,0,0,,1851,
1644418298,B11,1,0,,1851,0,0,,1851,
1644418298,cn12,1,0,,1851,0,0,,1851,
1644418298,B54,1,0,,1851,0,0,,1851,
1644418298,B51,1,0,,1851,0,0,,1851,
1644418299,os4,1,0,,1851,0,0,,1851,
1644418299,in4,1,0,,1851,0,0,,1851,
1644418299,B33,1,1,job792_scenario2_1848,1851,0,0,,1851,
1644418299,in27,1,0,,1852,0,0,,1852,
1644418300,B14,1,0,,1852,0,0,,1852,
1644418300,B11,1,1,job793_scenario3_1849,1852,0,0,,1852,
1644418300,cn12,1,0,,1852,0,0,,1852,
1644418300,B54,1,1,job794_scenario1_1850,1852,0,0,,1852,
1644418300,B51,1,0,,1852,0,0,,1852,
1644418300,os4,1,0,,1852,0,0,,1852,
1644418300,in4,1,0,,1852,0,0,,1852,
1644418300,B33,1,0,,1852,0,0,,1852,
1644418300,in27,1,0,,1853,0,0,,1853,
1644418300,B14,1,0,,1853,0,0,,1853,
1644418300,B11,1,1,job793_scenario3_1849,1853,0,0,,1853,
1644418300,cn12,1,0,,1853,0,0,,1853,
1644418300,B54,1,1,job794_scenario1_1850,1853,0,0,,1853,
1644418300,B51,1,0,,1853,0,0,,1853,
1644418300,os4,1,0,,1853,0,0,,1853,
1644418300,in4,1,0,,1853,0,0,,1853,
1644418300,B33,1,0,,1853,0,0,,1853,
1644418300,in27,1,0,,1854,0,0,,1854,
1644418300,B14,1,0,,1854,0,0,,1854,
1644418300,B11,1,1,job793_scenario3_1849,1854,0,0,,1854,
1644418300,cn12,1,0,,1854,0,0,,1854,
1644418300,B54,1,1,job794_scenario1_1850,1854,0,0,,1854,
1644418300,B51,1,0,,1854,0,0,,1854,
1644418300,os4,1,0,,1854,0,0,,1854,
1644418300,in4,1,0,,1854,0,0,,1854,
1644418300,B33,1,0,,1854,0,0,,1854,
1644418300,in27,1,0,,1855,0,0,,1855,
1644418300,B14,1,0,,1855,0,0,,1855,
1644418300,B11,1,1,job793_scenario3_1849,1855,0,0,,1855,
1644418300,cn12,1,0,,1855,0,0,,1855,
1644418300,B54,1,1,job794_scenario1_1850,1855,0,0,,1855,
1644418300,B51,1,0,,1855,0,0,,1855,
1644418300,os4,1,0,,1855,0,0,,1855,
1644418300,in4,1,0,,1855,0,0,,1855,
1644418300,B33,1,0,,1855,0,0,,1855,
1644418300,in27,1,0,,1856,0,0,,1856,
1644418300,B14,1,0,,1856,0,0,,1856,
1644418300,B11,1,0,,1856,0,0,,1856,
1644418300,cn12,1,0,,1856,0,0,,1856,
1644418300,B54,1,0,,1856,0,0,,1856,
1644418300,B51,1,0,,1856,0,0,,1856,
1644418300,os4,1,0,,1856,0,0,,1856,
1644418300,in4,1,0,,1856,0,0,,1856,
1644418300,B33,1,0,,1856,0,0,,1856,
1644418300,in27,1,0,,1857,0,0,,1857,
1644418300,B14,1,0,,1857,0,0,,1857,
1644418300,B11,1,0,,1857,0,0,,1857,
1644418300,cn12,1,0,,1857,0,0,,1857,
1644418300,B54,1,0,,1857,0,0,,1857,
1644418300,B51,1,0,,1857,0,0,,1857,
1644418300,os4,1,0,,1857,0,0,,1857,
1644418300,in4,1,0,,1857,0,0,,1857,
1644418300,B33,1,0,,1857,0,0,,1857,
1644418300,in27,1,0,,1858,0,0,,1858,
1644418300,B14,1,0,,1858,0,0,,1858,
1644418300,B11,1,0,,1858,0,0,,1858,
1644418300,cn12,1,0,,1858,0,0,,1858,
1644418300,B54,1,0,,1858,0,0,,1858,
1644418300,B51,1,0,,1858,0,0,,1858,
1644418300,os4,1,0,,1858,0,0,,1858,
1644418300,in4,1,0,,1858,0,0,,1858,
1644418300,B33,1,0,,1858,0,0,,1858,
1644418300,in27,1,0,,1859,0,0,,1859,
1644418300,B14,1,0,,1859,0,0,,1859,
1644418300,B11,1,0,,1859,0,0,,1859,
1644418300,cn12,1,0,,1859,0,0,,1859,
1644418300,B54,1,0,,1859,0,0,,1859,
1644418300,B51,1,0,,1859,0,0,,1859,
1644418300,os4,1,0,,1859,0,0,,1859,
1644418300,in4,1,0,,1859,0,0,,1859,
1644418300,B33,1,0,,1859,0,0,,1859,
1644418300,in27,1,0,,1860,0,0,,1860,
1644418300,B14,1,0,,1860,0,0,,1860,
1644418300,B11,1,0,,1860,0,0,,1860,
1644418300,cn12,1,0,,1860,0,0,,1860,
1644418300,B54,1,0,,1860,0,0,,1860,
1644418300,B51,1,0,,1860,0,0,,1860,
1644418300,os4,1,0,,1860,0,0,,1860,
1644418300,in4,1,0,,1860,0,0,,1860,
1644418300,B33,1,0,,1860,0,0,,1860,
1644418300,in27,1,0,,1861,0,0,,1861,
1644418300,B14,1,0,,1861,0,0,,1861,
1644418300,B11,1,0,,1861,0,0,,1861,
1644418300,cn12,1,0,,1861,0,0,,1861,
1644418300,B54,1,0,,1861,0,0,,1861,
1644418300,B51,1,0,,1861,0,0,,1861,
1644418300,os4,1,0,,1861,0,0,,1861,
1644418300,in4,1,0,,1861,0,0,,1861,
1644418300,B33,1,0,,1861,0,0,,1861,
1644418300,in27,1,0,,1862,0,0,,1862,
1644418300,B14,1,0,,1862,0,0,,1862,
1644418300,B11,1,0,,1862,0,0,,1862,
1644418300,cn12,1,0,,1862,0,0,,1862,
1644418300,B54,1,0,,1862,0,0,,1862,
1644418300,B51,1,0,,1862,0,0,,1862,
1644418301,os4,1,0,,1862,0,0,,1862,
1644418301,in4,1,0,,1862,0,0,,1862,
1644418301,B33,1,0,,1862,0,0,,1862,
1644418301,in27,1,0,,1863,0,0,,1863,
1644418301,B14,1,0,,1863,0,0,,1863,
1644418301,B11,1,0,,1863,0,0,,1863,
1644418301,cn12,1,0,,1863,0,0,,1863,
1644418301,B54,1,0,,1863,0,0,,1863,
1644418301,B51,1,0,,1863,0,0,,1863,
1644418301,os4,1,0,,1863,0,0,,1863,
1644418301,in4,1,0,,1863,0,0,,1863,
1644418301,B33,1,0,,1863,0,0,,1863,
1644418301,in27,1,0,,1864,0,0,,1864,
1644418301,B14,1,0,,1864,0,0,,1864,
1644418301,B11,1,0,,1864,0,0,,1864,
1644418301,cn12,1,0,,1864,0,0,,1864,
1644418301,B54,1,0,,1864,0,0,,1864,
1644418301,B51,1,0,,1864,0,0,,1864,
1644418301,os4,1,0,,1864,0,0,,1864,
1644418301,in4,1,0,,1864,0,0,,1864,
1644418301,B33,1,0,,1864,0,0,,1864,
1644418301,in27,1,0,,1865,0,0,,1865,
1644418301,B14,1,0,,1865,0,0,,1865,
1644418301,B11,1,0,,1865,0,0,,1865,
1644418301,cn12,1,0,,1865,0,0,,1865,
1644418301,B54,1,0,,1865,0,0,,1865,
1644418301,B51,1,0,,1865,0,0,,1865,
1644418301,os4,1,0,,1865,0,0,,1865,
1644418301,in4,1,0,,1865,0,0,,1865,
1644418301,B33,1,0,,1865,0,0,,1865,
1644418301,in27,1,0,,1866,0,0,,1866,
1644418301,B14,1,0,,1866,0,0,,1866,
1644418301,B11,1,0,,1866,0,0,,1866,
1644418301,cn12,1,0,,1866,0,0,,1866,
1644418301,B54,1,0,,1866,0,0,,1866,
1644418301,B51,1,0,,1866,0,0,,1866,
1644418301,os4,1,0,,1866,0,0,,1866,
1644418301,in4,1,0,,1866,0,0,,1866,
1644418301,B33,1,0,,1866,0,0,,1866,
1644418302,in27,1,0,,1867,0,0,,1867,
1644418302,B14,1,0,,1867,0,0,,1867,
1644418302,B11,1,0,,1867,0,0,,1867,
1644418302,cn12,1,0,,1867,0,0,,1867,
1644418302,B54,1,1,job797_scenario1_1865,1867,0,0,,1867,
1644418302,B51,1,0,,1867,0,0,,1867,
1644418302,os4,1,0,,1867,0,0,,1867,
1644418302,in4,1,0,,1867,0,0,,1867,
1644418302,B33,1,0,,1867,0,0,,1867,
1644418302,in27,1,0,,1868,0,0,,1868,
1644418302,B14,1,0,,1868,0,0,,1868,
1644418302,B11,1,0,,1868,0,0,,1868,
1644418302,cn12,1,0,,1868,0,0,,1868,
1644418302,B54,1,1,job797_scenario1_1865,1868,0,0,,1868,
1644418302,B51,1,0,,1868,0,0,,1868,
1644418302,os4,1,0,,1868,0,0,,1868,
1644418302,in4,1,0,,1868,0,0,,1868,
1644418302,B33,1,0,,1868,0,0,,1868,
1644418302,in27,1,0,,1869,0,0,,1869,
1644418302,B14,1,0,,1869,0,0,,1869,
1644418302,B11,1,0,,1869,0,0,,1869,
1644418302,cn12,1,0,,1869,0,0,,1869,
1644418302,B54,1,1,job797_scenario1_1865,1869,0,0,,1869,
1644418302,B51,1,0,,1869,0,0,,1869,
1644418302,os4,1,0,,1869,0,0,,1869,
1644418302,in4,1,0,,1869,0,0,,1869,
1644418302,B33,1,0,,1869,0,0,,1869,
1644418302,in27,1,0,,1870,0,0,,1870,
1644418302,B14,1,0,,1870,0,0,,1870,
1644418302,B11,1,0,,1870,0,0,,1870,
1644418302,cn12,1,0,,1870,0,0,,1870,
1644418302,B54,1,0,,1870,0,0,,1870,
1644418302,B51,1,0,,1870,0,0,,1870,
1644418302,os4,1,0,,1870,0,0,,1870,
1644418302,in4,1,0,,1870,0,0,,1870,
1644418302,B33,1,0,,1870,0,0,,1870,
1644418302,in27,1,0,,1871,0,0,,1871,
1644418302,B14,1,0,,1871,0,0,,1871,
1644418302,B11,1,0,,1871,0,0,,1871,
1644418302,cn12,1,0,,1871,0,0,,1871,
1644418302,B54,1,0,,1871,0,0,,1871,
1644418302,B51,1,0,,1871,0,0,,1871,
1644418302,os4,1,0,,1871,0,0,,1871,
1644418302,in4,1,0,,1871,0,0,,1871,
1644418302,B33,1,0,,1871,0,0,,1871,
1644418302,in27,1,0,,1872,0,0,,1872,
1644418302,B14,1,0,,1872,0,0,,1872,
1644418302,B11,1,0,,1872,0,0,,1872,
1644418302,cn12,1,0,,1872,0,0,,1872,
1644418302,B54,1,0,,1872,0,0,,1872,
1644418302,B51,1,0,,1872,0,0,,1872,
1644418302,os4,1,0,,1872,0,0,,1872,
1644418302,in4,1,0,,1872,0,0,,1872,
1644418302,B33,1,0,,1872,0,0,,1872,
1644418302,in27,1,0,,1873,0,0,,1873,
1644418302,B14,1,0,,1873,0,0,,1873,
1644418302,B11,1,0,,1873,0,0,,1873,
1644418302,cn12,1,0,,1873,0,0,,1873,
1644418302,B54,1,0,,1873,0,0,,1873,
1644418302,B51,1,0,,1873,0,0,,1873,
1644418302,os4,1,0,,1873,0,0,,1873,
1644418302,in4,1,0,,1873,0,0,,1873,
1644418302,B33,1,0,,1873,0,0,,1873,
1644418302,in27,1,0,,1874,0,0,,1874,
1644418302,B14,1,0,,1874,0,0,,1874,
1644418302,B11,1,0,,1874,0,0,,1874,
1644418302,cn12,1,0,,1874,0,0,,1874,
1644418302,B54,1,0,,1874,0,0,,1874,
1644418302,B51,1,0,,1874,0,0,,1874,
1644418302,os4,1,0,,1874,0,0,,1874,
1644418302,in4,1,0,,1874,0,0,,1874,
1644418302,B33,1,0,,1874,0,0,,1874,
1644418302,in27,1,0,,1875,0,0,,1875,
1644418302,B14,1,0,,1875,0,0,,1875,
1644418302,B11,1,0,,1875,0,0,,1875,
1644418302,cn12,1,0,,1875,0,0,,1875,
1644418302,B54,1,0,,1875,0,0,,1875,
1644418302,B51,1,0,,1875,0,0,,1875,
1644418302,os4,1,0,,1875,0,0,,1875,
1644418302,in4,1,0,,1875,0,0,,1875,
1644418302,B33,1,0,,1875,0,0,,1875,
1644418302,in27,1,0,,1876,0,0,,1876,
1644418302,B14,1,0,,1876,0,0,,1876,
1644418302,B11,1,0,,1876,0,0,,1876,
1644418302,cn12,1,0,,1876,0,0,,1876,
1644418302,B54,1,0,,1876,0,0,,1876,
1644418302,B51,1,0,,1876,0,0,,1876,
1644418302,os4,1,0,,1876,0,0,,1876,
1644418302,in4,1,0,,1876,0,0,,1876,
1644418302,B33,1,0,,1876,0,0,,1876,
1644418303,in27,1,0,,1877,0,0,,1877,
1644418303,B14,1,0,,1877,0,0,,1877,
1644418303,B11,1,0,,1877,0,0,,1877,
1644418303,cn12,1,0,,1877,0,0,,1877,
1644418303,B54,1,1,job798_scenario1_1875,1877,0,0,,1877,
1644418303,B51,1,0,,1877,0,0,,1877,
1644418303,os4,1,0,,1877,0,0,,1877,
1644418303,in4,1,0,,1877,0,0,,1877,
1644418303,B33,1,0,,1877,0,0,,1877,
1644418303,in27,1,0,,1878,0,0,,1878,
1644418303,B14,1,0,,1878,0,0,,1878,
1644418303,B11,1,0,,1878,0,0,,1878,
1644418303,cn12,1,0,,1878,0,0,,1878,
1644418303,B54,1,0,,1878,0,0,,1878,
1644418303,B51,1,0,,1878,0,0,,1878,
1644418303,os4,1,0,,1878,0,0,,1878,
1644418303,in4,1,0,,1878,0,0,,1878,
1644418303,B33,1,0,,1878,0,0,,1878,
1644418304,in27,1,0,,1879,0,0,,1879,
1644418304,B14,1,0,,1879,0,0,,1879,
1644418304,B11,1,0,,1879,0,0,,1879,
1644418304,cn12,1,0,,1879,0,0,,1879,
1644418304,B54,1,1,job799_scenario1_1877,1879,0,0,,1879,
1644418304,B51,1,0,,1879,0,0,,1879,
1644418304,os4,1,0,,1879,0,0,,1879,
1644418304,in4,1,0,,1879,0,0,,1879,
1644418304,B33,1,0,,1879,0,0,,1879,
1644418304,in27,1,0,,1880,0,0,,1880,
1644418304,B14,1,0,,1880,0,0,,1880,
1644418304,B11,1,0,,1880,0,0,,1880,
1644418304,cn12,1,0,,1880,0,0,,1880,
1644418304,B54,1,1,job799_scenario1_1877,1880,0,0,,1880,
1644418304,B51,1,0,,1880,0,0,,1880,
1644418304,os4,1,0,,1880,0,0,,1880,
1644418304,in4,1,0,,1880,0,0,,1880,
1644418304,B33,1,0,,1880,0,0,,1880,
1644418304,in27,1,0,,1881,0,0,,1881,
1644418304,B14,1,0,,1881,0,0,,1881,
1644418304,B11,1,0,,1881,0,0,,1881,
1644418304,cn12,1,0,,1881,0,0,,1881,
1644418304,B54,1,0,,1881,0,0,,1881,
1644418304,B51,1,0,,1881,0,0,,1881,
1644418304,os4,1,0,,1881,0,0,,1881,
1644418304,in4,1,0,,1881,0,0,,1881,
1644418304,B33,1,0,,1881,0,0,,1881,
1644418304,in27,1,0,,1882,0,0,,1882,
1644418304,B14,1,0,,1882,0,0,,1882,
1644418304,B11,1,0,,1882,0,0,,1882,
1644418304,cn12,1,0,,1882,0,0,,1882,
1644418304,B54,1,0,,1882,0,0,,1882,
1644418304,B51,1,0,,1882,0,0,,1882,
1644418304,os4,1,0,,1882,0,0,,1882,
1644418304,in4,1,0,,1882,0,0,,1882,
1644418304,B33,1,0,,1882,0,0,,1882,
1644418304,in27,1,0,,1883,0,0,,1883,
1644418304,B14,1,0,,1883,0,0,,1883,
1644418304,B11,1,0,,1883,0,0,,1883,
1644418304,cn12,1,0,,1883,0,0,,1883,
1644418304,B54,1,0,,1883,0,0,,1883,
1644418304,B51,1,0,,1883,0,0,,1883,
1644418304,os4,1,0,,1883,0,0,,1883,
1644418304,in4,1,0,,1883,0,0,,1883,
1644418304,B33,1,0,,1883,0,0,,1883,
1644418304,in27,1,0,,1884,0,0,,1884,
1644418305,B14,1,0,,1884,0,0,,1884,
1644418305,B11,1,0,,1884,0,0,,1884,
1644418305,cn12,1,0,,1884,0,0,,1884,
1644418305,B54,1,0,,1884,0,0,,1884,
1644418305,B51,1,0,,1884,0,0,,1884,
1644418305,os4,1,0,,1884,0,0,,1884,
1644418305,in4,1,0,,1884,0,0,,1884,
1644418305,B33,1,0,,1884,0,0,,1884,
1644418305,in27,1,0,,1885,0,0,,1885,
1644418305,B14,1,0,,1885,0,0,,1885,
1644418305,B11,1,0,,1885,0,0,,1885,
1644418305,cn12,1,0,,1885,0,0,,1885,
1644418305,B54,1,0,,1885,0,0,,1885,
1644418305,B51,1,1,job800_scenario0_1884,1885,0,0,,1885,
1644418305,os4,1,0,,1885,0,0,,1885,
1644418305,in4,1,0,,1885,0,0,,1885,
1644418305,B33,1,0,,1885,0,0,,1885,
1644418305,in27,1,0,,1886,0,0,,1886,
1644418305,B14,1,0,,1886,0,0,,1886,
1644418305,B11,1,0,,1886,0,0,,1886,
1644418305,cn12,1,0,,1886,0,0,,1886,
1644418305,B54,1,0,,1886,0,0,,1886,
1644418305,B51,1,1,job800_scenario0_1884,1886,0,0,,1886,
1644418305,os4,1,0,,1886,0,0,,1886,
1644418305,in4,1,0,,1886,0,0,,1886,
1644418305,B33,1,0,,1886,0,0,,1886,
1644418305,in27,1,0,,1887,0,0,,1887,
1644418305,B14,1,0,,1887,0,0,,1887,
1644418305,B11,1,0,,1887,0,0,,1887,
1644418305,cn12,1,0,,1887,0,0,,1887,
1644418305,B54,1,0,,1887,0,0,,1887,
1644418305,B51,1,1,job800_scenario0_1884,1887,0,0,,1887,
1644418305,os4,1,0,,1887,0,0,,1887,
1644418305,in4,1,0,,1887,0,0,,1887,
1644418305,B33,1,0,,1887,0,0,,1887,
1644418306,in27,1,0,,1888,0,0,,1888,
1644418306,B14,1,0,,1888,0,0,,1888,
1644418306,B11,1,0,,1888,0,0,,1888,
1644418306,cn12,1,0,,1888,0,0,,1888,
1644418306,B54,1,1,job801_scenario1_1886,1888,0,0,,1888,
1644418306,B51,1,1,job800_scenario0_1884,1888,0,0,,1888,
1644418306,os4,1,0,,1888,0,0,,1888,
1644418306,in4,1,0,,1888,0,0,,1888,
1644418306,B33,1,0,,1888,0,0,,1888,
1644418306,in27,1,0,,1889,0,0,,1889,
1644418306,B14,1,0,,1889,0,0,,1889,
1644418306,B11,1,0,,1889,0,0,,1889,
1644418306,cn12,1,0,,1889,0,0,,1889,
1644418306,B54,1,1,job801_scenario1_1886,1889,0,0,,1889,
1644418306,B51,1,1,job800_scenario0_1884,1889,0,0,,1889,
1644418306,os4,1,0,,1889,0,0,,1889,
1644418306,in4,1,0,,1889,0,0,,1889,
1644418306,B33,1,0,,1889,0,0,,1889,
1644418306,in27,1,0,,1890,0,0,,1890,
1644418306,B14,1,0,,1890,0,0,,1890,
1644418306,B11,1,0,,1890,0,0,,1890,
1644418306,cn12,1,0,,1890,0,0,,1890,
1644418306,B54,1,1,job801_scenario1_1886,1890,0,0,,1890,
1644418306,B51,1,1,job800_scenario0_1884,1890,0,0,,1890,
1644418306,os4,1,0,,1890,0,0,,1890,
1644418306,in4,1,0,,1890,0,0,,1890,
1644418306,B33,1,0,,1890,0,0,,1890,
1644418306,in27,1,0,,1891,0,0,,1891,
1644418306,B14,1,0,,1891,0,0,,1891,
1644418306,B11,1,0,,1891,0,0,,1891,
1644418306,cn12,1,0,,1891,0,0,,1891,
1644418306,B54,1,1,job801_scenario1_1886,1891,0,0,,1891,
1644418306,B51,1,1,job800_scenario0_1884,1891,0,0,,1891,
1644418306,os4,1,0,,1891,0,0,,1891,
1644418306,in4,1,0,,1891,0,0,,1891,
1644418306,B33,1,0,,1891,0,0,,1891,
1644418306,in27,1,0,,1892,0,0,,1892,
1644418306,B14,1,0,,1892,0,0,,1892,
1644418306,B11,1,0,,1892,0,0,,1892,
1644418306,cn12,1,0,,1892,0,0,,1892,
1644418306,B54,1,1,job801_scenario1_1886,1892,0,0,,1892,
1644418306,B51,1,1,job800_scenario0_1884,1892,0,0,,1892,
1644418306,os4,1,0,,1892,0,0,,1892,
1644418306,in4,1,0,,1892,0,0,,1892,
1644418306,B33,1,0,,1892,0,0,,1892,
1644418306,in27,1,0,,1893,0,0,,1893,
1644418306,B14,1,0,,1893,0,0,,1893,
1644418306,B11,1,0,,1893,0,0,,1893,
1644418306,cn12,1,0,,1893,0,0,,1893,
1644418306,B54,1,1,job801_scenario1_1886,1893,0,0,,1893,
1644418306,B51,1,1,job800_scenario0_1884,1893,0,0,,1893,
1644418306,os4,1,0,,1893,0,0,,1893,
1644418306,in4,1,0,,1893,0,0,,1893,
1644418306,B33,1,0,,1893,0,0,,1893,
1644418306,in27,1,0,,1894,0,0,,1894,
1644418306,B14,1,0,,1894,0,0,,1894,
1644418306,B11,1,0,,1894,0,0,,1894,
1644418306,cn12,1,0,,1894,0,0,,1894,
1644418306,B54,1,1,job801_scenario1_1886,1894,0,0,,1894,
1644418306,B51,1,1,job800_scenario0_1884,1894,0,0,,1894,
1644418306,os4,1,0,,1894,0,0,,1894,
1644418306,in4,1,0,,1894,0,0,,1894,
1644418306,B33,1,0,,1894,0,0,,1894,
1644418306,in27,1,0,,1895,0,0,,1895,
1644418306,B14,1,0,,1895,0,0,,1895,
1644418306,B11,1,0,,1895,0,0,,1895,
1644418306,cn12,1,0,,1895,0,0,,1895,
1644418306,B54,1,1,job801_scenario1_1886,1895,0,0,,1895,
1644418306,B51,1,0,,1895,0,0,,1895,
1644418306,os4,1,0,,1895,0,0,,1895,
1644418306,in4,1,0,,1895,0,0,,1895,
1644418306,B33,1,0,,1895,0,0,,1895,
1644418306,in27,1,0,,1896,0,0,,1896,
1644418306,B14,1,0,,1896,0,0,,1896,
1644418306,B11,1,0,,1896,0,0,,1896,
1644418306,cn12,1,0,,1896,0,0,,1896,
1644418306,B54,1,1,job801_scenario1_1886,1896,0,0,,1896,
1644418306,B51,1,0,,1896,0,0,,1896,
1644418306,os4,1,0,,1896,0,0,,1896,
1644418306,in4,1,0,,1896,0,0,,1896,
1644418306,B33,1,0,,1896,0,0,,1896,
1644418307,in27,1,0,,1897,0,0,,1897,
1644418307,B14,1,0,,1897,0,0,,1897,
1644418307,B11,1,0,,1897,0,0,,1897,
1644418307,cn12,1,0,,1897,0,0,,1897,
1644418307,B54,1,0,,1897,0,0,,1897,
1644418307,B51,1,0,,1897,0,0,,1897,
1644418307,os4,1,0,,1897,0,0,,1897,
1644418307,in4,1,0,,1897,0,0,,1897,
1644418307,B33,1,0,,1897,0,0,,1897,
1644418308,in27,1,0,,1898,0,0,,1898,
1644418308,B14,1,0,,1898,0,0,,1898,
1644418308,B11,1,1,job805_scenario3_1895,1898,0,0,,1898,
1644418308,cn12,1,0,,1898,0,0,,1898,
1644418308,B54,1,1,job796_scenario0_1858,1898,0,0,,1898,
1644418308,B51,1,0,,1898,0,0,,1898,
1644418308,os4,1,0,,1898,0,0,,1898,
1644418308,in4,1,0,,1898,0,0,,1898,
1644418308,B33,1,0,,1898,0,0,,1898,
1644418308,in27,1,0,,1899,0,0,,1899,
1644418308,B14,1,0,,1899,0,0,,1899,
1644418308,B11,1,1,job805_scenario3_1895,1899,0,0,,1899,
1644418308,cn12,1,0,,1899,0,0,,1899,
1644418308,B54,1,1,job796_scenario0_1858,1899,0,0,,1899,
1644418308,B51,1,0,,1899,0,0,,1899,
1644418308,os4,1,0,,1899,0,0,,1899,
1644418308,in4,1,0,,1899,0,0,,1899,
1644418308,B33,1,0,,1899,0,0,,1899,
1644418309,in27,1,0,,1900,0,0,,1900,
1644418309,B14,1,0,,1900,0,0,,1900,
1644418309,B11,1,1,job805_scenario3_1895,1900,0,0,,1900,
1644418309,cn12,1,0,,1900,0,0,,1900,
1644418309,B54,1,1,job796_scenario0_1858,1900,0,0,,1900,
1644418309,B51,1,0,,1900,0,0,,1900,
1644418309,os4,1,0,,1900,0,0,,1900,
1644418309,in4,1,0,,1900,0,0,,1900,
1644418309,B33,1,0,,1900,0,0,,1900,
1644418309,in27,1,0,,1901,0,0,,1901,
1644418309,B14,1,0,,1901,0,0,,1901,
1644418309,B11,1,0,,1901,0,0,,1901,
1644418309,cn12,1,0,,1901,0,0,,1901,
1644418309,B54,1,1,job796_scenario0_1858,1901,0,0,,1901,
1644418309,B51,1,0,,1901,0,0,,1901,
1644418309,os4,1,0,,1901,0,0,,1901,
1644418309,in4,1,0,,1901,0,0,,1901,
1644418309,B33,1,0,,1901,0,0,,1901,
1644418309,in27,1,0,,1902,0,0,,1902,
1644418309,B14,1,0,,1902,0,0,,1902,
1644418309,B11,1,0,,1902,0,0,,1902,
1644418309,cn12,1,0,,1902,0,0,,1902,
1644418309,B54,1,1,job796_scenario0_1858,1902,0,0,,1902,
1644418309,B51,1,0,,1902,0,0,,1902,
1644418309,os4,1,0,,1902,0,0,,1902,
1644418309,in4,1,0,,1902,0,0,,1902,
1644418309,B33,1,0,,1902,0,0,,1902,
1644418309,in27,1,0,,1903,0,0,,1903,
1644418309,B14,1,0,,1903,0,0,,1903,
1644418309,B11,1,0,,1903,0,0,,1903,
1644418309,cn12,1,0,,1903,0,0,,1903,
1644418309,B54,1,1,job796_scenario0_1858,1903,0,0,,1903,
1644418309,B51,1,0,,1903,0,0,,1903,
1644418309,os4,1,0,,1903,0,0,,1903,
1644418309,in4,1,0,,1903,0,0,,1903,
1644418309,B33,1,0,,1903,0,0,,1903,
1644418309,in27,1,0,,1904,0,0,,1904,
1644418309,B14,1,0,,1904,0,0,,1904,
1644418309,B11,1,0,,1904,0,0,,1904,
1644418309,cn12,1,0,,1904,0,0,,1904,
1644418309,B54,1,1,job796_scenario0_1858,1904,0,0,,1904,
1644418309,B51,1,0,,1904,0,0,,1904,
1644418309,os4,1,0,,1904,0,0,,1904,
1644418309,in4,1,0,,1904,0,0,,1904,
1644418309,B33,1,0,,1904,0,0,,1904,
1644418309,in27,1,0,,1905,0,0,,1905,
1644418309,B14,1,0,,1905,0,0,,1905,
1644418309,B11,1,0,,1905,0,0,,1905,
1644418309,cn12,1,0,,1905,0,0,,1905,
1644418309,B54,1,1,job796_scenario0_1858,1905,0,0,,1905,
1644418309,B51,1,0,,1905,0,0,,1905,
1644418309,os4,1,0,,1905,0,0,,1905,
1644418309,in4,1,0,,1905,0,0,,1905,
1644418309,B33,1,0,,1905,0,0,,1905,
1644418309,in27,1,0,,1906,0,0,,1906,
1644418309,B14,1,0,,1906,0,0,,1906,
1644418309,B11,1,0,,1906,0,0,,1906,
1644418309,cn12,1,0,,1906,0,0,,1906,
1644418309,B54,1,1,job796_scenario0_1858,1906,0,0,,1906,
1644418309,B51,1,0,,1906,0,0,,1906,
1644418309,os4,1,0,,1906,0,0,,1906,
1644418309,in4,1,0,,1906,0,0,,1906,
1644418309,B33,1,0,,1906,0,0,,1906,
1644418309,in27,1,0,,1907,0,0,,1907,
1644418310,B14,1,0,,1907,0,0,,1907,
1644418310,B11,1,0,,1907,0,0,,1907,
1644418310,cn12,1,0,,1907,0,0,,1907,
1644418310,B54,1,1,job796_scenario0_1858,1907,0,0,,1907,
1644418310,B51,1,0,,1907,0,0,,1907,
1644418310,os4,1,0,,1907,0,0,,1907,
1644418310,in4,1,0,,1907,0,0,,1907,
1644418310,B33,1,0,,1907,0,0,,1907,
1644418310,in27,1,0,,1908,0,0,,1908,
1644418310,B14,1,0,,1908,0,0,,1908,
1644418310,B11,1,0,,1908,0,0,,1908,
1644418310,cn12,1,0,,1908,0,0,,1908,
1644418310,B54,1,1,job796_scenario0_1858,1908,0,0,,1908,
1644418310,B51,1,0,,1908,0,0,,1908,
1644418310,os4,1,0,,1908,0,0,,1908,
1644418310,in4,1,0,,1908,0,0,,1908,
1644418310,B33,1,0,,1908,0,0,,1908,
1644418310,in27,1,0,,1909,0,0,,1909,
1644418310,B14,1,0,,1909,0,0,,1909,
1644418310,B11,1,0,,1909,0,0,,1909,
1644418310,cn12,1,0,,1909,0,0,,1909,
1644418310,B54,1,1,job796_scenario0_1858,1909,0,0,,1909,
1644418310,B51,1,0,,1909,0,0,,1909,
1644418310,os4,1,0,,1909,0,0,,1909,
1644418310,in4,1,0,,1909,0,0,,1909,
1644418310,B33,1,0,,1909,0,0,,1909,
1644418310,in27,1,0,,1910,0,0,,1910,
1644418310,B14,1,0,,1910,0,0,,1910,
1644418310,B11,1,0,,1910,0,0,,1910,
1644418310,cn12,1,0,,1910,0,0,,1910,
1644418310,B54,1,1,job796_scenario0_1858,1910,0,0,,1910,
1644418310,B51,1,0,,1910,0,0,,1910,
1644418310,os4,1,0,,1910,0,0,,1910,
1644418310,in4,1,0,,1910,0,0,,1910,
1644418310,B33,1,0,,1910,0,0,,1910,
1644418310,in27,1,0,,1911,0,0,,1911,
1644418310,B14,1,0,,1911,0,0,,1911,
1644418310,B11,1,0,,1911,0,0,,1911,
1644418310,cn12,1,0,,1911,0,0,,1911,
1644418310,B54,1,1,job796_scenario0_1858,1911,0,0,,1911,
1644418310,B51,1,0,,1911,0,0,,1911,
1644418310,os4,1,0,,1911,0,0,,1911,
1644418310,in4,1,0,,1911,0,0,,1911,
1644418310,B33,1,0,,1911,0,0,,1911,
1644418310,in27,1,0,,1912,0,0,,1912,
1644418310,B14,1,0,,1912,0,0,,1912,
1644418310,B11,1,0,,1912,0,0,,1912,
1644418310,cn12,1,0,,1912,0,0,,1912,
1644418310,B54,1,1,job796_scenario0_1858,1912,0,0,,1912,
1644418310,B51,1,0,,1912,0,0,,1912,
1644418310,os4,1,0,,1912,0,0,,1912,
1644418310,in4,1,0,,1912,0,0,,1912,
1644418311,B33,1,0,,1912,0,0,,1912,
1644418311,in27,1,0,,1913,0,0,,1913,
1644418311,B14,1,0,,1913,0,0,,1913,
1644418311,B11,1,0,,1913,0,0,,1913,
1644418311,cn12,1,0,,1913,0,0,,1913,
1644418311,B54,1,0,,1913,0,0,,1913,
1644418311,B51,1,0,,1913,0,0,,1913,
1644418311,os4,1,0,,1913,0,0,,1913,
1644418311,in4,1,0,,1913,0,0,,1913,
1644418311,B33,1,0,,1913,0,0,,1913,
1644418311,in27,1,0,,1914,0,0,,1914,
1644418311,B14,1,0,,1914,0,0,,1914,
1644418311,B11,1,0,,1914,0,0,,1914,
1644418311,cn12,1,0,,1914,0,0,,1914,
1644418311,B54,1,1,job812_scenario1_1912,1914,0,0,,1914,
1644418311,B51,1,0,,1914,0,0,,1914,
1644418311,os4,1,0,,1914,0,0,,1914,
1644418311,in4,1,0,,1914,0,0,,1914,
1644418311,B33,1,0,,1914,0,0,,1914,
1644418311,in27,1,0,,1915,0,0,,1915,
1644418311,B14,1,0,,1915,0,0,,1915,
1644418311,B11,1,0,,1915,0,0,,1915,
1644418311,cn12,1,0,,1915,0,0,,1915,
1644418311,B54,1,1,job812_scenario1_1912,1915,0,0,,1915,
1644418311,B51,1,0,,1915,0,0,,1915,
1644418311,os4,1,0,,1915,0,0,,1915,
1644418311,in4,1,0,,1915,0,0,,1915,
1644418311,B33,1,0,,1915,0,0,,1915,
1644418311,in27,1,0,,1916,0,0,,1916,
1644418311,B14,1,0,,1916,0,0,,1916,
1644418311,B11,1,0,,1916,0,0,,1916,
1644418311,cn12,1,0,,1916,0,0,,1916,
1644418311,B54,1,1,job812_scenario1_1912,1916,0,0,,1916,
1644418311,B51,1,0,,1916,0,0,,1916,
1644418311,os4,1,0,,1916,0,0,,1916,
1644418311,in4,1,0,,1916,0,0,,1916,
1644418311,B33,1,0,,1916,0,0,,1916,
1644418311,in27,1,0,,1917,0,0,,1917,
1644418311,B14,1,0,,1917,0,0,,1917,
1644418311,B11,1,0,,1917,0,0,,1917,
1644418311,cn12,1,0,,1917,0,0,,1917,
1644418311,B54,1,1,job812_scenario1_1912,1917,0,0,,1917,
1644418311,B51,1,0,,1917,0,0,,1917,
1644418311,os4,1,0,,1917,0,0,,1917,
1644418311,in4,1,0,,1917,0,0,,1917,
1644418311,B33,1,0,,1917,0,0,,1917,
1644418311,in27,1,0,,1918,0,0,,1918,
1644418311,B14,1,0,,1918,0,0,,1918,
1644418311,B11,1,0,,1918,0,0,,1918,
1644418311,cn12,1,0,,1918,0,0,,1918,
1644418311,B54,1,0,,1918,0,0,,1918,
1644418311,B51,1,0,,1918,0,0,,1918,
1644418311,os4,1,0,,1918,0,0,,1918,
1644418311,in4,1,0,,1918,0,0,,1918,
1644418311,B33,1,0,,1918,0,0,,1918,
1644418311,in27,1,0,,1919,0,0,,1919,
1644418311,B14,1,0,,1919,0,0,,1919,
1644418311,B11,1,0,,1919,0,0,,1919,
1644418311,cn12,1,0,,1919,0,0,,1919,
1644418311,B54,1,0,,1919,0,0,,1919,
1644418311,B51,1,0,,1919,0,0,,1919,
1644418311,os4,1,0,,1919,0,0,,1919,
1644418311,in4,1,0,,1919,0,0,,1919,
1644418311,B33,1,0,,1919,0,0,,1919,
1644418311,in27,1,0,,1920,0,0,,1920,
1644418311,B14,1,0,,1920,0,0,,1920,
1644418311,B11,1,0,,1920,0,0,,1920,
1644418311,cn12,1,0,,1920,0,0,,1920,
1644418311,B54,1,0,,1920,0,0,,1920,
1644418311,B51,1,0,,1920,0,0,,1920,
1644418311,os4,1,0,,1920,0,0,,1920,
1644418311,in4,1,0,,1920,0,0,,1920,
1644418311,B33,1,0,,1920,0,0,,1920,
1644418312,in27,1,0,,1921,0,0,,1921,
1644418312,B14,1,0,,1921,0,0,,1921,
1644418312,B11,1,0,,1921,0,0,,1921,
1644418312,cn12,1,0,,1921,0,0,,1921,
1644418312,B54,1,1,job813_scenario1_1919,1921,0,0,,1921,
1644418312,B51,1,0,,1921,0,0,,1921,
1644418312,os4,1,0,,1921,0,0,,1921,
1644418312,in4,1,0,,1921,0,0,,1921,
1644418312,B33,1,0,,1921,0,0,,1921,
1644418312,in27,1,0,,1922,0,0,,1922,
1644418312,B14,1,0,,1922,0,0,,1922,
1644418312,B11,1,0,,1922,0,0,,1922,
1644418312,cn12,1,0,,1922,0,0,,1922,
1644418312,B54,1,1,job813_scenario1_1919,1922,0,0,,1922,
1644418312,B51,1,0,,1922,0,0,,1922,
1644418312,os4,1,0,,1922,0,0,,1922,
1644418312,in4,1,0,,1922,0,0,,1922,
1644418312,B33,1,0,,1922,0,0,,1922,
1644418312,in27,1,0,,1923,0,0,,1923,
1644418312,B14,1,0,,1923,0,0,,1923,
1644418312,B11,1,0,,1923,0,0,,1923,
1644418312,cn12,1,0,,1923,0,0,,1923,
1644418312,B54,1,1,job813_scenario1_1919,1923,0,0,,1923,
1644418312,B51,1,0,,1923,0,0,,1923,
1644418312,os4,1,0,,1923,0,0,,1923,
1644418312,in4,1,0,,1923,0,0,,1923,
1644418312,B33,1,0,,1923,0,0,,1923,
1644418312,in27,1,0,,1924,0,0,,1924,
1644418312,B14,1,0,,1924,0,0,,1924,
1644418312,B11,1,0,,1924,0,0,,1924,
1644418312,cn12,1,0,,1924,0,0,,1924,
1644418312,B54,1,1,job813_scenario1_1919,1924,0,0,,1924,
1644418312,B51,1,0,,1924,0,0,,1924,
1644418312,os4,1,0,,1924,0,0,,1924,
1644418312,in4,1,0,,1924,0,0,,1924,
1644418312,B33,1,0,,1924,0,0,,1924,
1644418312,in27,1,0,,1925,0,0,,1925,
1644418312,B14,1,0,,1925,0,0,,1925,
1644418312,B11,1,0,,1925,0,0,,1925,
1644418312,cn12,1,0,,1925,0,0,,1925,
1644418312,B54,1,1,job813_scenario1_1919,1925,0,0,,1925,
1644418312,B51,1,0,,1925,0,0,,1925,
1644418312,os4,1,0,,1925,0,0,,1925,
1644418312,in4,1,0,,1925,0,0,,1925,
1644418312,B33,1,0,,1925,0,0,,1925,
1644418312,in27,1,0,,1926,0,0,,1926,
1644418312,B14,1,0,,1926,0,0,,1926,
1644418312,B11,1,0,,1926,0,0,,1926,
1644418312,cn12,1,0,,1926,0,0,,1926,
1644418312,B54,1,1,job813_scenario1_1919,1926,0,0,,1926,
1644418312,B51,1,0,,1926,0,0,,1926,
1644418312,os4,1,0,,1926,0,0,,1926,
1644418312,in4,1,0,,1926,0,0,,1926,
1644418312,B33,1,0,,1926,0,0,,1926,
1644418312,in27,1,0,,1927,0,0,,1927,
1644418312,B14,1,0,,1927,0,0,,1927,
1644418312,B11,1,0,,1927,0,0,,1927,
1644418312,cn12,1,0,,1927,0,0,,1927,
1644418313,B54,1,0,,1927,0,0,,1927,
1644418313,B51,1,0,,1927,0,0,,1927,
1644418313,os4,1,0,,1927,0,0,,1927,
1644418313,in4,1,0,,1927,0,0,,1927,
1644418313,B33,1,0,,1927,0,0,,1927,
1644418313,in27,1,0,,1928,0,0,,1928,
1644418313,B14,1,0,,1928,0,0,,1928,
1644418313,B11,1,0,,1928,0,0,,1928,
1644418313,cn12,1,0,,1928,0,0,,1928,
1644418313,B54,1,0,,1928,0,0,,1928,
1644418313,B51,1,0,,1928,0,0,,1928,
1644418313,os4,1,0,,1928,0,0,,1928,
1644418313,in4,1,0,,1928,0,0,,1928,
1644418313,B33,1,0,,1928,0,0,,1928,
1644418313,in27,1,0,,1929,0,0,,1929,
1644418313,B14,1,0,,1929,0,0,,1929,
1644418313,B11,1,0,,1929,0,0,,1929,
1644418313,cn12,1,0,,1929,0,0,,1929,
1644418313,B54,1,0,,1929,0,0,,1929,
1644418313,B51,1,0,,1929,0,0,,1929,
1644418313,os4,1,0,,1929,0,0,,1929,
1644418313,in4,1,0,,1929,0,0,,1929,
1644418313,B33,1,0,,1929,0,0,,1929,
1644418313,in27,1,0,,1930,0,0,,1930,
1644418313,B14,1,0,,1930,0,0,,1930,
1644418313,B11,1,0,,1930,0,0,,1930,
1644418313,cn12,1,0,,1930,0,0,,1930,
1644418313,B54,1,0,,1930,0,0,,1930,
1644418313,B51,1,0,,1930,0,0,,1930,
1644418313,os4,1,0,,1930,0,0,,1930,
1644418313,in4,1,0,,1930,0,0,,1930,
1644418313,B33,1,0,,1930,0,0,,1930,
1644418313,in27,1,0,,1931,0,0,,1931,
1644418313,B14,1,0,,1931,0,0,,1931,
1644418313,B11,1,0,,1931,0,0,,1931,
1644418313,cn12,1,0,,1931,0,0,,1931,
1644418313,B54,1,0,,1931,0,0,,1931,
1644418313,B51,1,0,,1931,0,0,,1931,
1644418313,os4,1,0,,1931,0,0,,1931,
1644418313,in4,1,0,,1931,0,0,,1931,
1644418313,B33,1,0,,1931,0,0,,1931,
1644418313,in27,1,0,,1932,0,0,,1932,
1644418314,B14,1,0,,1932,0,0,,1932,
1644418314,B11,1,0,,1932,0,0,,1932,
1644418314,cn12,1,0,,1932,0,0,,1932,
1644418314,B54,1,0,,1932,0,0,,1932,
1644418314,B51,1,0,,1932,0,0,,1932,
1644418314,os4,1,0,,1932,0,0,,1932,
1644418314,in4,1,0,,1932,0,0,,1932,
1644418314,B33,1,0,,1932,0,0,,1932,
1644418314,in27,1,0,,1933,0,0,,1933,
1644418314,B14,1,0,,1933,0,0,,1933,
1644418314,B11,1,0,,1933,0,0,,1933,
1644418314,cn12,1,0,,1933,0,0,,1933,
1644418314,B54,1,0,,1933,0,0,,1933,
1644418314,B51,1,0,,1933,0,0,,1933,
1644418314,os4,1,0,,1933,0,0,,1933,
1644418314,in4,1,0,,1933,0,0,,1933,
1644418314,B33,1,0,,1933,0,0,,1933,
1644418314,in27,1,0,,1934,0,0,,1934,
1644418314,B14,1,0,,1934,0,0,,1934,
1644418314,B11,1,0,,1934,0,0,,1934,
1644418314,cn12,1,0,,1934,0,0,,1934,
1644418314,B54,1,0,,1934,0,0,,1934,
1644418314,B51,1,0,,1934,0,0,,1934,
1644418314,os4,1,0,,1934,0,0,,1934,
1644418314,in4,1,0,,1934,0,0,,1934,
1644418314,B33,1,0,,1934,0,0,,1934,
1644418314,in27,1,0,,1935,0,0,,1935,
1644418314,B14,1,0,,1935,0,0,,1935,
1644418314,B11,1,0,,1935,0,0,,1935,
1644418314,cn12,1,0,,1935,0,0,,1935,
1644418314,B54,1,0,,1935,0,0,,1935,
1644418314,B51,1,0,,1935,0,0,,1935,
1644418314,os4,1,0,,1935,0,0,,1935,
1644418314,in4,1,0,,1935,0,0,,1935,
1644418314,B33,1,0,,1935,0,0,,1935,
1644418314,in27,1,0,,1936,0,0,,1936,
1644418314,B14,1,0,,1936,0,0,,1936,
1644418314,B11,1,0,,1936,0,0,,1936,
1644418314,cn12,1,0,,1936,0,0,,1936,
1644418314,B54,1,0,,1936,0,0,,1936,
1644418314,B51,1,1,job816_scenario0_1935,1936,0,0,,1936,
1644418314,os4,1,0,,1936,0,0,,1936,
1644418314,in4,1,0,,1936,0,0,,1936,
1644418314,B33,1,0,,1936,0,0,,1936,
1644418314,in27,1,0,,1937,0,0,,1937,
1644418314,B14,1,0,,1937,0,0,,1937,
1644418314,B11,1,0,,1937,0,0,,1937,
1644418314,cn12,1,0,,1937,0,0,,1937,
1644418314,B54,1,0,,1937,0,0,,1937,
1644418314,B51,1,1,job816_scenario0_1935,1937,0,0,,1937,
1644418314,os4,1,0,,1937,0,0,,1937,
1644418314,in4,1,0,,1937,0,0,,1937,
1644418314,B33,1,0,,1937,0,0,,1937,
1644418314,in27,1,0,,1938,0,0,,1938,
1644418314,B14,1,0,,1938,0,0,,1938,
1644418314,B11,1,0,,1938,0,0,,1938,
1644418314,cn12,1,0,,1938,0,0,,1938,
1644418314,B54,1,0,,1938,0,0,,1938,
1644418314,B51,1,1,job816_scenario0_1935,1938,0,0,,1938,
1644418314,os4,1,0,,1938,0,0,,1938,
1644418315,in4,1,0,,1938,0,0,,1938,
1644418315,B33,1,0,,1938,0,0,,1938,
1644418315,in27,1,0,,1939,0,0,,1939,
1644418315,B14,1,0,,1939,0,0,,1939,
1644418315,B11,1,0,,1939,0,0,,1939,
1644418315,cn12,1,0,,1939,0,0,,1939,
1644418315,B54,1,0,,1939,0,0,,1939,
1644418315,B51,1,1,job816_scenario0_1935,1939,0,0,,1939,
1644418315,os4,1,0,,1939,0,0,,1939,
1644418315,in4,1,0,,1939,0,0,,1939,
1644418315,B33,1,0,,1939,0,0,,1939,
1644418315,in27,1,0,,1940,0,0,,1940,
1644418315,B14,1,0,,1940,0,0,,1940,
1644418315,B11,1,0,,1940,0,0,,1940,
1644418315,cn12,1,0,,1940,0,0,,1940,
1644418315,B54,1,0,,1940,0,0,,1940,
1644418315,B51,1,1,job816_scenario0_1935,1940,0,0,,1940,
1644418315,os4,1,0,,1940,0,0,,1940,
1644418315,in4,1,0,,1940,0,0,,1940,
1644418315,B33,1,0,,1940,0,0,,1940,
1644418315,in27,1,0,,1941,0,0,,1941,
1644418315,B14,1,0,,1941,0,0,,1941,
1644418315,B11,1,0,,1941,0,0,,1941,
1644418315,cn12,1,0,,1941,0,0,,1941,
1644418315,B54,1,0,,1941,0,0,,1941,
1644418315,B51,1,1,job816_scenario0_1935,1941,0,0,,1941,
1644418315,os4,1,0,,1941,0,0,,1941,
1644418315,in4,1,0,,1941,0,0,,1941,
1644418315,B33,1,0,,1941,0,0,,1941,
1644418315,in27,1,0,,1942,0,0,,1942,
1644418315,B14,1,0,,1942,0,0,,1942,
1644418315,B11,1,1,job817_scenario3_1939,1942,0,0,,1942,
1644418315,cn12,1,0,,1942,0,0,,1942,
1644418315,B54,1,0,,1942,0,0,,1942,
1644418315,B51,1,1,job816_scenario0_1935,1942,0,0,,1942,
1644418315,os4,1,0,,1942,0,0,,1942,
1644418315,in4,1,0,,1942,0,0,,1942,
1644418315,B33,1,0,,1942,0,0,,1942,
1644418315,in27,1,0,,1943,0,0,,1943,
1644418315,B14,1,0,,1943,0,0,,1943,
1644418316,B11,1,1,job817_scenario3_1939,1943,0,0,,1943,
1644418316,cn12,1,0,,1943,0,0,,1943,
1644418316,B54,1,0,,1943,0,0,,1943,
1644418316,B51,1,1,job816_scenario0_1935,1943,0,0,,1943,
1644418316,os4,1,0,,1943,0,0,,1943,
1644418316,in4,1,0,,1943,0,0,,1943,
1644418316,B33,1,0,,1943,0,0,,1943,
1644418316,in27,1,0,,1944,0,0,,1944,
1644418316,B14,1,0,,1944,0,0,,1944,
1644418316,B11,1,1,job817_scenario3_1939,1944,0,0,,1944,
1644418316,cn12,1,0,,1944,0,0,,1944,
1644418316,B54,1,0,,1944,0,0,,1944,
1644418316,B51,1,1,job816_scenario0_1935,1944,0,0,,1944,
1644418316,os4,1,0,,1944,0,0,,1944,
1644418316,in4,1,0,,1944,0,0,,1944,
1644418316,B33,1,0,,1944,0,0,,1944,
1644418316,in27,1,0,,1945,0,0,,1945,
1644418316,B14,1,0,,1945,0,0,,1945,
1644418316,B11,1,1,job817_scenario3_1939,1945,0,0,,1945,
1644418316,cn12,1,0,,1945,0,0,,1945,
1644418316,B54,1,0,,1945,0,0,,1945,
1644418316,B51,1,1,job816_scenario0_1935,1945,0,0,,1945,
1644418316,os4,1,0,,1945,0,0,,1945,
1644418316,in4,1,0,,1945,0,0,,1945,
1644418316,B33,1,0,,1945,0,0,,1945,
1644418316,in27,1,0,,1946,0,0,,1946,
1644418316,B14,1,0,,1946,0,0,,1946,
1644418316,B11,1,1,job817_scenario3_1939,1946,0,0,,1946,
1644418316,cn12,1,0,,1946,0,0,,1946,
1644418316,B54,1,1,job809_scenario0_1906,1946,0,0,,1946,
1644418316,B51,1,1,job816_scenario0_1935,1946,0,0,,1946,
1644418316,os4,1,0,,1946,0,0,,1946,
1644418316,in4,1,0,,1946,0,0,,1946,
1644418316,B33,1,0,,1946,0,0,,1946,
1644418316,in27,1,0,,1947,0,0,,1947,
1644418316,B14,1,0,,1947,0,0,,1947,
1644418316,B11,1,0,,1947,0,0,,1947,
1644418316,cn12,1,0,,1947,0,0,,1947,
1644418316,B54,1,1,job809_scenario0_1906,1947,0,0,,1947,
1644418317,B51,1,1,job816_scenario0_1935,1947,0,0,,1947,
1644418317,os4,1,0,,1947,0,0,,1947,
1644418317,in4,1,0,,1947,0,0,,1947,
1644418317,B33,1,0,,1947,0,0,,1947,
1644418317,in27,1,0,,1948,0,0,,1948,
1644418317,B14,1,0,,1948,0,0,,1948,
1644418317,B11,1,0,,1948,0,0,,1948,
1644418317,cn12,1,0,,1948,0,0,,1948,
1644418317,B54,1,1,job809_scenario0_1906,1948,0,0,,1948,
1644418317,B51,1,1,job816_scenario0_1935,1948,0,0,,1948,
1644418317,os4,1,0,,1948,0,0,,1948,
1644418317,in4,1,0,,1948,0,0,,1948,
1644418317,B33,1,0,,1948,0,0,,1948,
1644418317,in27,1,0,,1949,0,0,,1949,
1644418317,B14,1,0,,1949,0,0,,1949,
1644418317,B11,1,0,,1949,0,0,,1949,
1644418317,cn12,1,0,,1949,0,0,,1949,
1644418317,B54,1,1,job809_scenario0_1906,1949,0,0,,1949,
1644418317,B51,1,0,,1949,0,0,,1949,
1644418317,os4,1,0,,1949,0,0,,1949,
1644418317,in4,1,0,,1949,0,0,,1949,
1644418317,B33,1,0,,1949,0,0,,1949,
1644418317,in27,1,0,,1950,0,0,,1950,
1644418317,B14,1,0,,1950,0,0,,1950,
1644418317,B11,1,0,,1950,0,0,,1950,
1644418317,cn12,1,0,,1950,0,0,,1950,
1644418317,B54,1,1,job809_scenario0_1906,1950,0,0,,1950,
1644418317,B51,1,0,,1950,0,0,,1950,
1644418317,os4,1,0,,1950,0,0,,1950,
1644418317,in4,1,0,,1950,0,0,,1950,
1644418317,B33,1,0,,1950,0,0,,1950,
1644418317,in27,1,0,,1951,0,0,,1951,
1644418317,B14,1,0,,1951,0,0,,1951,
1644418317,B11,1,0,,1951,0,0,,1951,
1644418317,cn12,1,0,,1951,0,0,,1951,
1644418317,B54,1,1,job809_scenario0_1906,1951,0,0,,1951,
1644418317,B51,1,0,,1951,0,0,,1951,
1644418317,os4,1,0,,1951,0,0,,1951,
1644418317,in4,1,0,,1951,0,0,,1951,
1644418317,B33,1,0,,1951,0,0,,1951,
1644418318,in27,1,0,,1952,0,0,,1952,
1644418318,B14,1,0,,1952,0,0,,1952,
1644418318,B11,1,0,,1952,0,0,,1952,
1644418318,cn12,1,0,,1952,0,0,,1952,
1644418318,B54,1,1,job809_scenario0_1906,1952,0,0,,1952,
1644418318,B51,1,0,,1952,0,0,,1952,
1644418318,os4,1,0,,1952,0,0,,1952,
1644418318,in4,1,0,,1952,0,0,,1952,
1644418318,B33,1,0,,1952,0,0,,1952,
1644418318,in27,1,0,,1953,0,0,,1953,
1644418318,B14,1,0,,1953,0,0,,1953,
1644418318,B11,1,0,,1953,0,0,,1953,
1644418318,cn12,1,0,,1953,0,0,,1953,
1644418318,B54,1,1,job809_scenario0_1906,1953,0,0,,1953,
1644418318,B51,1,0,,1953,0,0,,1953,
1644418318,os4,1,0,,1953,0,0,,1953,
1644418318,in4,1,0,,1953,0,0,,1953,
1644418318,B33,1,0,,1953,0,0,,1953,
1644418318,in27,1,0,,1954,0,0,,1954,
1644418318,B14,1,0,,1954,0,0,,1954,
1644418318,B11,1,0,,1954,0,0,,1954,
1644418318,cn12,1,0,,1954,0,0,,1954,
1644418318,B54,1,1,job809_scenario0_1906,1954,0,0,,1954,
1644418318,B51,1,0,,1954,0,0,,1954,
1644418318,os4,1,0,,1954,0,0,,1954,
1644418318,in4,1,0,,1954,0,0,,1954,
1644418318,B33,1,0,,1954,0,0,,1954,
1644418318,in27,1,0,,1955,0,0,,1955,
1644418318,B14,1,0,,1955,0,0,,1955,
1644418318,B11,1,0,,1955,0,0,,1955,
1644418318,cn12,1,0,,1955,0,0,,1955,
1644418318,B54,1,1,job809_scenario0_1906,1955,0,0,,1955,
1644418318,B51,1,0,,1955,0,0,,1955,
1644418318,os4,1,0,,1955,0,0,,1955,
1644418318,in4,1,0,,1955,0,0,,1955,
1644418318,B33,1,0,,1955,0,0,,1955,
1644418318,in27,1,0,,1956,0,0,,1956,
1644418318,B14,1,0,,1956,0,0,,1956,
1644418318,B11,1,0,,1956,0,0,,1956,
1644418318,cn12,1,0,,1956,0,0,,1956,
1644418318,B54,1,0,,1956,0,0,,1956,
1644418318,B51,1,0,,1956,0,0,,1956,
1644418318,os4,1,0,,1956,0,0,,1956,
1644418318,in4,1,0,,1956,0,0,,1956,
1644418318,B33,1,0,,1956,0,0,,1956,
1644418318,in27,1,0,,1957,0,0,,1957,
1644418318,B14,1,0,,1957,0,0,,1957,
1644418318,B11,1,0,,1957,0,0,,1957,
1644418318,cn12,1,0,,1957,0,0,,1957,
1644418318,B54,1,0,,1957,0,0,,1957,
1644418318,B51,1,0,,1957,0,0,,1957,
1644418318,os4,1,0,,1957,0,0,,1957,
1644418318,in4,1,0,,1957,0,0,,1957,
1644418318,B33,1,0,,1957,0,0,,1957,
1644418318,in27,1,0,,1958,0,0,,1958,
1644418318,B14,1,0,,1958,0,0,,1958,
1644418318,B11,1,0,,1958,0,0,,1958,
1644418318,cn12,1,0,,1958,0,0,,1958,
1644418318,B54,1,0,,1958,0,0,,1958,
1644418318,B51,1,0,,1958,0,0,,1958,
1644418318,os4,1,0,,1958,0,0,,1958,
1644418318,in4,1,0,,1958,0,0,,1958,
1644418318,B33,1,0,,1958,0,0,,1958,
1644418318,in27,1,0,,1959,0,0,,1959,
1644418318,B14,1,0,,1959,0,0,,1959,
1644418318,B11,1,0,,1959,0,0,,1959,
1644418318,cn12,1,0,,1959,0,0,,1959,
1644418318,B54,1,0,,1959,0,0,,1959,
1644418318,B51,1,0,,1959,0,0,,1959,
1644418318,os4,1,0,,1959,0,0,,1959,
1644418318,in4,1,0,,1959,0,0,,1959,
1644418318,B33,1,0,,1959,0,0,,1959,
1644418318,in27,1,0,,1960,0,0,,1960,
1644418318,B14,1,0,,1960,0,0,,1960,
1644418318,B11,1,0,,1960,0,0,,1960,
1644418318,cn12,1,0,,1960,0,0,,1960,
1644418318,B54,1,0,,1960,0,0,,1960,
1644418318,B51,1,0,,1960,0,0,,1960,
1644418318,os4,1,0,,1960,0,0,,1960,
1644418318,in4,1,0,,1960,0,0,,1960,
1644418318,B33,1,0,,1960,0,0,,1960,
1644418318,in27,1,0,,1961,0,0,,1961,
1644418318,B14,1,0,,1961,0,0,,1961,
1644418318,B11,1,0,,1961,0,0,,1961,
1644418318,cn12,1,0,,1961,0,0,,1961,
1644418318,B54,1,0,,1961,0,0,,1961,
1644418318,B51,1,0,,1961,0,0,,1961,
1644418318,os4,1,0,,1961,0,0,,1961,
1644418318,in4,1,0,,1961,0,0,,1961,
1644418318,B33,1,0,,1961,0,0,,1961,
1644418318,in27,1,0,,1962,0,0,,1962,
1644418318,B14,1,0,,1962,0,0,,1962,
1644418318,B11,1,0,,1962,0,0,,1962,
1644418318,cn12,1,0,,1962,0,0,,1962,
1644418318,B54,1,0,,1962,0,0,,1962,
1644418318,B51,1,0,,1962,0,0,,1962,
1644418318,os4,1,0,,1962,0,0,,1962,
1644418318,in4,1,0,,1962,0,0,,1962,
1644418318,B33,1,0,,1962,0,0,,1962,
1644418318,in27,1,0,,1963,0,0,,1963,
1644418318,B14,1,0,,1963,0,0,,1963,
1644418318,B11,1,0,,1963,0,0,,1963,
1644418318,cn12,1,0,,1963,0,0,,1963,
1644418318,B54,1,0,,1963,0,0,,1963,
1644418318,B51,1,0,,1963,0,0,,1963,
1644418318,os4,1,0,,1963,0,0,,1963,
1644418318,in4,1,0,,1963,0,0,,1963,
1644418318,B33,1,0,,1963,0,0,,1963,
1644418318,in27,1,0,,1964,0,0,,1964,
1644418318,B14,1,0,,1964,0,0,,1964,
1644418318,B11,1,0,,1964,0,0,,1964,
1644418318,cn12,1,0,,1964,0,0,,1964,
1644418318,B54,1,0,,1964,0,0,,1964,
1644418318,B51,1,0,,1964,0,0,,1964,
1644418318,os4,1,0,,1964,0,0,,1964,
1644418318,in4,1,0,,1964,0,0,,1964,
1644418318,B33,1,0,,1964,0,0,,1964,
1644418319,in27,1,0,,1965,0,0,,1965,
1644418319,B14,1,0,,1965,0,0,,1965,
1644418319,B11,1,0,,1965,0,0,,1965,
1644418319,cn12,1,0,,1965,0,0,,1965,
1644418319,B54,1,0,,1965,0,0,,1965,
1644418319,B51,1,0,,1965,0,0,,1965,
1644418319,os4,1,0,,1965,0,0,,1965,
1644418319,in4,1,0,,1965,0,0,,1965,
1644418319,B33,1,0,,1965,0,0,,1965,
1644418319,in27,1,0,,1966,0,0,,1966,
1644418319,B14,1,0,,1966,0,0,,1966,
1644418319,B11,1,0,,1966,0,0,,1966,
1644418319,cn12,1,0,,1966,0,0,,1966,
1644418319,B54,1,0,,1966,0,0,,1966,
1644418319,B51,1,0,,1966,0,0,,1966,
1644418319,os4,1,0,,1966,0,0,,1966,
1644418319,in4,1,0,,1966,0,0,,1966,
1644418319,B33,1,0,,1966,0,0,,1966,
1644418319,in27,1,0,,1967,0,0,,1967,
1644418319,B14,1,0,,1967,0,0,,1967,
1644418319,B11,1,0,,1967,0,0,,1967,
1644418319,cn12,1,0,,1967,0,0,,1967,
1644418319,B54,1,0,,1967,0,0,,1967,
1644418319,B51,1,0,,1967,0,0,,1967,
1644418319,os4,1,0,,1967,0,0,,1967,
1644418319,in4,1,0,,1967,0,0,,1967,
1644418319,B33,1,0,,1967,0,0,,1967,
1644418319,in27,1,0,,1968,0,0,,1968,
1644418319,B14,1,0,,1968,0,0,,1968,
1644418319,B11,1,0,,1968,0,0,,1968,
1644418319,cn12,1,0,,1968,0,0,,1968,
1644418319,B54,1,0,,1968,0,0,,1968,
1644418319,B51,1,0,,1968,0,0,,1968,
1644418319,os4,1,0,,1968,0,0,,1968,
1644418319,in4,1,0,,1968,0,0,,1968,
1644418319,B33,1,0,,1968,0,0,,1968,
1644418319,in27,1,0,,1969,0,0,,1969,
1644418319,B14,1,0,,1969,0,0,,1969,
1644418319,B11,1,0,,1969,0,0,,1969,
1644418319,cn12,1,0,,1969,0,0,,1969,
1644418319,B54,1,0,,1969,0,0,,1969,
1644418319,B51,1,0,,1969,0,0,,1969,
1644418319,os4,1,0,,1969,0,0,,1969,
1644418319,in4,1,0,,1969,0,0,,1969,
1644418319,B33,1,0,,1969,0,0,,1969,
1644418319,in27,1,0,,1970,0,0,,1970,
1644418319,B14,1,0,,1970,0,0,,1970,
1644418319,B11,1,0,,1970,0,0,,1970,
1644418319,cn12,1,0,,1970,0,0,,1970,
1644418319,B54,1,0,,1970,0,0,,1970,
1644418319,B51,1,0,,1970,0,0,,1970,
1644418319,os4,1,0,,1970,0,0,,1970,
1644418319,in4,1,0,,1970,0,0,,1970,
1644418319,B33,1,0,,1970,0,0,,1970,
1644418319,in27,1,0,,1971,0,0,,1971,
1644418319,B14,1,0,,1971,0,0,,1971,
1644418319,B11,1,0,,1971,0,0,,1971,
1644418319,cn12,1,0,,1971,0,0,,1971,
1644418319,B54,1,0,,1971,0,0,,1971,
1644418319,B51,1,0,,1971,0,0,,1971,
1644418319,os4,1,0,,1971,0,0,,1971,
1644418319,in4,1,0,,1971,0,0,,1971,
1644418319,B33,1,0,,1971,0,0,,1971,
1644418319,in27,1,0,,1972,0,0,,1972,
1644418319,B14,1,0,,1972,0,0,,1972,
1644418319,B11,1,0,,1972,0,0,,1972,
1644418319,cn12,1,0,,1972,0,0,,1972,
1644418319,B54,1,0,,1972,0,0,,1972,
1644418319,B51,1,0,,1972,0,0,,1972,
1644418319,os4,1,0,,1972,0,0,,1972,
1644418319,in4,1,0,,1972,0,0,,1972,
1644418319,B33,1,0,,1972,0,0,,1972,
1644418320,in27,1,0,,1973,0,0,,1973,
1644418320,B14,1,0,,1973,0,0,,1973,
1644418320,B11,1,0,,1973,0,0,,1973,
1644418320,cn12,1,0,,1973,0,0,,1973,
1644418320,B54,1,0,,1973,0,0,,1973,
1644418320,B51,1,0,,1973,0,0,,1973,
1644418320,os4,1,0,,1973,0,0,,1973,
1644418320,in4,1,0,,1973,0,0,,1973,
1644418320,B33,1,1,job824_scenario2_1972,1973,0,0,,1973,
1644418320,in27,1,0,,1974,0,0,,1974,
1644418320,B14,1,0,,1974,0,0,,1974,
1644418320,B11,1,0,,1974,0,0,,1974,
1644418320,cn12,1,0,,1974,0,0,,1974,
1644418320,B54,1,0,,1974,0,0,,1974,
1644418320,B51,1,0,,1974,0,0,,1974,
1644418320,os4,1,0,,1974,0,0,,1974,
1644418320,in4,1,0,,1974,0,0,,1974,
1644418320,B33,1,1,job824_scenario2_1972,1974,0,0,,1974,
1644418320,in27,1,0,,1975,0,0,,1975,
1644418320,B14,1,0,,1975,0,0,,1975,
1644418321,B11,1,0,,1975,0,0,,1975,
1644418321,cn12,1,0,,1975,0,0,,1975,
1644418321,B54,1,0,,1975,0,0,,1975,
1644418321,B51,1,0,,1975,0,0,,1975,
1644418321,os4,1,0,,1975,0,0,,1975,
1644418321,in4,1,0,,1975,0,0,,1975,
1644418321,B33,1,1,job824_scenario2_1972,1975,0,0,,1975,
1644418321,in27,1,0,,1976,0,0,,1976,
1644418321,B14,1,0,,1976,0,0,,1976,
1644418321,B11,1,0,,1976,0,0,,1976,
1644418321,cn12,1,0,,1976,0,0,,1976,
1644418321,B54,1,0,,1976,0,0,,1976,
1644418321,B51,1,0,,1976,0,0,,1976,
1644418321,os4,1,0,,1976,0,0,,1976,
1644418321,in4,1,0,,1976,0,0,,1976,
1644418321,B33,1,1,job824_scenario2_1972,1976,0,0,,1976,
1644418321,in27,1,0,,1977,0,0,,1977,
1644418321,B14,1,0,,1977,0,0,,1977,
1644418321,B11,1,0,,1977,0,0,,1977,
1644418321,cn12,1,0,,1977,0,0,,1977,
1644418321,B54,1,0,,1977,0,0,,1977,
1644418321,B51,1,0,,1977,0,0,,1977,
1644418321,os4,1,0,,1977,0,0,,1977,
1644418321,in4,1,0,,1977,0,0,,1977,
1644418321,B33,1,1,job824_scenario2_1972,1977,0,0,,1977,
1644418321,in27,1,0,,1978,0,0,,1978,
1644418321,B14,1,0,,1978,0,0,,1978,
1644418321,B11,1,0,,1978,0,0,,1978,
1644418321,cn12,1,0,,1978,0,0,,1978,
1644418321,B54,1,0,,1978,0,0,,1978,
1644418321,B51,1,0,,1978,0,0,,1978,
1644418321,os4,1,0,,1978,0,0,,1978,
1644418321,in4,1,0,,1978,0,0,,1978,
1644418321,B33,1,1,job824_scenario2_1972,1978,0,0,,1978,
1644418321,in27,1,0,,1979,0,0,,1979,
1644418321,B14,1,0,,1979,0,0,,1979,
1644418321,B11,1,0,,1979,0,0,,1979,
1644418321,cn12,1,0,,1979,0,0,,1979,
1644418321,B54,1,0,,1979,0,0,,1979,
1644418321,B51,1,0,,1979,0,0,,1979,
1644418321,os4,1,0,,1979,0,0,,1979,
1644418321,in4,1,0,,1979,0,0,,1979,
1644418321,B33,1,0,,1979,0,0,,1979,
1644418321,in27,1,0,,1980,0,0,,1980,
1644418321,B14,1,0,,1980,0,0,,1980,
1644418321,B11,1,0,,1980,0,0,,1980,
1644418321,cn12,1,0,,1980,0,0,,1980,
1644418321,B54,1,0,,1980,0,0,,1980,
1644418321,B51,1,0,,1980,0,0,,1980,
1644418321,os4,1,0,,1980,0,0,,1980,
1644418321,in4,1,0,,1980,0,0,,1980,
1644418321,B33,1,0,,1980,0,0,,1980,
1644418323,in27,1,0,,1981,0,0,,1981,
1644418323,B14,1,0,,1981,0,0,,1981,
1644418323,B11,1,0,,1981,0,0,,1981,
1644418323,cn12,1,0,,1981,0,0,,1981,
1644418323,B54,1,1,job826_scenario1_1979,1981,0,0,,1981,
1644418323,B51,1,0,,1981,0,0,,1981,
1644418323,os4,1,0,,1981,0,0,,1981,
1644418323,in4,1,0,,1981,0,0,,1981,
1644418323,B33,1,0,,1981,0,0,,1981,
1644418323,in27,1,0,,1982,0,0,,1982,
1644418323,B14,1,0,,1982,0,0,,1982,
1644418323,B11,1,0,,1982,0,0,,1982,
1644418323,cn12,1,0,,1982,0,0,,1982,
1644418323,B54,1,1,job826_scenario1_1979,1982,0,0,,1982,
1644418323,B51,1,0,,1982,0,0,,1982,
1644418323,os4,1,0,,1982,0,0,,1982,
1644418323,in4,1,0,,1982,0,0,,1982,
1644418323,B33,1,0,,1982,0,0,,1982,
1644418323,in27,1,0,,1983,0,0,,1983,
1644418323,B14,1,0,,1983,0,0,,1983,
1644418323,B11,1,0,,1983,0,0,,1983,
1644418323,cn12,1,0,,1983,0,0,,1983,
1644418323,B54,1,1,job826_scenario1_1979,1983,0,0,,1983,
1644418323,B51,1,0,,1983,0,0,,1983,
1644418323,os4,1,0,,1983,0,0,,1983,
1644418323,in4,1,0,,1983,0,0,,1983,
1644418323,B33,1,0,,1983,0,0,,1983,
1644418323,in27,1,0,,1984,0,0,,1984,
1644418323,B14,1,0,,1984,0,0,,1984,
1644418323,B11,1,0,,1984,0,0,,1984,
1644418323,cn12,1,0,,1984,0,0,,1984,
1644418323,B54,1,1,job826_scenario1_1979,1984,0,0,,1984,
1644418323,B51,1,0,,1984,0,0,,1984,
1644418323,os4,1,0,,1984,0,0,,1984,
1644418323,in4,1,0,,1984,0,0,,1984,
1644418323,B33,1,0,,1984,0,0,,1984,
1644418323,in27,1,0,,1985,0,0,,1985,
1644418323,B14,1,0,,1985,0,0,,1985,
1644418323,B11,1,0,,1985,0,0,,1985,
1644418323,cn12,1,0,,1985,0,0,,1985,
1644418323,B54,1,1,job826_scenario1_1979,1985,0,0,,1985,
1644418323,B51,1,0,,1985,0,0,,1985,
1644418323,os4,1,0,,1985,0,0,,1985,
1644418323,in4,1,0,,1985,0,0,,1985,
1644418323,B33,1,0,,1985,0,0,,1985,
1644418323,in27,1,0,,1986,0,0,,1986,
1644418323,B14,1,0,,1986,0,0,,1986,
1644418323,B11,1,0,,1986,0,0,,1986,
1644418323,cn12,1,0,,1986,0,0,,1986,
1644418323,B54,1,1,job826_scenario1_1979,1986,0,0,,1986,
1644418323,B51,1,0,,1986,0,0,,1986,
1644418323,os4,1,0,,1986,0,0,,1986,
1644418323,in4,1,0,,1986,0,0,,1986,
1644418323,B33,1,0,,1986,0,0,,1986,
1644418323,in27,1,0,,1987,0,0,,1987,
1644418323,B14,1,0,,1987,0,0,,1987,
1644418323,B11,1,0,,1987,0,0,,1987,
1644418323,cn12,1,0,,1987,0,0,,1987,
1644418323,B54,1,1,job826_scenario1_1979,1987,0,0,,1987,
1644418323,B51,1,0,,1987,0,0,,1987,
1644418323,os4,1,0,,1987,0,0,,1987,
1644418323,in4,1,0,,1987,0,0,,1987,
1644418323,B33,1,0,,1987,0,0,,1987,
1644418323,in27,1,0,,1988,0,0,,1988,
1644418323,B14,1,0,,1988,0,0,,1988,
1644418323,B11,1,0,,1988,0,0,,1988,
1644418323,cn12,1,0,,1988,0,0,,1988,
1644418323,B54,1,0,,1988,0,0,,1988,
1644418323,B51,1,0,,1988,0,0,,1988,
1644418323,os4,1,0,,1988,0,0,,1988,
1644418323,in4,1,0,,1988,0,0,,1988,
1644418323,B33,1,0,,1988,0,0,,1988,
1644418323,in27,1,0,,1989,0,0,,1989,
1644418323,B14,1,0,,1989,0,0,,1989,
1644418323,B11,1,0,,1989,0,0,,1989,
1644418323,cn12,1,0,,1989,0,0,,1989,
1644418323,B54,1,0,,1989,0,0,,1989,
1644418323,B51,1,0,,1989,0,0,,1989,
1644418323,os4,1,0,,1989,0,0,,1989,
1644418323,in4,1,0,,1989,0,0,,1989,
1644418323,B33,1,0,,1989,0,0,,1989,
1644418324,in27,1,0,,1990,0,0,,1990,
1644418324,B14,1,0,,1990,0,0,,1990,
1644418324,B11,1,0,,1990,0,0,,1990,
1644418324,cn12,1,0,,1990,0,0,,1990,
1644418324,B54,1,0,,1990,0,0,,1990,
1644418324,B51,1,0,,1990,0,0,,1990,
1644418324,os4,1,0,,1990,0,0,,1990,
1644418324,in4,1,0,,1990,0,0,,1990,
1644418324,B33,1,0,,1990,0,0,,1990,
1644418324,in27,1,0,,1991,0,0,,1991,
1644418324,B14,1,0,,1991,0,0,,1991,
1644418324,B11,1,0,,1991,0,0,,1991,
1644418324,cn12,1,0,,1991,0,0,,1991,
1644418324,B54,1,0,,1991,0,0,,1991,
1644418324,B51,1,0,,1991,0,0,,1991,
1644418324,os4,1,0,,1991,0,0,,1991,
1644418324,in4,1,0,,1991,0,0,,1991,
1644418324,B33,1,0,,1991,0,0,,1991,
1644418324,in27,1,0,,1992,0,0,,1992,
1644418324,B14,1,0,,1992,0,0,,1992,
1644418324,B11,1,0,,1992,0,0,,1992,
1644418324,cn12,1,0,,1992,0,0,,1992,
1644418324,B54,1,0,,1992,0,0,,1992,
1644418324,B51,1,0,,1992,0,0,,1992,
1644418324,os4,1,0,,1992,0,0,,1992,
1644418324,in4,1,0,,1992,0,0,,1992,
1644418324,B33,1,0,,1992,0,0,,1992,
1644418324,in27,1,0,,1993,0,0,,1993,
1644418324,B14,1,0,,1993,0,0,,1993,
1644418324,B11,1,0,,1993,0,0,,1993,
1644418324,cn12,1,0,,1993,0,0,,1993,
1644418324,B54,1,0,,1993,0,0,,1993,
1644418324,B51,1,0,,1993,0,0,,1993,
1644418324,os4,1,0,,1993,0,0,,1993,
1644418324,in4,1,0,,1993,0,0,,1993,
1644418324,B33,1,0,,1993,0,0,,1993,
1644418324,in27,1,0,,1994,0,0,,1994,
1644418324,B14,1,0,,1994,0,0,,1994,
1644418324,B11,1,0,,1994,0,0,,1994,
1644418324,cn12,1,0,,1994,0,0,,1994,
1644418324,B54,1,0,,1994,0,0,,1994,
1644418324,B51,1,0,,1994,0,0,,1994,
1644418324,os4,1,0,,1994,0,0,,1994,
1644418324,in4,1,0,,1994,0,0,,1994,
1644418324,B33,1,0,,1994,0,0,,1994,
1644418324,in27,1,0,,1995,0,0,,1995,
1644418324,B14,1,0,,1995,0,0,,1995,
1644418324,B11,1,0,,1995,0,0,,1995,
1644418324,cn12,1,0,,1995,0,0,,1995,
1644418324,B54,1,0,,1995,0,0,,1995,
1644418324,B51,1,0,,1995,0,0,,1995,
1644418324,os4,1,0,,1995,0,0,,1995,
1644418324,in4,1,0,,1995,0,0,,1995,
1644418324,B33,1,0,,1995,0,0,,1995,
1644418325,in27,1,0,,1996,0,0,,1996,
1644418325,B14,1,0,,1996,0,0,,1996,
1644418325,B11,1,0,,1996,0,0,,1996,
1644418325,cn12,1,0,,1996,0,0,,1996,
1644418325,B54,1,0,,1996,0,0,,1996,
1644418325,B51,1,0,,1996,0,0,,1996,
1644418325,os4,1,0,,1996,0,0,,1996,
1644418325,in4,1,0,,1996,0,0,,1996,
1644418325,B33,1,0,,1996,0,0,,1996,
1644418325,in27,1,0,,1997,0,0,,1997,
1644418325,B14,1,0,,1997,0,0,,1997,
1644418325,B11,1,0,,1997,0,0,,1997,
1644418325,cn12,1,0,,1997,0,0,,1997,
1644418325,B54,1,0,,1997,0,0,,1997,
1644418325,B51,1,0,,1997,0,0,,1997,
1644418325,os4,1,0,,1997,0,0,,1997,
1644418325,in4,1,0,,1997,0,0,,1997,
1644418325,B33,1,0,,1997,0,0,,1997,
1644418325,in27,1,0,,1998,0,0,,1998,
1644418325,B14,1,0,,1998,0,0,,1998,
1644418325,B11,1,0,,1998,0,0,,1998,
1644418325,cn12,1,0,,1998,0,0,,1998,
1644418325,B54,1,0,,1998,0,0,,1998,
1644418325,B51,1,0,,1998,0,0,,1998,
1644418325,os4,1,0,,1998,0,0,,1998,
1644418325,in4,1,0,,1998,0,0,,1998,
1644418325,B33,1,0,,1998,0,0,,1998,
1644418325,in27,1,0,,1999,0,0,,1999,
1644418325,B14,1,0,,1999,0,0,,1999,
1644418325,B11,1,0,,1999,0,0,,1999,
1644418325,cn12,1,0,,1999,0,0,,1999,
1644418325,B54,1,0,,1999,0,0,,1999,
1644418325,B51,1,0,,1999,0,0,,1999,
1644418325,os4,1,0,,1999,0,0,,1999,
1644418325,in4,1,0,,1999,0,0,,1999,
1644418326,B33,1,0,,1999,0,0,,1999,
1644418326,in27,1,0,,2000,0,0,,2000,
1644418326,B14,1,0,,2000,0,0,,2000,
1644418326,B11,1,0,,2000,0,0,,2000,
1644418326,cn12,1,0,,2000,0,0,,2000,
1644418326,B54,1,0,,2000,0,0,,2000,
1644418326,B51,1,0,,2000,0,0,,2000,
1644418326,os4,1,0,,2000,0,0,,2000,
1644418326,in4,1,0,,2000,0,0,,2000,
1644418326,B33,1,0,,2000,0,0,,2000,
1644418326,in27,1,0,,2001,0,0,,2001,
1644418326,B14,1,0,,2001,0,0,,2001,
1644418326,B11,1,0,,2001,0,0,,2001,
1644418326,cn12,1,0,,2001,0,0,,2001,
1644418326,B54,1,0,,2001,0,0,,2001,
1644418326,B51,1,0,,2001,0,0,,2001,
1644418326,os4,1,0,,2001,0,0,,2001,
1644418326,in4,1,0,,2001,0,0,,2001,
1644418326,B33,1,0,,2001,0,0,,2001,
1644418326,in27,1,0,,2002,0,0,,2002,
1644418326,B14,1,0,,2002,0,0,,2002,
1644418326,B11,1,0,,2002,0,0,,2002,
1644418326,cn12,1,0,,2002,0,0,,2002,
1644418326,B54,1,0,,2002,0,0,,2002,
1644418326,B51,1,0,,2002,0,0,,2002,
1644418326,os4,1,0,,2002,0,0,,2002,
1644418326,in4,1,0,,2002,0,0,,2002,
1644418326,B33,1,0,,2002,0,0,,2002,
1644418326,in27,1,0,,2003,0,0,,2003,
1644418326,B14,1,0,,2003,0,0,,2003,
1644418326,B11,1,0,,2003,0,0,,2003,
1644418326,cn12,1,0,,2003,0,0,,2003,
1644418326,B54,1,1,job822_scenario1_1962,2003,0,0,,2003,
1644418326,B51,1,0,,2003,0,0,,2003,
1644418326,os4,1,0,,2003,0,0,,2003,
1644418326,in4,1,0,,2003,0,0,,2003,
1644418326,B33,1,0,,2003,0,0,,2003,
1644418326,in27,1,0,,2004,0,0,,2004,
1644418326,B14,1,0,,2004,0,0,,2004,
1644418326,B11,1,0,,2004,0,0,,2004,
1644418326,cn12,1,0,,2004,0,0,,2004,
1644418326,B54,1,1,job822_scenario1_1962,2004,0,0,,2004,
1644418326,B51,1,0,,2004,0,0,,2004,
1644418326,os4,1,0,,2004,0,0,,2004,
1644418326,in4,1,0,,2004,0,0,,2004,
1644418326,B33,1,0,,2004,0,0,,2004,
1644418326,in27,1,0,,2005,0,0,,2005,
1644418326,B14,1,0,,2005,0,0,,2005,
1644418326,B11,1,0,,2005,0,0,,2005,
1644418326,cn12,1,0,,2005,0,0,,2005,
1644418326,B54,1,1,job822_scenario1_1962,2005,0,0,,2005,
1644418326,B51,1,0,,2005,0,0,,2005,
1644418326,os4,1,0,,2005,0,0,,2005,
1644418326,in4,1,0,,2005,0,0,,2005,
1644418326,B33,1,0,,2005,0,0,,2005,
1644418326,in27,1,0,,2006,0,0,,2006,
1644418326,B14,1,0,,2006,0,0,,2006,
1644418326,B11,1,0,,2006,0,0,,2006,
1644418326,cn12,1,0,,2006,0,0,,2006,
1644418326,B54,1,1,job822_scenario1_1962,2006,0,0,,2006,
1644418326,B51,1,0,,2006,0,0,,2006,
1644418327,os4,1,0,,2006,0,0,,2006,
1644418327,in4,1,0,,2006,0,0,,2006,
1644418327,B33,1,0,,2006,0,0,,2006,
1644418328,in27,1,0,,2007,0,0,,2007,
1644418328,B14,1,0,,2007,0,0,,2007,
1644418328,B11,1,1,job830_scenario3_2004,2007,0,0,,2007,
1644418328,cn12,1,0,,2007,0,0,,2007,
1644418328,B54,1,0,,2007,0,0,,2007,
1644418328,B51,1,0,,2007,0,0,,2007,
1644418328,os4,1,0,,2007,0,0,,2007,
1644418328,in4,1,0,,2007,0,0,,2007,
1644418328,B33,1,0,,2007,0,0,,2007,
1644418328,in27,1,0,,2008,0,0,,2008,
1644418328,B14,1,0,,2008,0,0,,2008,
1644418328,B11,1,1,job830_scenario3_2004,2008,0,0,,2008,
1644418328,cn12,1,0,,2008,0,0,,2008,
1644418328,B54,1,0,,2008,0,0,,2008,
1644418328,B51,1,0,,2008,0,0,,2008,
1644418328,os4,1,0,,2008,0,0,,2008,
1644418328,in4,1,0,,2008,0,0,,2008,
1644418328,B33,1,0,,2008,0,0,,2008,
1644418328,in27,1,0,,2009,0,0,,2009,
1644418328,B14,1,0,,2009,0,0,,2009,
1644418328,B11,1,1,job830_scenario3_2004,2009,0,0,,2009,
1644418328,cn12,1,0,,2009,0,0,,2009,
1644418328,B54,1,0,,2009,0,0,,2009,
1644418328,B51,1,0,,2009,0,0,,2009,
1644418328,os4,1,0,,2009,0,0,,2009,
1644418328,in4,1,0,,2009,0,0,,2009,
1644418328,B33,1,0,,2009,0,0,,2009,
1644418328,in27,1,0,,2010,0,0,,2010,
1644418328,B14,1,0,,2010,0,0,,2010,
1644418328,B11,1,1,job830_scenario3_2004,2010,0,0,,2010,
1644418328,cn12,1,0,,2010,0,0,,2010,
1644418328,B54,1,0,,2010,0,0,,2010,
1644418328,B51,1,0,,2010,0,0,,2010,
1644418328,os4,1,0,,2010,0,0,,2010,
1644418328,in4,1,0,,2010,0,0,,2010,
1644418328,B33,1,0,,2010,0,0,,2010,
1644418328,in27,1,0,,2011,0,0,,2011,
1644418328,B14,1,0,,2011,0,0,,2011,
1644418328,B11,1,0,,2011,0,0,,2011,
1644418328,cn12,1,0,,2011,0,0,,2011,
1644418328,B54,1,0,,2011,0,0,,2011,
1644418328,B51,1,0,,2011,0,0,,2011,
1644418328,os4,1,0,,2011,0,0,,2011,
1644418328,in4,1,0,,2011,0,0,,2011,
1644418328,B33,1,0,,2011,0,0,,2011,
1644418328,in27,1,0,,2012,0,0,,2012,
1644418328,B14,1,0,,2012,0,0,,2012,
1644418328,B11,1,0,,2012,0,0,,2012,
1644418328,cn12,1,0,,2012,0,0,,2012,
1644418328,B54,1,0,,2012,0,0,,2012,
1644418328,B51,1,0,,2012,0,0,,2012,
1644418328,os4,1,0,,2012,0,0,,2012,
1644418328,in4,1,0,,2012,0,0,,2012,
1644418328,B33,1,0,,2012,0,0,,2012,
1644418329,in27,1,0,,2013,0,0,,2013,
1644418329,B14,1,0,,2013,0,0,,2013,
1644418329,B11,1,0,,2013,0,0,,2013,
1644418329,cn12,1,0,,2013,0,0,,2013,
1644418329,B54,1,0,,2013,0,0,,2013,
1644418329,B51,1,0,,2013,0,0,,2013,
1644418329,os4,1,1,job832_scenario4_2008,2013,0,0,,2013,
1644418329,in4,1,0,,2013,0,0,,2013,
1644418329,B33,1,0,,2013,0,0,,2013,
1644418329,in27,1,0,,2014,0,0,,2014,
1644418329,B14,1,0,,2014,0,0,,2014,
1644418329,B11,1,0,,2014,0,0,,2014,
1644418329,cn12,1,0,,2014,0,0,,2014,
1644418329,B54,1,0,,2014,0,0,,2014,
1644418329,B51,1,0,,2014,0,0,,2014,
1644418329,os4,1,1,job832_scenario4_2008,2014,0,0,,2014,
1644418329,in4,1,0,,2014,0,0,,2014,
1644418329,B33,1,0,,2014,0,0,,2014,
1644418329,in27,1,0,,2015,0,0,,2015,
1644418329,B14,1,0,,2015,0,0,,2015,
1644418329,B11,1,0,,2015,0,0,,2015,
1644418329,cn12,1,0,,2015,0,0,,2015,
1644418329,B54,1,1,job833_scenario1_2012,2015,0,0,,2015,
1644418329,B51,1,0,,2015,0,0,,2015,
1644418329,os4,1,1,job832_scenario4_2008,2015,0,0,,2015,
1644418329,in4,1,0,,2015,0,0,,2015,
1644418329,B33,1,0,,2015,0,0,,2015,
1644418330,in27,1,0,,2016,0,0,,2016,
1644418330,B14,1,0,,2016,0,0,,2016,
1644418330,B11,1,0,,2016,0,0,,2016,
1644418330,cn12,1,0,,2016,0,0,,2016,
1644418330,B54,1,0,,2016,0,0,,2016,
1644418330,B51,1,0,,2016,0,0,,2016,
1644418330,os4,1,1,job832_scenario4_2008,2016,0,0,,2016,
1644418330,in4,1,0,,2016,0,0,,2016,
1644418330,B33,1,0,,2016,0,0,,2016,
1644418330,in27,1,0,,2017,0,0,,2017,
1644418330,B14,1,0,,2017,0,0,,2017,
1644418330,B11,1,0,,2017,0,0,,2017,
1644418330,cn12,1,0,,2017,0,0,,2017,
1644418330,B54,1,0,,2017,0,0,,2017,
1644418330,B51,1,0,,2017,0,0,,2017,
1644418330,os4,1,1,job832_scenario4_2008,2017,0,0,,2017,
1644418330,in4,1,0,,2017,0,0,,2017,
1644418330,B33,1,0,,2017,0,0,,2017,
1644418330,in27,1,0,,2018,0,0,,2018,
1644418330,B14,1,0,,2018,0,0,,2018,
1644418330,B11,1,0,,2018,0,0,,2018,
1644418330,cn12,1,0,,2018,0,0,,2018,
1644418330,B54,1,0,,2018,0,0,,2018,
1644418330,B51,1,0,,2018,0,0,,2018,
1644418330,os4,1,0,,2018,0,0,,2018,
1644418330,in4,1,0,,2018,0,0,,2018,
1644418330,B33,1,0,,2018,0,0,,2018,
1644418330,in27,1,0,,2019,0,0,,2019,
1644418330,B14,1,0,,2019,0,0,,2019,
1644418330,B11,1,0,,2019,0,0,,2019,
1644418330,cn12,1,0,,2019,0,0,,2019,
1644418330,B54,1,0,,2019,0,0,,2019,
1644418330,B51,1,0,,2019,0,0,,2019,
1644418330,os4,1,0,,2019,0,0,,2019,
1644418330,in4,1,0,,2019,0,0,,2019,
1644418330,B33,1,0,,2019,0,0,,2019,
1644418330,in27,1,0,,2020,0,0,,2020,
1644418330,B14,1,0,,2020,0,0,,2020,
1644418330,B11,1,0,,2020,0,0,,2020,
1644418330,cn12,1,0,,2020,0,0,,2020,
1644418330,B54,1,0,,2020,0,0,,2020,
1644418330,B51,1,0,,2020,0,0,,2020,
1644418330,os4,1,0,,2020,0,0,,2020,
1644418331,in4,1,0,,2020,0,0,,2020,
1644418331,B33,1,0,,2020,0,0,,2020,
1644418331,in27,1,0,,2021,0,0,,2021,
1644418331,B14,1,0,,2021,0,0,,2021,
1644418331,B11,1,0,,2021,0,0,,2021,
1644418331,cn12,1,0,,2021,0,0,,2021,
1644418331,B54,1,0,,2021,0,0,,2021,
1644418331,B51,1,0,,2021,0,0,,2021,
1644418331,os4,1,0,,2021,0,0,,2021,
1644418331,in4,1,0,,2021,0,0,,2021,
1644418331,B33,1,0,,2021,0,0,,2021,
1644418331,in27,1,0,,2022,0,0,,2022,
1644418331,B14,1,0,,2022,0,0,,2022,
1644418331,B11,1,0,,2022,0,0,,2022,
1644418331,cn12,1,0,,2022,0,0,,2022,
1644418331,B54,1,0,,2022,0,0,,2022,
1644418331,B51,1,0,,2022,0,0,,2022,
1644418331,os4,1,0,,2022,0,0,,2022,
1644418331,in4,1,0,,2022,0,0,,2022,
1644418331,B33,1,0,,2022,0,0,,2022,
1644418331,in27,1,0,,2023,0,0,,2023,
1644418331,B14,1,0,,2023,0,0,,2023,
1644418331,B11,1,0,,2023,0,0,,2023,
1644418331,cn12,1,0,,2023,0,0,,2023,
1644418331,B54,1,0,,2023,0,0,,2023,
1644418331,B51,1,0,,2023,0,0,,2023,
1644418331,os4,1,0,,2023,0,0,,2023,
1644418331,in4,1,0,,2023,0,0,,2023,
1644418331,B33,1,0,,2023,0,0,,2023,
1644418331,in27,1,0,,2024,0,0,,2024,
1644418331,B14,1,0,,2024,0,0,,2024,
1644418331,B11,1,0,,2024,0,0,,2024,
1644418331,cn12,1,0,,2024,0,0,,2024,
1644418331,B54,1,0,,2024,0,0,,2024,
1644418331,B51,1,0,,2024,0,0,,2024,
1644418331,os4,1,0,,2024,0,0,,2024,
1644418332,in4,1,0,,2024,0,0,,2024,
1644418332,B33,1,0,,2024,0,0,,2024,
1644418332,in27,1,0,,2025,0,0,,2025,
1644418332,B14,1,0,,2025,0,0,,2025,
1644418332,B11,1,0,,2025,0,0,,2025,
1644418332,cn12,1,0,,2025,0,0,,2025,
1644418332,B54,1,0,,2025,0,0,,2025,
1644418332,B51,1,0,,2025,0,0,,2025,
1644418332,os4,1,0,,2025,0,0,,2025,
1644418332,in4,1,0,,2025,0,0,,2025,
1644418332,B33,1,0,,2025,0,0,,2025,
1644418332,in27,1,0,,2026,0,0,,2026,
1644418332,B14,1,0,,2026,0,0,,2026,
1644418332,B11,1,0,,2026,0,0,,2026,
1644418332,cn12,1,0,,2026,0,0,,2026,
1644418332,B54,1,0,,2026,0,0,,2026,
1644418332,B51,1,0,,2026,0,0,,2026,
1644418332,os4,1,0,,2026,0,0,,2026,
1644418332,in4,1,0,,2026,0,0,,2026,
1644418332,B33,1,0,,2026,0,0,,2026,
1644418332,in27,1,0,,2027,0,0,,2027,
1644418332,B14,1,0,,2027,0,0,,2027,
1644418332,B11,1,0,,2027,0,0,,2027,
1644418332,cn12,1,0,,2027,0,0,,2027,
1644418332,B54,1,0,,2027,0,0,,2027,
1644418332,B51,1,0,,2027,0,0,,2027,
1644418332,os4,1,0,,2027,0,0,,2027,
1644418332,in4,1,0,,2027,0,0,,2027,
1644418332,B33,1,0,,2027,0,0,,2027,
1644418332,in27,1,0,,2028,0,0,,2028,
1644418332,B14,1,0,,2028,0,0,,2028,
1644418332,B11,1,0,,2028,0,0,,2028,
1644418332,cn12,1,0,,2028,0,0,,2028,
1644418332,B54,1,0,,2028,0,0,,2028,
1644418332,B51,1,0,,2028,0,0,,2028,
1644418332,os4,1,0,,2028,0,0,,2028,
1644418332,in4,1,0,,2028,0,0,,2028,
1644418332,B33,1,0,,2028,0,0,,2028,
1644418332,in27,1,0,,2029,0,0,,2029,
1644418332,B14,1,0,,2029,0,0,,2029,
1644418332,B11,1,0,,2029,0,0,,2029,
1644418332,cn12,1,0,,2029,0,0,,2029,
1644418332,B54,1,0,,2029,0,0,,2029,
1644418332,B51,1,0,,2029,0,0,,2029,
1644418332,os4,1,0,,2029,0,0,,2029,
1644418332,in4,1,0,,2029,0,0,,2029,
1644418332,B33,1,0,,2029,0,0,,2029,
1644418333,in27,1,0,,2030,0,0,,2030,
1644418333,B14,1,0,,2030,0,0,,2030,
1644418333,B11,1,0,,2030,0,0,,2030,
1644418333,cn12,1,0,,2030,0,0,,2030,
1644418333,B54,1,1,job838_scenario1_2027,2030,0,0,,2030,
1644418333,B51,1,0,,2030,0,0,,2030,
1644418333,os4,1,0,,2030,0,0,,2030,
1644418333,in4,1,0,,2030,0,0,,2030,
1644418333,B33,1,0,,2030,0,0,,2030,
1644418333,in27,1,0,,2031,0,0,,2031,
1644418333,B14,1,0,,2031,0,0,,2031,
1644418333,B11,1,0,,2031,0,0,,2031,
1644418333,cn12,1,0,,2031,0,0,,2031,
1644418333,B54,1,1,job838_scenario1_2027,2031,0,0,,2031,
1644418333,B51,1,0,,2031,0,0,,2031,
1644418333,os4,1,0,,2031,0,0,,2031,
1644418333,in4,1,0,,2031,0,0,,2031,
1644418333,B33,1,0,,2031,0,0,,2031,
1644418333,in27,1,0,,2032,0,0,,2032,
1644418333,B14,1,0,,2032,0,0,,2032,
1644418333,B11,1,0,,2032,0,0,,2032,
1644418333,cn12,1,0,,2032,0,0,,2032,
1644418333,B54,1,0,,2032,0,0,,2032,
1644418333,B51,1,0,,2032,0,0,,2032,
1644418333,os4,1,0,,2032,0,0,,2032,
1644418333,in4,1,0,,2032,0,0,,2032,
1644418333,B33,1,0,,2032,0,0,,2032,
1644418334,in27,1,0,,2033,0,0,,2033,
1644418334,B14,1,0,,2033,0,0,,2033,
1644418334,B11,1,0,,2033,0,0,,2033,
1644418334,cn12,1,0,,2033,0,0,,2033,
1644418334,B54,1,1,job839_scenario1_2030,2033,0,0,,2033,
1644418334,B51,1,0,,2033,0,0,,2033,
1644418334,os4,1,0,,2033,0,0,,2033,
1644418334,in4,1,0,,2033,0,0,,2033,
1644418334,B33,1,0,,2033,0,0,,2033,
1644418334,in27,1,0,,2034,0,0,,2034,
1644418334,B14,1,0,,2034,0,0,,2034,
1644418334,B11,1,0,,2034,0,0,,2034,
1644418334,cn12,1,0,,2034,0,0,,2034,
1644418334,B54,1,0,,2034,0,0,,2034,
1644418334,B51,1,0,,2034,0,0,,2034,
1644418334,os4,1,0,,2034,0,0,,2034,
1644418334,in4,1,0,,2034,0,0,,2034,
1644418334,B33,1,0,,2034,0,0,,2034,
1644418334,in27,1,0,,2035,0,0,,2035,
1644418334,B14,1,0,,2035,0,0,,2035,
1644418334,B11,1,0,,2035,0,0,,2035,
1644418334,cn12,1,0,,2035,0,0,,2035,
1644418334,B54,1,0,,2035,0,0,,2035,
1644418334,B51,1,0,,2035,0,0,,2035,
1644418334,os4,1,0,,2035,0,0,,2035,
1644418334,in4,1,0,,2035,0,0,,2035,
1644418334,B33,1,0,,2035,0,0,,2035,
1644418334,in27,1,0,,2036,0,0,,2036,
1644418334,B14,1,0,,2036,0,0,,2036,
1644418334,B11,1,0,,2036,0,0,,2036,
1644418334,cn12,1,0,,2036,0,0,,2036,
1644418334,B54,1,0,,2036,0,0,,2036,
1644418334,B51,1,0,,2036,0,0,,2036,
1644418334,os4,1,0,,2036,0,0,,2036,
1644418334,in4,1,0,,2036,0,0,,2036,
1644418334,B33,1,0,,2036,0,0,,2036,
1644418334,in27,1,0,,2037,0,0,,2037,
1644418334,B14,1,0,,2037,0,0,,2037,
1644418334,B11,1,0,,2037,0,0,,2037,
1644418334,cn12,1,0,,2037,0,0,,2037,
1644418334,B54,1,0,,2037,0,0,,2037,
1644418334,B51,1,0,,2037,0,0,,2037,
1644418334,os4,1,0,,2037,0,0,,2037,
1644418334,in4,1,0,,2037,0,0,,2037,
1644418334,B33,1,0,,2037,0,0,,2037,
1644418335,in27,1,0,,2038,0,0,,2038,
1644418335,B14,1,0,,2038,0,0,,2038,
1644418335,B11,1,0,,2038,0,0,,2038,
1644418335,cn12,1,0,,2038,0,0,,2038,
1644418335,B54,1,0,,2038,0,0,,2038,
1644418335,B51,1,0,,2038,0,0,,2038,
1644418335,os4,1,0,,2038,0,0,,2038,
1644418335,in4,1,0,,2038,0,0,,2038,
1644418335,B33,1,0,,2038,0,0,,2038,
1644418335,in27,1,0,,2039,0,0,,2039,
1644418335,B14,1,0,,2039,0,0,,2039,
1644418335,B11,1,0,,2039,0,0,,2039,
1644418335,cn12,1,0,,2039,0,0,,2039,
1644418335,B54,1,0,,2039,0,0,,2039,
1644418335,B51,1,0,,2039,0,0,,2039,
1644418335,os4,1,0,,2039,0,0,,2039,
1644418335,in4,1,0,,2039,0,0,,2039,
1644418335,B33,1,0,,2039,0,0,,2039,
1644418335,in27,1,0,,2040,0,0,,2040,
1644418335,B14,1,0,,2040,0,0,,2040,
1644418335,B11,1,0,,2040,0,0,,2040,
1644418335,cn12,1,0,,2040,0,0,,2040,
1644418335,B54,1,0,,2040,0,0,,2040,
1644418335,B51,1,0,,2040,0,0,,2040,
1644418335,os4,1,0,,2040,0,0,,2040,
1644418335,in4,1,0,,2040,0,0,,2040,
1644418335,B33,1,0,,2040,0,0,,2040,
1644418336,in27,1,0,,2041,0,0,,2041,
1644418336,B14,1,0,,2041,0,0,,2041,
1644418336,B11,1,0,,2041,0,0,,2041,
1644418336,cn12,1,0,,2041,0,0,,2041,
1644418336,B54,1,0,,2041,0,0,,2041,
1644418336,B51,1,0,,2041,0,0,,2041,
1644418336,os4,1,0,,2041,0,0,,2041,
1644418336,in4,1,0,,2041,0,0,,2041,
1644418336,B33,1,0,,2041,0,0,,2041,
1644418336,in27,1,0,,2042,0,0,,2042,
1644418336,B14,1,0,,2042,0,0,,2042,
1644418336,B11,1,0,,2042,0,0,,2042,
1644418336,cn12,1,0,,2042,0,0,,2042,
1644418336,B54,1,1,job840_scenario1_2033,2042,0,0,,2042,
1644418336,B51,1,0,,2042,0,0,,2042,
1644418336,os4,1,0,,2042,0,0,,2042,
1644418336,in4,1,0,,2042,0,0,,2042,
1644418336,B33,1,0,,2042,0,0,,2042,
1644418336,in27,1,0,,2043,0,0,,2043,
1644418336,B14,1,0,,2043,0,0,,2043,
1644418336,B11,1,0,,2043,0,0,,2043,
1644418336,cn12,1,0,,2043,0,0,,2043,
1644418336,B54,1,1,job840_scenario1_2033,2043,0,0,,2043,
1644418336,B51,1,0,,2043,0,0,,2043,
1644418336,os4,1,0,,2043,0,0,,2043,
1644418336,in4,1,0,,2043,0,0,,2043,
1644418336,B33,1,0,,2043,0,0,,2043,
1644418336,in27,1,0,,2044,0,0,,2044,
1644418336,B14,1,0,,2044,0,0,,2044,
1644418336,B11,1,0,,2044,0,0,,2044,
1644418336,cn12,1,0,,2044,0,0,,2044,
1644418336,B54,1,1,job840_scenario1_2033,2044,0,0,,2044,
1644418336,B51,1,0,,2044,0,0,,2044,
1644418337,os4,1,0,,2044,0,0,,2044,
1644418337,in4,1,0,,2044,0,0,,2044,
1644418337,B33,1,0,,2044,0,0,,2044,
1644418337,in27,1,0,,2045,0,0,,2045,
1644418337,B14,1,0,,2045,0,0,,2045,
1644418337,B11,1,0,,2045,0,0,,2045,
1644418337,cn12,1,0,,2045,0,0,,2045,
1644418337,B54,1,1,job840_scenario1_2033,2045,0,0,,2045,
1644418337,B51,1,0,,2045,0,0,,2045,
1644418337,os4,1,0,,2045,0,0,,2045,
1644418337,in4,1,0,,2045,0,0,,2045,
1644418337,B33,1,0,,2045,0,0,,2045,
1644418337,in27,1,0,,2046,0,0,,2046,
1644418337,B14,1,0,,2046,0,0,,2046,
1644418337,B11,1,0,,2046,0,0,,2046,
1644418337,cn12,1,0,,2046,0,0,,2046,
1644418337,B54,1,1,job840_scenario1_2033,2046,0,0,,2046,
1644418337,B51,1,0,,2046,0,0,,2046,
1644418337,os4,1,0,,2046,0,0,,2046,
1644418337,in4,1,0,,2046,0,0,,2046,
1644418337,B33,1,0,,2046,0,0,,2046,
1644418337,in27,1,0,,2047,0,0,,2047,
1644418337,B14,1,0,,2047,0,0,,2047,
1644418337,B11,1,0,,2047,0,0,,2047,
1644418337,cn12,1,0,,2047,0,0,,2047,
1644418337,B54,1,1,job840_scenario1_2033,2047,0,0,,2047,
1644418337,B51,1,0,,2047,0,0,,2047,
1644418337,os4,1,0,,2047,0,0,,2047,
1644418337,in4,1,0,,2047,0,0,,2047,
1644418337,B33,1,0,,2047,0,0,,2047,
1644418337,in27,1,0,,2048,0,0,,2048,
1644418337,B14,1,0,,2048,0,0,,2048,
1644418337,B11,1,0,,2048,0,0,,2048,
1644418337,cn12,1,0,,2048,0,0,,2048,
1644418337,B54,1,0,,2048,0,0,,2048,
1644418337,B51,1,0,,2048,0,0,,2048,
1644418337,os4,1,0,,2048,0,0,,2048,
1644418337,in4,1,0,,2048,0,0,,2048,
1644418337,B33,1,0,,2048,0,0,,2048,
1644418338,in27,1,0,,2049,0,0,,2049,
1644418338,B14,1,0,,2049,0,0,,2049,
1644418338,B11,1,0,,2049,0,0,,2049,
1644418338,cn12,1,0,,2049,0,0,,2049,
1644418338,B54,1,1,job842_scenario1_2046,2049,0,0,,2049,
1644418338,B51,1,0,,2049,0,0,,2049,
1644418338,os4,1,0,,2049,0,0,,2049,
1644418338,in4,1,0,,2049,0,0,,2049,
1644418338,B33,1,0,,2049,0,0,,2049,
1644418338,in27,1,0,,2050,0,0,,2050,
1644418338,B14,1,0,,2050,0,0,,2050,
1644418338,B11,1,0,,2050,0,0,,2050,
1644418338,cn12,1,0,,2050,0,0,,2050,
1644418338,B54,1,1,job842_scenario1_2046,2050,0,0,,2050,
1644418338,B51,1,0,,2050,0,0,,2050,
1644418338,os4,1,0,,2050,0,0,,2050,
1644418338,in4,1,0,,2050,0,0,,2050,
1644418338,B33,1,0,,2050,0,0,,2050,
1644418338,in27,1,0,,2051,0,0,,2051,
1644418338,B14,1,0,,2051,0,0,,2051,
1644418338,B11,1,0,,2051,0,0,,2051,
1644418338,cn12,1,0,,2051,0,0,,2051,
1644418338,B54,1,1,job842_scenario1_2046,2051,0,0,,2051,
1644418338,B51,1,0,,2051,0,0,,2051,
1644418338,os4,1,0,,2051,0,0,,2051,
1644418338,in4,1,0,,2051,0,0,,2051,
1644418338,B33,1,0,,2051,0,0,,2051,
1644418339,in27,1,0,,2052,0,0,,2052,
1644418339,B14,1,0,,2052,0,0,,2052,
1644418339,B11,1,0,,2052,0,0,,2052,
1644418339,cn12,1,0,,2052,0,0,,2052,
1644418339,B54,1,0,,2052,0,0,,2052,
1644418339,B51,1,0,,2052,0,0,,2052,
1644418339,os4,1,0,,2052,0,0,,2052,
1644418339,in4,1,0,,2052,0,0,,2052,
1644418339,B33,1,0,,2052,0,0,,2052,
1644418339,in27,1,0,,2053,0,0,,2053,
1644418339,B14,1,0,,2053,0,0,,2053,
1644418339,B11,1,0,,2053,0,0,,2053,
1644418339,cn12,1,0,,2053,0,0,,2053,
1644418339,B54,1,0,,2053,0,0,,2053,
1644418339,B51,1,0,,2053,0,0,,2053,
1644418339,os4,1,0,,2053,0,0,,2053,
1644418339,in4,1,0,,2053,0,0,,2053,
1644418339,B33,1,0,,2053,0,0,,2053,
1644418339,in27,1,0,,2054,0,0,,2054,
1644418339,B14,1,0,,2054,0,0,,2054,
1644418339,B11,1,0,,2054,0,0,,2054,
1644418339,cn12,1,0,,2054,0,0,,2054,
1644418339,B54,1,0,,2054,0,0,,2054,
1644418339,B51,1,0,,2054,0,0,,2054,
1644418339,os4,1,0,,2054,0,0,,2054,
1644418339,in4,1,0,,2054,0,0,,2054,
1644418339,B33,1,0,,2054,0,0,,2054,
1644418339,in27,1,0,,2055,0,0,,2055,
1644418339,B14,1,0,,2055,0,0,,2055,
1644418339,B11,1,0,,2055,0,0,,2055,
1644418339,cn12,1,0,,2055,0,0,,2055,
1644418339,B54,1,0,,2055,0,0,,2055,
1644418339,B51,1,0,,2055,0,0,,2055,
1644418339,os4,1,0,,2055,0,0,,2055,
1644418339,in4,1,0,,2055,0,0,,2055,
1644418339,B33,1,0,,2055,0,0,,2055,
1644418339,in27,1,0,,2056,0,0,,2056,
1644418339,B14,1,0,,2056,0,0,,2056,
1644418339,B11,1,0,,2056,0,0,,2056,
1644418339,cn12,1,0,,2056,0,0,,2056,
1644418339,B54,1,0,,2056,0,0,,2056,
1644418339,B51,1,0,,2056,0,0,,2056,
1644418339,os4,1,0,,2056,0,0,,2056,
1644418339,in4,1,0,,2056,0,0,,2056,
1644418339,B33,1,0,,2056,0,0,,2056,
1644418339,in27,1,0,,2057,0,0,,2057,
1644418339,B14,1,0,,2057,0,0,,2057,
1644418339,B11,1,0,,2057,0,0,,2057,
1644418339,cn12,1,0,,2057,0,0,,2057,
1644418339,B54,1,0,,2057,0,0,,2057,
1644418339,B51,1,0,,2057,0,0,,2057,
1644418339,os4,1,0,,2057,0,0,,2057,
1644418339,in4,1,0,,2057,0,0,,2057,
1644418339,B33,1,0,,2057,0,0,,2057,
1644418340,in27,1,0,,2058,0,0,,2058,
1644418340,B14,1,0,,2058,0,0,,2058,
1644418340,B11,1,0,,2058,0,0,,2058,
1644418340,cn12,1,0,,2058,0,0,,2058,
1644418340,B54,1,0,,2058,0,0,,2058,
1644418340,B51,1,0,,2058,0,0,,2058,
1644418340,os4,1,0,,2058,0,0,,2058,
1644418340,in4,1,0,,2058,0,0,,2058,
1644418340,B33,1,0,,2058,0,0,,2058,
1644418340,in27,1,0,,2059,0,0,,2059,
1644418340,B14,1,0,,2059,0,0,,2059,
1644418340,B11,1,0,,2059,0,0,,2059,
1644418340,cn12,1,0,,2059,0,0,,2059,
1644418340,B54,1,0,,2059,0,0,,2059,
1644418340,B51,1,0,,2059,0,0,,2059,
1644418340,os4,1,0,,2059,0,0,,2059,
1644418340,in4,1,0,,2059,0,0,,2059,
1644418340,B33,1,0,,2059,0,0,,2059,
1644418340,in27,1,0,,2060,0,0,,2060,
1644418340,B14,1,0,,2060,0,0,,2060,
1644418340,B11,1,0,,2060,0,0,,2060,
1644418340,cn12,1,0,,2060,0,0,,2060,
1644418340,B54,1,0,,2060,0,0,,2060,
1644418340,B51,1,0,,2060,0,0,,2060,
1644418340,os4,1,0,,2060,0,0,,2060,
1644418340,in4,1,0,,2060,0,0,,2060,
1644418340,B33,1,0,,2060,0,0,,2060,
1644418340,in27,1,0,,2061,0,0,,2061,
1644418340,B14,1,0,,2061,0,0,,2061,
1644418340,B11,1,0,,2061,0,0,,2061,
1644418340,cn12,1,0,,2061,0,0,,2061,
1644418340,B54,1,0,,2061,0,0,,2061,
1644418341,B51,1,0,,2061,0,0,,2061,
1644418341,os4,1,0,,2061,0,0,,2061,
1644418341,in4,1,0,,2061,0,0,,2061,
1644418341,B33,1,0,,2061,0,0,,2061,
1644418341,in27,1,0,,2062,0,0,,2062,
1644418341,B14,1,0,,2062,0,0,,2062,
1644418341,B11,1,0,,2062,0,0,,2062,
1644418341,cn12,1,0,,2062,0,0,,2062,
1644418341,B54,1,0,,2062,0,0,,2062,
1644418341,B51,1,0,,2062,0,0,,2062,
1644418341,os4,1,0,,2062,0,0,,2062,
1644418341,in4,1,0,,2062,0,0,,2062,
1644418341,B33,1,0,,2062,0,0,,2062,
1644418342,in27,1,0,,2063,0,0,,2063,
1644418342,B14,1,0,,2063,0,0,,2063,
1644418342,B11,1,0,,2063,0,0,,2063,
1644418342,cn12,1,0,,2063,0,0,,2063,
1644418342,B54,1,1,job837_scenario0_2024,2063,0,0,,2063,
1644418342,B51,1,0,,2063,0,0,,2063,
1644418342,os4,1,0,,2063,0,0,,2063,
1644418342,in4,1,0,,2063,0,0,,2063,
1644418342,B33,1,0,,2063,0,0,,2063,
1644418342,in27,1,0,,2064,0,0,,2064,
1644418342,B14,1,0,,2064,0,0,,2064,
1644418342,B11,1,0,,2064,0,0,,2064,
1644418342,cn12,1,0,,2064,0,0,,2064,
1644418342,B54,1,1,job837_scenario0_2024,2064,0,0,,2064,
1644418342,B51,1,0,,2064,0,0,,2064,
1644418342,os4,1,0,,2064,0,0,,2064,
1644418342,in4,1,0,,2064,0,0,,2064,
1644418342,B33,1,0,,2064,0,0,,2064,
1644418342,in27,1,0,,2065,0,0,,2065,
1644418342,B14,1,0,,2065,0,0,,2065,
1644418342,B11,1,0,,2065,0,0,,2065,
1644418342,cn12,1,0,,2065,0,0,,2065,
1644418342,B54,1,1,job837_scenario0_2024,2065,0,0,,2065,
1644418342,B51,1,0,,2065,0,0,,2065,
1644418342,os4,1,0,,2065,0,0,,2065,
1644418342,in4,1,0,,2065,0,0,,2065,
1644418342,B33,1,0,,2065,0,0,,2065,
1644418342,in27,1,0,,2066,0,0,,2066,
1644418342,B14,1,0,,2066,0,0,,2066,
1644418342,B11,1,0,,2066,0,0,,2066,
1644418342,cn12,1,0,,2066,0,0,,2066,
1644418342,B54,1,1,job837_scenario0_2024,2066,0,0,,2066,
1644418342,B51,1,0,,2066,0,0,,2066,
1644418342,os4,1,0,,2066,0,0,,2066,
1644418342,in4,1,0,,2066,0,0,,2066,
1644418342,B33,1,0,,2066,0,0,,2066,
1644418342,in27,1,0,,2067,0,0,,2067,
1644418342,B14,1,0,,2067,0,0,,2067,
1644418342,B11,1,0,,2067,0,0,,2067,
1644418342,cn12,1,0,,2067,0,0,,2067,
1644418342,B54,1,1,job837_scenario0_2024,2067,0,0,,2067,
1644418342,B51,1,0,,2067,0,0,,2067,
1644418342,os4,1,0,,2067,0,0,,2067,
1644418342,in4,1,0,,2067,0,0,,2067,
1644418342,B33,1,0,,2067,0,0,,2067,
1644418342,in27,1,0,,2068,0,0,,2068,
1644418342,B14,1,0,,2068,0,0,,2068,
1644418342,B11,1,0,,2068,0,0,,2068,
1644418342,cn12,1,0,,2068,0,0,,2068,
1644418342,B54,1,1,job837_scenario0_2024,2068,0,0,,2068,
1644418342,B51,1,0,,2068,0,0,,2068,
1644418342,os4,1,0,,2068,0,0,,2068,
1644418342,in4,1,0,,2068,0,0,,2068,
1644418342,B33,1,0,,2068,0,0,,2068,
1644418342,in27,1,0,,2069,0,0,,2069,
1644418342,B14,1,0,,2069,0,0,,2069,
1644418342,B11,1,0,,2069,0,0,,2069,
1644418343,cn12,1,0,,2069,0,0,,2069,
1644418343,B54,1,1,job837_scenario0_2024,2069,0,0,,2069,
1644418343,B51,1,0,,2069,0,0,,2069,
1644418343,os4,1,0,,2069,0,0,,2069,
1644418343,in4,1,0,,2069,0,0,,2069,
1644418343,B33,1,0,,2069,0,0,,2069,
1644418343,in27,1,0,,2070,0,0,,2070,
1644418343,B14,1,0,,2070,0,0,,2070,
1644418343,B11,1,0,,2070,0,0,,2070,
1644418343,cn12,1,0,,2070,0,0,,2070,
1644418343,B54,1,1,job837_scenario0_2024,2070,0,0,,2070,
1644418343,B51,1,0,,2070,0,0,,2070,
1644418343,os4,1,0,,2070,0,0,,2070,
1644418343,in4,1,0,,2070,0,0,,2070,
1644418343,B33,1,0,,2070,0,0,,2070,
1644418343,in27,1,0,,2071,0,0,,2071,
1644418343,B14,1,0,,2071,0,0,,2071,
1644418343,B11,1,0,,2071,0,0,,2071,
1644418343,cn12,1,0,,2071,0,0,,2071,
1644418343,B54,1,1,job837_scenario0_2024,2071,0,0,,2071,
1644418343,B51,1,0,,2071,0,0,,2071,
1644418343,os4,1,0,,2071,0,0,,2071,
1644418343,in4,1,0,,2071,0,0,,2071,
1644418343,B33,1,1,job849_scenario2_2067,2071,0,0,,2071,
1644418343,in27,1,0,,2072,0,0,,2072,
1644418343,B14,1,0,,2072,0,0,,2072,
1644418343,B11,1,0,,2072,0,0,,2072,
1644418343,cn12,1,0,,2072,0,0,,2072,
1644418343,B54,1,1,job837_scenario0_2024,2072,0,0,,2072,
1644418343,B51,1,0,,2072,0,0,,2072,
1644418343,os4,1,0,,2072,0,0,,2072,
1644418343,in4,1,0,,2072,0,0,,2072,
1644418343,B33,1,1,job849_scenario2_2067,2072,0,0,,2072,
1644418344,in27,1,0,,2073,0,0,,2073,
1644418344,B14,1,0,,2073,0,0,,2073,
1644418344,B11,1,0,,2073,0,0,,2073,
1644418344,cn12,1,0,,2073,0,0,,2073,
1644418344,B54,1,0,,2073,0,0,,2073,
1644418344,B51,1,1,job850_scenario0_2072,2073,0,0,,2073,
1644418344,os4,1,0,,2073,0,0,,2073,
1644418344,in4,1,0,,2073,0,0,,2073,
1644418344,B33,1,1,job849_scenario2_2067,2073,0,0,,2073,
1644418344,in27,1,0,,2074,0,0,,2074,
1644418344,B14,1,0,,2074,0,0,,2074,
1644418344,B11,1,0,,2074,0,0,,2074,
1644418344,cn12,1,0,,2074,0,0,,2074,
1644418344,B54,1,0,,2074,0,0,,2074,
1644418344,B51,1,1,job850_scenario0_2072,2074,0,0,,2074,
1644418344,os4,1,0,,2074,0,0,,2074,
1644418344,in4,1,0,,2074,0,0,,2074,
1644418344,B33,1,0,,2074,0,0,,2074,
1644418345,in27,1,0,,2075,0,0,,2075,
1644418345,B14,1,0,,2075,0,0,,2075,
1644418345,B11,1,0,,2075,0,0,,2075,
1644418345,cn12,1,0,,2075,0,0,,2075,
1644418345,B54,1,0,,2075,0,0,,2075,
1644418345,B51,1,1,job850_scenario0_2072,2075,0,0,,2075,
1644418345,os4,1,0,,2075,0,0,,2075,
1644418345,in4,1,0,,2075,0,0,,2075,
1644418345,B33,1,0,,2075,0,0,,2075,
1644418346,in27,1,0,,2076,0,0,,2076,
1644418346,B14,1,0,,2076,0,0,,2076,
1644418346,B11,1,0,,2076,0,0,,2076,
1644418346,cn12,1,0,,2076,0,0,,2076,
1644418346,B54,1,1,job851_scenario1_2073,2076,0,0,,2076,
1644418346,B51,1,1,job850_scenario0_2072,2076,0,0,,2076,
1644418346,os4,1,0,,2076,0,0,,2076,
1644418346,in4,1,0,,2076,0,0,,2076,
1644418346,B33,1,0,,2076,0,0,,2076,
1644418346,in27,1,0,,2077,0,0,,2077,
1644418346,B14,1,0,,2077,0,0,,2077,
1644418346,B11,1,0,,2077,0,0,,2077,
1644418346,cn12,1,0,,2077,0,0,,2077,
1644418346,B54,1,1,job851_scenario1_2073,2077,0,0,,2077,
1644418346,B51,1,1,job850_scenario0_2072,2077,0,0,,2077,
1644418346,os4,1,0,,2077,0,0,,2077,
1644418346,in4,1,0,,2077,0,0,,2077,
1644418346,B33,1,0,,2077,0,0,,2077,
1644418346,in27,1,0,,2078,0,0,,2078,
1644418346,B14,1,0,,2078,0,0,,2078,
1644418346,B11,1,0,,2078,0,0,,2078,
1644418346,cn12,1,0,,2078,0,0,,2078,
1644418346,B54,1,1,job851_scenario1_2073,2078,0,0,,2078,
1644418346,B51,1,1,job850_scenario0_2072,2078,0,0,,2078,
1644418346,os4,1,0,,2078,0,0,,2078,
1644418346,in4,1,0,,2078,0,0,,2078,
1644418346,B33,1,0,,2078,0,0,,2078,
1644418346,in27,1,0,,2079,0,0,,2079,
1644418346,B14,1,0,,2079,0,0,,2079,
1644418346,B11,1,0,,2079,0,0,,2079,
1644418346,cn12,1,0,,2079,0,0,,2079,
1644418346,B54,1,1,job851_scenario1_2073,2079,0,0,,2079,
1644418346,B51,1,1,job850_scenario0_2072,2079,0,0,,2079,
1644418346,os4,1,0,,2079,0,0,,2079,
1644418346,in4,1,0,,2079,0,0,,2079,
1644418346,B33,1,0,,2079,0,0,,2079,
1644418346,in27,1,0,,2080,0,0,,2080,
1644418346,B14,1,0,,2080,0,0,,2080,
1644418346,B11,1,0,,2080,0,0,,2080,
1644418346,cn12,1,0,,2080,0,0,,2080,
1644418346,B54,1,1,job851_scenario1_2073,2080,0,0,,2080,
1644418346,B51,1,1,job850_scenario0_2072,2080,0,0,,2080,
1644418346,os4,1,0,,2080,0,0,,2080,
1644418346,in4,1,0,,2080,0,0,,2080,
1644418346,B33,1,0,,2080,0,0,,2080,
1644418346,in27,1,0,,2081,0,0,,2081,
1644418346,B14,1,0,,2081,0,0,,2081,
1644418346,B11,1,0,,2081,0,0,,2081,
1644418346,cn12,1,0,,2081,0,0,,2081,
1644418346,B54,1,1,job851_scenario1_2073,2081,0,0,,2081,
1644418346,B51,1,0,,2081,0,0,,2081,
1644418346,os4,1,0,,2081,0,0,,2081,
1644418346,in4,1,0,,2081,0,0,,2081,
1644418346,B33,1,0,,2081,0,0,,2081,
1644418347,in27,1,0,,2082,0,0,,2082,
1644418347,B14,1,0,,2082,0,0,,2082,
1644418347,B11,1,0,,2082,0,0,,2082,
1644418347,cn12,1,0,,2082,0,0,,2082,
1644418347,B54,1,0,,2082,0,0,,2082,
1644418347,B51,1,0,,2082,0,0,,2082,
1644418347,os4,1,0,,2082,0,0,,2082,
1644418347,in4,1,0,,2082,0,0,,2082,
1644418347,B33,1,0,,2082,0,0,,2082,
1644418347,in27,1,0,,2083,0,0,,2083,
1644418347,B14,1,0,,2083,0,0,,2083,
1644418347,B11,1,0,,2083,0,0,,2083,
1644418347,cn12,1,0,,2083,0,0,,2083,
1644418347,B54,1,0,,2083,0,0,,2083,
1644418347,B51,1,0,,2083,0,0,,2083,
1644418347,os4,1,0,,2083,0,0,,2083,
1644418347,in4,1,0,,2083,0,0,,2083,
1644418347,B33,1,0,,2083,0,0,,2083,
1644418347,in27,1,0,,2084,0,0,,2084,
1644418347,B14,1,0,,2084,0,0,,2084,
1644418347,B11,1,0,,2084,0,0,,2084,
1644418347,cn12,1,0,,2084,0,0,,2084,
1644418347,B54,1,0,,2084,0,0,,2084,
1644418347,B51,1,0,,2084,0,0,,2084,
1644418347,os4,1,0,,2084,0,0,,2084,
1644418347,in4,1,0,,2084,0,0,,2084,
1644418347,B33,1,0,,2084,0,0,,2084,
1644418348,in27,1,0,,2085,0,0,,2085,
1644418348,B14,1,0,,2085,0,0,,2085,
1644418348,B11,1,0,,2085,0,0,,2085,
1644418348,cn12,1,0,,2085,0,0,,2085,
1644418348,B54,1,1,job855_scenario1_2082,2085,0,0,,2085,
1644418348,B51,1,0,,2085,0,0,,2085,
1644418348,os4,1,0,,2085,0,0,,2085,
1644418348,in4,1,0,,2085,0,0,,2085,
1644418348,B33,1,0,,2085,0,0,,2085,
1644418348,in27,1,0,,2086,0,0,,2086,
1644418348,B14,1,0,,2086,0,0,,2086,
1644418348,B11,1,0,,2086,0,0,,2086,
1644418348,cn12,1,0,,2086,0,0,,2086,
1644418348,B54,1,1,job855_scenario1_2082,2086,0,0,,2086,
1644418348,B51,1,0,,2086,0,0,,2086,
1644418348,os4,1,0,,2086,0,0,,2086,
1644418348,in4,1,0,,2086,0,0,,2086,
1644418348,B33,1,0,,2086,0,0,,2086,
1644418348,in27,1,0,,2087,0,0,,2087,
1644418348,B14,1,0,,2087,0,0,,2087,
1644418348,B11,1,0,,2087,0,0,,2087,
1644418348,cn12,1,0,,2087,0,0,,2087,
1644418348,B54,1,0,,2087,0,0,,2087,
1644418348,B51,1,0,,2087,0,0,,2087,
1644418348,os4,1,0,,2087,0,0,,2087,
1644418348,in4,1,0,,2087,0,0,,2087,
1644418348,B33,1,0,,2087,0,0,,2087,
1644418348,in27,1,0,,2088,0,0,,2088,
1644418348,B14,1,0,,2088,0,0,,2088,
1644418348,B11,1,0,,2088,0,0,,2088,
1644418348,cn12,1,0,,2088,0,0,,2088,
1644418348,B54,1,0,,2088,0,0,,2088,
1644418348,B51,1,0,,2088,0,0,,2088,
1644418348,os4,1,0,,2088,0,0,,2088,
1644418348,in4,1,0,,2088,0,0,,2088,
1644418348,B33,1,0,,2088,0,0,,2088,
1644418349,in27,1,0,,2089,0,0,,2089,
1644418349,B14,1,0,,2089,0,0,,2089,
1644418349,B11,1,0,,2089,0,0,,2089,
1644418349,cn12,1,0,,2089,0,0,,2089,
1644418349,B54,1,1,job843_scenario0_2048,2089,0,0,,2089,
1644418349,B51,1,0,,2089,0,0,,2089,
1644418349,os4,1,0,,2089,0,0,,2089,
1644418349,in4,1,0,,2089,0,0,,2089,
1644418349,B33,1,0,,2089,0,0,,2089,
1644418349,in27,1,0,,2090,0,0,,2090,
1644418349,B14,1,0,,2090,0,0,,2090,
1644418349,B11,1,0,,2090,0,0,,2090,
1644418349,cn12,1,0,,2090,0,0,,2090,
1644418349,B54,1,1,job843_scenario0_2048,2090,0,0,,2090,
1644418349,B51,1,0,,2090,0,0,,2090,
1644418349,os4,1,0,,2090,0,0,,2090,
1644418349,in4,1,0,,2090,0,0,,2090,
1644418349,B33,1,0,,2090,0,0,,2090,
1644418349,in27,1,0,,2091,0,0,,2091,
1644418349,B14,1,0,,2091,0,0,,2091,
1644418349,B11,1,0,,2091,0,0,,2091,
1644418349,cn12,1,0,,2091,0,0,,2091,
1644418349,B54,1,1,job843_scenario0_2048,2091,0,0,,2091,
1644418349,B51,1,0,,2091,0,0,,2091,
1644418349,os4,1,0,,2091,0,0,,2091,
1644418349,in4,1,0,,2091,0,0,,2091,
1644418349,B33,1,0,,2091,0,0,,2091,
1644418349,in27,1,0,,2092,0,0,,2092,
1644418349,B14,1,0,,2092,0,0,,2092,
1644418349,B11,1,0,,2092,0,0,,2092,
1644418349,cn12,1,0,,2092,0,0,,2092,
1644418349,B54,1,1,job843_scenario0_2048,2092,0,0,,2092,
1644418349,B51,1,0,,2092,0,0,,2092,
1644418349,os4,1,0,,2092,0,0,,2092,
1644418349,in4,1,0,,2092,0,0,,2092,
1644418349,B33,1,0,,2092,0,0,,2092,
1644418349,in27,1,0,,2093,0,0,,2093,
1644418349,B14,1,0,,2093,0,0,,2093,
1644418349,B11,1,0,,2093,0,0,,2093,
1644418349,cn12,1,0,,2093,0,0,,2093,
1644418349,B54,1,1,job843_scenario0_2048,2093,0,0,,2093,
1644418349,B51,1,0,,2093,0,0,,2093,
1644418349,os4,1,0,,2093,0,0,,2093,
1644418349,in4,1,0,,2093,0,0,,2093,
1644418349,B33,1,0,,2093,0,0,,2093,
1644418349,in27,1,0,,2094,0,0,,2094,
1644418349,B14,1,0,,2094,0,0,,2094,
1644418349,B11,1,0,,2094,0,0,,2094,
1644418349,cn12,1,0,,2094,0,0,,2094,
1644418349,B54,1,0,,2094,0,0,,2094,
1644418349,B51,1,0,,2094,0,0,,2094,
1644418349,os4,1,0,,2094,0,0,,2094,
1644418349,in4,1,0,,2094,0,0,,2094,
1644418349,B33,1,0,,2094,0,0,,2094,
1644418350,in27,1,0,,2095,0,0,,2095,
1644418350,B14,1,0,,2095,0,0,,2095,
1644418350,B11,1,0,,2095,0,0,,2095,
1644418350,cn12,1,0,,2095,0,0,,2095,
1644418350,B54,1,0,,2095,0,0,,2095,
1644418350,B51,1,1,job858_scenario0_2094,2095,0,0,,2095,
1644418350,os4,1,0,,2095,0,0,,2095,
1644418350,in4,1,0,,2095,0,0,,2095,
1644418350,B33,1,0,,2095,0,0,,2095,
1644418350,in27,1,0,,2096,0,0,,2096,
1644418350,B14,1,0,,2096,0,0,,2096,
1644418350,B11,1,0,,2096,0,0,,2096,
1644418350,cn12,1,0,,2096,0,0,,2096,
1644418350,B54,1,0,,2096,0,0,,2096,
1644418350,B51,1,1,job858_scenario0_2094,2096,0,0,,2096,
1644418350,os4,1,0,,2096,0,0,,2096,
1644418350,in4,1,0,,2096,0,0,,2096,
1644418350,B33,1,0,,2096,0,0,,2096,
1644418351,in27,1,0,,2097,0,0,,2097,
1644418351,B14,1,0,,2097,0,0,,2097,
1644418351,B11,1,1,job857_scenario3_2093,2097,0,0,,2097,
1644418351,cn12,1,0,,2097,0,0,,2097,
1644418351,B54,1,0,,2097,0,0,,2097,
1644418351,B51,1,1,job858_scenario0_2094,2097,0,0,,2097,
1644418351,os4,1,0,,2097,0,0,,2097,
1644418351,in4,1,0,,2097,0,0,,2097,
1644418351,B33,1,0,,2097,0,0,,2097,
1644418351,in27,1,0,,2098,0,0,,2098,
1644418351,B14,1,0,,2098,0,0,,2098,
1644418351,B11,1,0,,2098,0,0,,2098,
1644418351,cn12,1,0,,2098,0,0,,2098,
1644418351,B54,1,0,,2098,0,0,,2098,
1644418351,B51,1,1,job858_scenario0_2094,2098,0,0,,2098,
1644418351,os4,1,0,,2098,0,0,,2098,
1644418351,in4,1,0,,2098,0,0,,2098,
1644418351,B33,1,0,,2098,0,0,,2098,
1644418351,in27,1,0,,2099,0,0,,2099,
1644418351,B14,1,0,,2099,0,0,,2099,
1644418351,B11,1,0,,2099,0,0,,2099,
1644418351,cn12,1,0,,2099,0,0,,2099,
1644418351,B54,1,0,,2099,0,0,,2099,
1644418351,B51,1,1,job858_scenario0_2094,2099,0,0,,2099,
1644418351,os4,1,0,,2099,0,0,,2099,
1644418351,in4,1,0,,2099,0,0,,2099,
1644418351,B33,1,0,,2099,0,0,,2099,
1644418351,in27,1,0,,2100,0,0,,2100,
1644418351,B14,1,0,,2100,0,0,,2100,
1644418351,B11,1,0,,2100,0,0,,2100,
1644418351,cn12,1,0,,2100,0,0,,2100,
1644418351,B54,1,0,,2100,0,0,,2100,
1644418351,B51,1,1,job858_scenario0_2094,2100,0,0,,2100,
1644418351,os4,1,0,,2100,0,0,,2100,
1644418351,in4,1,0,,2100,0,0,,2100,
1644418351,B33,1,0,,2100,0,0,,2100,
1644418351,in27,1,0,,2101,0,0,,2101,
1644418351,B14,1,0,,2101,0,0,,2101,
1644418351,B11,1,0,,2101,0,0,,2101,
1644418351,cn12,1,0,,2101,0,0,,2101,
1644418351,B54,1,0,,2101,0,0,,2101,
1644418351,B51,1,1,job858_scenario0_2094,2101,0,0,,2101,
1644418351,os4,1,0,,2101,0,0,,2101,
1644418351,in4,1,0,,2101,0,0,,2101,
1644418351,B33,1,0,,2101,0,0,,2101,
1644418351,in27,1,0,,2102,0,0,,2102,
1644418351,B14,1,0,,2102,0,0,,2102,
1644418351,B11,1,0,,2102,0,0,,2102,
1644418351,cn12,1,0,,2102,0,0,,2102,
1644418351,B54,1,0,,2102,0,0,,2102,
1644418351,B51,1,1,job858_scenario0_2094,2102,0,0,,2102,
1644418351,os4,1,0,,2102,0,0,,2102,
1644418351,in4,1,0,,2102,0,0,,2102,
1644418351,B33,1,0,,2102,0,0,,2102,
1644418351,in27,1,0,,2103,0,0,,2103,
1644418351,B14,1,0,,2103,0,0,,2103,
1644418351,B11,1,0,,2103,0,0,,2103,
1644418351,cn12,1,0,,2103,0,0,,2103,
1644418351,B54,1,0,,2103,0,0,,2103,
1644418351,B51,1,1,job858_scenario0_2094,2103,0,0,,2103,
1644418351,os4,1,0,,2103,0,0,,2103,
1644418351,in4,1,0,,2103,0,0,,2103,
1644418351,B33,1,0,,2103,0,0,,2103,
1644418351,in27,1,0,,2104,0,0,,2104,
1644418351,B14,1,0,,2104,0,0,,2104,
1644418351,B11,1,0,,2104,0,0,,2104,
1644418351,cn12,1,0,,2104,0,0,,2104,
1644418351,B54,1,0,,2104,0,0,,2104,
1644418351,B51,1,1,job858_scenario0_2094,2104,0,0,,2104,
1644418351,os4,1,0,,2104,0,0,,2104,
1644418351,in4,1,0,,2104,0,0,,2104,
1644418351,B33,1,0,,2104,0,0,,2104,
1644418351,in27,1,0,,2105,0,0,,2105,
1644418351,B14,1,0,,2105,0,0,,2105,
1644418351,B11,1,0,,2105,0,0,,2105,
1644418351,cn12,1,0,,2105,0,0,,2105,
1644418351,B54,1,0,,2105,0,0,,2105,
1644418351,B51,1,1,job858_scenario0_2094,2105,0,0,,2105,
1644418351,os4,1,0,,2105,0,0,,2105,
1644418351,in4,1,0,,2105,0,0,,2105,
1644418351,B33,1,0,,2105,0,0,,2105,
1644418352,in27,1,0,,2106,0,0,,2106,
1644418352,B14,1,0,,2106,0,0,,2106,
1644418352,B11,1,0,,2106,0,0,,2106,
1644418352,cn12,1,0,,2106,0,0,,2106,
1644418352,B54,1,0,,2106,0,0,,2106,
1644418352,B51,1,0,,2106,0,0,,2106,
1644418352,os4,1,0,,2106,0,0,,2106,
1644418352,in4,1,0,,2106,0,0,,2106,
1644418352,B33,1,0,,2106,0,0,,2106,
1644418352,in27,1,0,,2107,0,0,,2107,
1644418352,B14,1,0,,2107,0,0,,2107,
1644418352,B11,1,0,,2107,0,0,,2107,
1644418352,cn12,1,0,,2107,0,0,,2107,
1644418352,B54,1,0,,2107,0,0,,2107,
1644418352,B51,1,0,,2107,0,0,,2107,
1644418352,os4,1,0,,2107,0,0,,2107,
1644418352,in4,1,0,,2107,0,0,,2107,
1644418352,B33,1,0,,2107,0,0,,2107,
1644418352,in27,1,0,,2108,0,0,,2108,
1644418352,B14,1,0,,2108,0,0,,2108,
1644418352,B11,1,0,,2108,0,0,,2108,
1644418352,cn12,1,0,,2108,0,0,,2108,
1644418352,B54,1,0,,2108,0,0,,2108,
1644418352,B51,1,0,,2108,0,0,,2108,
1644418352,os4,1,0,,2108,0,0,,2108,
1644418352,in4,1,0,,2108,0,0,,2108,
1644418352,B33,1,0,,2108,0,0,,2108,
1644418352,in27,1,0,,2109,0,0,,2109,
1644418352,B14,1,0,,2109,0,0,,2109,
1644418352,B11,1,0,,2109,0,0,,2109,
1644418352,cn12,1,0,,2109,0,0,,2109,
1644418352,B54,1,0,,2109,0,0,,2109,
1644418352,B51,1,0,,2109,0,0,,2109,
1644418352,os4,1,0,,2109,0,0,,2109,
1644418352,in4,1,0,,2109,0,0,,2109,
1644418352,B33,1,0,,2109,0,0,,2109,
1644418352,in27,1,0,,2110,0,0,,2110,
1644418352,B14,1,0,,2110,0,0,,2110,
1644418352,B11,1,0,,2110,0,0,,2110,
1644418352,cn12,1,0,,2110,0,0,,2110,
1644418352,B54,1,0,,2110,0,0,,2110,
1644418352,B51,1,0,,2110,0,0,,2110,
1644418352,os4,1,0,,2110,0,0,,2110,
1644418352,in4,1,0,,2110,0,0,,2110,
1644418352,B33,1,0,,2110,0,0,,2110,
1644418352,in27,1,0,,2111,0,0,,2111,
1644418352,B14,1,0,,2111,0,0,,2111,
1644418352,B11,1,0,,2111,0,0,,2111,
1644418352,cn12,1,0,,2111,0,0,,2111,
1644418352,B54,1,0,,2111,0,0,,2111,
1644418352,B51,1,0,,2111,0,0,,2111,
1644418352,os4,1,0,,2111,0,0,,2111,
1644418352,in4,1,0,,2111,0,0,,2111,
1644418352,B33,1,0,,2111,0,0,,2111,
1644418353,in27,1,0,,2112,0,0,,2112,
1644418353,B14,1,0,,2112,0,0,,2112,
1644418353,B11,1,0,,2112,0,0,,2112,
1644418353,cn12,1,0,,2112,0,0,,2112,
1644418353,B54,1,1,job859_scenario1_2095,2112,0,0,,2112,
1644418353,B51,1,0,,2112,0,0,,2112,
1644418353,os4,1,0,,2112,0,0,,2112,
1644418353,in4,1,0,,2112,0,0,,2112,
1644418353,B33,1,0,,2112,0,0,,2112,
1644418354,in27,1,0,,2113,0,0,,2113,
1644418354,B14,1,0,,2113,0,0,,2113,
1644418354,B11,1,0,,2113,0,0,,2113,
1644418354,cn12,1,0,,2113,0,0,,2113,
1644418354,B54,1,1,job859_scenario1_2095,2113,0,0,,2113,
1644418354,B51,1,0,,2113,0,0,,2113,
1644418354,os4,1,0,,2113,0,0,,2113,
1644418354,in4,1,0,,2113,0,0,,2113,
1644418354,B33,1,0,,2113,0,0,,2113,
1644418354,in27,1,0,,2114,0,0,,2114,
1644418354,B14,1,0,,2114,0,0,,2114,
1644418354,B11,1,0,,2114,0,0,,2114,
1644418354,cn12,1,0,,2114,0,0,,2114,
1644418354,B54,1,1,job859_scenario1_2095,2114,0,0,,2114,
1644418354,B51,1,0,,2114,0,0,,2114,
1644418354,os4,1,0,,2114,0,0,,2114,
1644418354,in4,1,0,,2114,0,0,,2114,
1644418354,B33,1,0,,2114,0,0,,2114,
1644418354,in27,1,0,,2115,0,0,,2115,
1644418354,B14,1,0,,2115,0,0,,2115,
1644418354,B11,1,0,,2115,0,0,,2115,
1644418354,cn12,1,0,,2115,0,0,,2115,
1644418354,B54,1,1,job859_scenario1_2095,2115,0,0,,2115,
1644418354,B51,1,0,,2115,0,0,,2115,
1644418354,os4,1,0,,2115,0,0,,2115,
1644418354,in4,1,0,,2115,0,0,,2115,
1644418354,B33,1,0,,2115,0,0,,2115,
1644418354,in27,1,0,,2116,0,0,,2116,
1644418354,B14,1,0,,2116,0,0,,2116,
1644418354,B11,1,0,,2116,0,0,,2116,
1644418354,cn12,1,0,,2116,0,0,,2116,
1644418354,B54,1,1,job859_scenario1_2095,2116,0,0,,2116,
1644418354,B51,1,0,,2116,0,0,,2116,
1644418354,os4,1,0,,2116,0,0,,2116,
1644418354,in4,1,0,,2116,0,0,,2116,
1644418354,B33,1,0,,2116,0,0,,2116,
1644418354,in27,1,0,,2117,0,0,,2117,
1644418354,B14,1,0,,2117,0,0,,2117,
1644418354,B11,1,0,,2117,0,0,,2117,
1644418354,cn12,1,0,,2117,0,0,,2117,
1644418354,B54,1,1,job859_scenario1_2095,2117,0,0,,2117,
1644418354,B51,1,0,,2117,0,0,,2117,
1644418354,os4,1,0,,2117,0,0,,2117,
1644418354,in4,1,0,,2117,0,0,,2117,
1644418354,B33,1,0,,2117,0,0,,2117,
1644418354,in27,1,0,,2118,0,0,,2118,
1644418354,B14,1,0,,2118,0,0,,2118,
1644418354,B11,1,0,,2118,0,0,,2118,
1644418354,cn12,1,0,,2118,0,0,,2118,
1644418354,B54,1,1,job859_scenario1_2095,2118,0,0,,2118,
1644418354,B51,1,0,,2118,0,0,,2118,
1644418354,os4,1,0,,2118,0,0,,2118,
1644418354,in4,1,0,,2118,0,0,,2118,
1644418354,B33,1,0,,2118,0,0,,2118,
1644418354,in27,1,0,,2119,0,0,,2119,
1644418354,B14,1,0,,2119,0,0,,2119,
1644418354,B11,1,0,,2119,0,0,,2119,
1644418354,cn12,1,0,,2119,0,0,,2119,
1644418354,B54,1,0,,2119,0,0,,2119,
1644418354,B51,1,0,,2119,0,0,,2119,
1644418354,os4,1,0,,2119,0,0,,2119,
1644418354,in4,1,0,,2119,0,0,,2119,
1644418354,B33,1,0,,2119,0,0,,2119,
1644418355,in27,1,0,,2120,0,0,,2120,
1644418355,B14,1,0,,2120,0,0,,2120,
1644418355,B11,1,0,,2120,0,0,,2120,
1644418355,cn12,1,0,,2120,0,0,,2120,
1644418355,B54,1,1,job854_scenario0_2081,2120,0,0,,2120,
1644418355,B51,1,0,,2120,0,0,,2120,
1644418355,os4,1,0,,2120,0,0,,2120,
1644418355,in4,1,0,,2120,0,0,,2120,
1644418355,B33,1,0,,2120,0,0,,2120,
1644418355,in27,1,0,,2121,0,0,,2121,
1644418355,B14,1,0,,2121,0,0,,2121,
1644418355,B11,1,0,,2121,0,0,,2121,
1644418355,cn12,1,0,,2121,0,0,,2121,
1644418355,B54,1,1,job854_scenario0_2081,2121,0,0,,2121,
1644418355,B51,1,0,,2121,0,0,,2121,
1644418355,os4,1,0,,2121,0,0,,2121,
1644418355,in4,1,0,,2121,0,0,,2121,
1644418355,B33,1,0,,2121,0,0,,2121,
1644418355,in27,1,0,,2122,0,0,,2122,
1644418355,B14,1,0,,2122,0,0,,2122,
1644418355,B11,1,0,,2122,0,0,,2122,
1644418355,cn12,1,0,,2122,0,0,,2122,
1644418355,B54,1,1,job854_scenario0_2081,2122,0,0,,2122,
1644418355,B51,1,0,,2122,0,0,,2122,
1644418355,os4,1,0,,2122,0,0,,2122,
1644418355,in4,1,0,,2122,0,0,,2122,
1644418355,B33,1,0,,2122,0,0,,2122,
1644418355,in27,1,0,,2123,0,0,,2123,
1644418355,B14,1,0,,2123,0,0,,2123,
1644418355,B11,1,0,,2123,0,0,,2123,
1644418355,cn12,1,0,,2123,0,0,,2123,
1644418355,B54,1,1,job854_scenario0_2081,2123,0,0,,2123,
1644418355,B51,1,0,,2123,0,0,,2123,
1644418355,os4,1,0,,2123,0,0,,2123,
1644418355,in4,1,0,,2123,0,0,,2123,
1644418355,B33,1,0,,2123,0,0,,2123,
1644418355,in27,1,0,,2124,0,0,,2124,
1644418355,B14,1,0,,2124,0,0,,2124,
1644418355,B11,1,0,,2124,0,0,,2124,
1644418355,cn12,1,0,,2124,0,0,,2124,
1644418355,B54,1,1,job854_scenario0_2081,2124,0,0,,2124,
1644418355,B51,1,0,,2124,0,0,,2124,
1644418355,os4,1,0,,2124,0,0,,2124,
1644418355,in4,1,0,,2124,0,0,,2124,
1644418355,B33,1,0,,2124,0,0,,2124,
1644418356,in27,1,0,,2125,0,0,,2125,
1644418356,B14,1,0,,2125,0,0,,2125,
1644418356,B11,1,0,,2125,0,0,,2125,
1644418356,cn12,1,0,,2125,0,0,,2125,
1644418356,B54,1,1,job854_scenario0_2081,2125,0,0,,2125,
1644418356,B51,1,0,,2125,0,0,,2125,
1644418356,os4,1,0,,2125,0,0,,2125,
1644418356,in4,1,0,,2125,0,0,,2125,
1644418356,B33,1,0,,2125,0,0,,2125,
1644418356,in27,1,0,,2126,0,0,,2126,
1644418356,B14,1,0,,2126,0,0,,2126,
1644418356,B11,1,0,,2126,0,0,,2126,
1644418356,cn12,1,0,,2126,0,0,,2126,
1644418356,B54,1,1,job854_scenario0_2081,2126,0,0,,2126,
1644418356,B51,1,0,,2126,0,0,,2126,
1644418356,os4,1,0,,2126,0,0,,2126,
1644418356,in4,1,0,,2126,0,0,,2126,
1644418356,B33,1,0,,2126,0,0,,2126,
1644418356,in27,1,0,,2127,0,0,,2127,
1644418356,B14,1,0,,2127,0,0,,2127,
1644418356,B11,1,0,,2127,0,0,,2127,
1644418356,cn12,1,0,,2127,0,0,,2127,
1644418356,B54,1,1,job854_scenario0_2081,2127,0,0,,2127,
1644418356,B51,1,1,job864_scenario0_2126,2127,0,0,,2127,
1644418356,os4,1,0,,2127,0,0,,2127,
1644418356,in4,1,0,,2127,0,0,,2127,
1644418356,B33,1,0,,2127,0,0,,2127,
1644418356,in27,1,0,,2128,0,0,,2128,
1644418356,B14,1,0,,2128,0,0,,2128,
1644418356,B11,1,0,,2128,0,0,,2128,
1644418356,cn12,1,0,,2128,0,0,,2128,
1644418356,B54,1,1,job854_scenario0_2081,2128,0,0,,2128,
1644418356,B51,1,1,job864_scenario0_2126,2128,0,0,,2128,
1644418356,os4,1,0,,2128,0,0,,2128,
1644418356,in4,1,0,,2128,0,0,,2128,
1644418356,B33,1,0,,2128,0,0,,2128,
1644418356,in27,1,0,,2129,0,0,,2129,
1644418356,B14,1,0,,2129,0,0,,2129,
1644418356,B11,1,0,,2129,0,0,,2129,
1644418356,cn12,1,0,,2129,0,0,,2129,
1644418356,B54,1,1,job854_scenario0_2081,2129,0,0,,2129,
1644418356,B51,1,1,job864_scenario0_2126,2129,0,0,,2129,
1644418356,os4,1,0,,2129,0,0,,2129,
1644418356,in4,1,0,,2129,0,0,,2129,
1644418356,B33,1,0,,2129,0,0,,2129,
1644418356,in27,1,0,,2130,0,0,,2130,
1644418356,B14,1,0,,2130,0,0,,2130,
1644418356,B11,1,0,,2130,0,0,,2130,
1644418356,cn12,1,0,,2130,0,0,,2130,
1644418356,B54,1,1,job854_scenario0_2081,2130,0,0,,2130,
1644418356,B51,1,1,job864_scenario0_2126,2130,0,0,,2130,
1644418356,os4,1,0,,2130,0,0,,2130,
1644418356,in4,1,0,,2130,0,0,,2130,
1644418356,B33,1,0,,2130,0,0,,2130,
1644418356,in27,1,0,,2131,0,0,,2131,
1644418356,B14,1,0,,2131,0,0,,2131,
1644418356,B11,1,0,,2131,0,0,,2131,
1644418356,cn12,1,0,,2131,0,0,,2131,
1644418356,B54,1,1,job854_scenario0_2081,2131,0,0,,2131,
1644418356,B51,1,1,job864_scenario0_2126,2131,0,0,,2131,
1644418356,os4,1,0,,2131,0,0,,2131,
1644418356,in4,1,0,,2131,0,0,,2131,
1644418356,B33,1,0,,2131,0,0,,2131,
1644418356,in27,1,0,,2132,0,0,,2132,
1644418356,B14,1,0,,2132,0,0,,2132,
1644418356,B11,1,0,,2132,0,0,,2132,
1644418356,cn12,1,0,,2132,0,0,,2132,
1644418356,B54,1,0,,2132,0,0,,2132,
1644418356,B51,1,1,job864_scenario0_2126,2132,0,0,,2132,
1644418356,os4,1,0,,2132,0,0,,2132,
1644418356,in4,1,0,,2132,0,0,,2132,
1644418356,B33,1,0,,2132,0,0,,2132,
1644418356,in27,1,0,,2133,0,0,,2133,
1644418356,B14,1,0,,2133,0,0,,2133,
1644418356,B11,1,0,,2133,0,0,,2133,
1644418356,cn12,1,0,,2133,0,0,,2133,
1644418356,B54,1,0,,2133,0,0,,2133,
1644418356,B51,1,1,job864_scenario0_2126,2133,0,0,,2133,
1644418357,os4,1,0,,2133,0,0,,2133,
1644418357,in4,1,0,,2133,0,0,,2133,
1644418357,B33,1,0,,2133,0,0,,2133,
1644418357,in27,1,0,,2134,0,0,,2134,
1644418357,B14,1,0,,2134,0,0,,2134,
1644418357,B11,1,0,,2134,0,0,,2134,
1644418357,cn12,1,0,,2134,0,0,,2134,
1644418357,B54,1,0,,2134,0,0,,2134,
1644418357,B51,1,1,job864_scenario0_2126,2134,0,0,,2134,
1644418357,os4,1,0,,2134,0,0,,2134,
1644418357,in4,1,0,,2134,0,0,,2134,
1644418357,B33,1,0,,2134,0,0,,2134,
1644418357,in27,1,0,,2135,0,0,,2135,
1644418357,B14,1,0,,2135,0,0,,2135,
1644418357,B11,1,0,,2135,0,0,,2135,
1644418357,cn12,1,0,,2135,0,0,,2135,
1644418357,B54,1,0,,2135,0,0,,2135,
1644418357,B51,1,0,,2135,0,0,,2135,
1644418357,os4,1,0,,2135,0,0,,2135,
1644418357,in4,1,0,,2135,0,0,,2135,
1644418357,B33,1,0,,2135,0,0,,2135,
1644418357,in27,1,0,,2136,0,0,,2136,
1644418357,B14,1,0,,2136,0,0,,2136,
1644418357,B11,1,0,,2136,0,0,,2136,
1644418357,cn12,1,0,,2136,0,0,,2136,
1644418357,B54,1,0,,2136,0,0,,2136,
1644418357,B51,1,0,,2136,0,0,,2136,
1644418357,os4,1,0,,2136,0,0,,2136,
1644418357,in4,1,0,,2136,0,0,,2136,
1644418357,B33,1,0,,2136,0,0,,2136,
1644418358,in27,1,0,,2137,0,0,,2137,
1644418358,B14,1,0,,2137,0,0,,2137,
1644418358,B11,1,0,,2137,0,0,,2137,
1644418358,cn12,1,0,,2137,0,0,,2137,
1644418358,B54,1,0,,2137,0,0,,2137,
1644418358,B51,1,0,,2137,0,0,,2137,
1644418358,os4,1,0,,2137,0,0,,2137,
1644418358,in4,1,0,,2137,0,0,,2137,
1644418358,B33,1,0,,2137,0,0,,2137,
1644418358,in27,1,0,,2138,0,0,,2138,
1644418358,B14,1,0,,2138,0,0,,2138,
1644418358,B11,1,0,,2138,0,0,,2138,
1644418358,cn12,1,0,,2138,0,0,,2138,
1644418358,B54,1,0,,2138,0,0,,2138,
1644418358,B51,1,0,,2138,0,0,,2138,
1644418358,os4,1,0,,2138,0,0,,2138,
1644418358,in4,1,0,,2138,0,0,,2138,
1644418358,B33,1,0,,2138,0,0,,2138,
1644418358,in27,1,0,,2139,0,0,,2139,
1644418358,B14,1,0,,2139,0,0,,2139,
1644418358,B11,1,0,,2139,0,0,,2139,
1644418358,cn12,1,0,,2139,0,0,,2139,
1644418358,B54,1,0,,2139,0,0,,2139,
1644418358,B51,1,0,,2139,0,0,,2139,
1644418358,os4,1,0,,2139,0,0,,2139,
1644418358,in4,1,0,,2139,0,0,,2139,
1644418358,B33,1,0,,2139,0,0,,2139,
1644418358,in27,1,0,,2140,0,0,,2140,
1644418358,B14,1,0,,2140,0,0,,2140,
1644418358,B11,1,0,,2140,0,0,,2140,
1644418358,cn12,1,0,,2140,0,0,,2140,
1644418358,B54,1,0,,2140,0,0,,2140,
1644418358,B51,1,0,,2140,0,0,,2140,
1644418358,os4,1,0,,2140,0,0,,2140,
1644418358,in4,1,0,,2140,0,0,,2140,
1644418358,B33,1,0,,2140,0,0,,2140,
1644418358,in27,1,0,,2141,0,0,,2141,
1644418358,B14,1,0,,2141,0,0,,2141,
1644418358,B11,1,0,,2141,0,0,,2141,
1644418358,cn12,1,0,,2141,0,0,,2141,
1644418358,B54,1,0,,2141,0,0,,2141,
1644418358,B51,1,0,,2141,0,0,,2141,
1644418358,os4,1,0,,2141,0,0,,2141,
1644418358,in4,1,0,,2141,0,0,,2141,
1644418358,B33,1,0,,2141,0,0,,2141,
1644418358,in27,1,0,,2142,0,0,,2142,
1644418358,B14,1,0,,2142,0,0,,2142,
1644418358,B11,1,0,,2142,0,0,,2142,
1644418358,cn12,1,0,,2142,0,0,,2142,
1644418358,B54,1,0,,2142,0,0,,2142,
1644418358,B51,1,0,,2142,0,0,,2142,
1644418358,os4,1,0,,2142,0,0,,2142,
1644418358,in4,1,0,,2142,0,0,,2142,
1644418358,B33,1,0,,2142,0,0,,2142,
1644418359,in27,1,0,,2143,0,0,,2143,
1644418359,B14,1,0,,2143,0,0,,2143,
1644418359,B11,1,0,,2143,0,0,,2143,
1644418359,cn12,1,0,,2143,0,0,,2143,
1644418359,B54,1,1,job866_scenario1_2133,2143,0,0,,2143,
1644418359,B51,1,0,,2143,0,0,,2143,
1644418359,os4,1,0,,2143,0,0,,2143,
1644418359,in4,1,0,,2143,0,0,,2143,
1644418359,B33,1,0,,2143,0,0,,2143,
1644418359,in27,1,0,,2144,0,0,,2144,
1644418359,B14,1,0,,2144,0,0,,2144,
1644418359,B11,1,0,,2144,0,0,,2144,
1644418359,cn12,1,0,,2144,0,0,,2144,
1644418359,B54,1,1,job866_scenario1_2133,2144,0,0,,2144,
1644418359,B51,1,0,,2144,0,0,,2144,
1644418359,os4,1,0,,2144,0,0,,2144,
1644418359,in4,1,0,,2144,0,0,,2144,
1644418359,B33,1,0,,2144,0,0,,2144,
1644418360,in27,1,0,,2145,0,0,,2145,
1644418360,B14,1,0,,2145,0,0,,2145,
1644418360,B11,1,0,,2145,0,0,,2145,
1644418360,cn12,1,0,,2145,0,0,,2145,
1644418360,B54,1,1,job866_scenario1_2133,2145,0,0,,2145,
1644418360,B51,1,0,,2145,0,0,,2145,
1644418360,os4,1,0,,2145,0,0,,2145,
1644418360,in4,1,0,,2145,0,0,,2145,
1644418360,B33,1,0,,2145,0,0,,2145,
1644418360,in27,1,0,,2146,0,0,,2146,
1644418360,B14,1,0,,2146,0,0,,2146,
1644418360,B11,1,0,,2146,0,0,,2146,
1644418360,cn12,1,0,,2146,0,0,,2146,
1644418360,B54,1,1,job866_scenario1_2133,2146,0,0,,2146,
1644418360,B51,1,0,,2146,0,0,,2146,
1644418360,os4,1,0,,2146,0,0,,2146,
1644418360,in4,1,0,,2146,0,0,,2146,
1644418360,B33,1,0,,2146,0,0,,2146,
1644418360,in27,1,0,,2147,0,0,,2147,
1644418360,B14,1,0,,2147,0,0,,2147,
1644418360,B11,1,0,,2147,0,0,,2147,
1644418360,cn12,1,0,,2147,0,0,,2147,
1644418360,B54,1,1,job866_scenario1_2133,2147,0,0,,2147,
1644418360,B51,1,0,,2147,0,0,,2147,
1644418360,os4,1,0,,2147,0,0,,2147,
1644418360,in4,1,0,,2147,0,0,,2147,
1644418360,B33,1,0,,2147,0,0,,2147,
1644418360,in27,1,0,,2148,0,0,,2148,
1644418360,B14,1,0,,2148,0,0,,2148,
1644418360,B11,1,0,,2148,0,0,,2148,
1644418360,cn12,1,0,,2148,0,0,,2148,
1644418360,B54,1,0,,2148,0,0,,2148,
1644418360,B51,1,0,,2148,0,0,,2148,
1644418360,os4,1,0,,2148,0,0,,2148,
1644418360,in4,1,0,,2148,0,0,,2148,
1644418360,B33,1,0,,2148,0,0,,2148,
1644418360,in27,1,0,,2149,0,0,,2149,
1644418360,B14,1,0,,2149,0,0,,2149,
1644418360,B11,1,0,,2149,0,0,,2149,
1644418360,cn12,1,0,,2149,0,0,,2149,
1644418360,B54,1,0,,2149,0,0,,2149,
1644418360,B51,1,0,,2149,0,0,,2149,
1644418360,os4,1,0,,2149,0,0,,2149,
1644418360,in4,1,0,,2149,0,0,,2149,
1644418360,B33,1,0,,2149,0,0,,2149,
1644418361,in27,1,0,,2150,0,0,,2150,
1644418361,B14,1,0,,2150,0,0,,2150,
1644418361,B11,1,0,,2150,0,0,,2150,
1644418361,cn12,1,0,,2150,0,0,,2150,
1644418361,B54,1,1,job862_scenario1_2117,2150,0,0,,2150,
1644418361,B51,1,0,,2150,0,0,,2150,
1644418361,os4,1,1,job870_scenario4_2145,2150,0,0,,2150,
1644418361,in4,1,0,,2150,0,0,,2150,
1644418361,B33,1,0,,2150,0,0,,2150,
1644418361,in27,1,0,,2151,0,0,,2151,
1644418361,B14,1,0,,2151,0,0,,2151,
1644418361,B11,1,0,,2151,0,0,,2151,
1644418361,cn12,1,0,,2151,0,0,,2151,
1644418361,B54,1,1,job862_scenario1_2117,2151,0,0,,2151,
1644418361,B51,1,0,,2151,0,0,,2151,
1644418361,os4,1,1,job870_scenario4_2145,2151,0,0,,2151,
1644418361,in4,1,0,,2151,0,0,,2151,
1644418361,B33,1,0,,2151,0,0,,2151,
1644418361,in27,1,0,,2152,0,0,,2152,
1644418361,B14,1,0,,2152,0,0,,2152,
1644418361,B11,1,0,,2152,0,0,,2152,
1644418361,cn12,1,0,,2152,0,0,,2152,
1644418361,B54,1,1,job862_scenario1_2117,2152,0,0,,2152,
1644418361,B51,1,0,,2152,0,0,,2152,
1644418361,os4,1,1,job870_scenario4_2145,2152,0,0,,2152,
1644418361,in4,1,0,,2152,0,0,,2152,
1644418361,B33,1,0,,2152,0,0,,2152,
1644418362,in27,1,0,,2153,0,0,,2153,
1644418362,B14,1,0,,2153,0,0,,2153,
1644418362,B11,1,0,,2153,0,0,,2153,
1644418362,cn12,1,0,,2153,0,0,,2153,
1644418362,B54,1,1,job862_scenario1_2117,2153,0,0,,2153,
1644418362,B51,1,0,,2153,0,0,,2153,
1644418362,os4,1,1,job870_scenario4_2145,2153,0,0,,2153,
1644418362,in4,1,0,,2153,0,0,,2153,
1644418362,B33,1,0,,2153,0,0,,2153,
1644418362,in27,1,0,,2154,0,0,,2154,
1644418362,B14,1,0,,2154,0,0,,2154,
1644418362,B11,1,0,,2154,0,0,,2154,
1644418362,cn12,1,0,,2154,0,0,,2154,
1644418362,B54,1,1,job862_scenario1_2117,2154,0,0,,2154,
1644418362,B51,1,0,,2154,0,0,,2154,
1644418362,os4,1,0,,2154,0,0,,2154,
1644418362,in4,1,0,,2154,0,0,,2154,
1644418362,B33,1,0,,2154,0,0,,2154,
1644418362,in27,1,0,,2155,0,0,,2155,
1644418362,B14,1,0,,2155,0,0,,2155,
1644418362,B11,1,0,,2155,0,0,,2155,
1644418362,cn12,1,0,,2155,0,0,,2155,
1644418362,B54,1,1,job862_scenario1_2117,2155,0,0,,2155,
1644418362,B51,1,0,,2155,0,0,,2155,
1644418362,os4,1,0,,2155,0,0,,2155,
1644418362,in4,1,0,,2155,0,0,,2155,
1644418362,B33,1,0,,2155,0,0,,2155,
1644418362,in27,1,0,,2156,0,0,,2156,
1644418362,B14,1,0,,2156,0,0,,2156,
1644418362,B11,1,0,,2156,0,0,,2156,
1644418362,cn12,1,0,,2156,0,0,,2156,
1644418362,B54,1,1,job862_scenario1_2117,2156,0,0,,2156,
1644418362,B51,1,0,,2156,0,0,,2156,
1644418362,os4,1,0,,2156,0,0,,2156,
1644418362,in4,1,0,,2156,0,0,,2156,
1644418362,B33,1,0,,2156,0,0,,2156,
1644418362,in27,1,0,,2157,0,0,,2157,
1644418362,B14,1,0,,2157,0,0,,2157,
1644418362,B11,1,0,,2157,0,0,,2157,
1644418362,cn12,1,0,,2157,0,0,,2157,
1644418362,B54,1,1,job862_scenario1_2117,2157,0,0,,2157,
1644418362,B51,1,0,,2157,0,0,,2157,
1644418362,os4,1,0,,2157,0,0,,2157,
1644418362,in4,1,0,,2157,0,0,,2157,
1644418362,B33,1,0,,2157,0,0,,2157,
1644418362,in27,1,0,,2158,0,0,,2158,
1644418362,B14,1,0,,2158,0,0,,2158,
1644418362,B11,1,0,,2158,0,0,,2158,
1644418362,cn12,1,0,,2158,0,0,,2158,
1644418362,B54,1,1,job862_scenario1_2117,2158,0,0,,2158,
1644418362,B51,1,0,,2158,0,0,,2158,
1644418362,os4,1,0,,2158,0,0,,2158,
1644418362,in4,1,0,,2158,0,0,,2158,
1644418362,B33,1,0,,2158,0,0,,2158,
1644418362,in27,1,0,,2159,0,0,,2159,
1644418362,B14,1,0,,2159,0,0,,2159,
1644418362,B11,1,0,,2159,0,0,,2159,
1644418362,cn12,1,0,,2159,0,0,,2159,
1644418362,B54,1,1,job862_scenario1_2117,2159,0,0,,2159,
1644418362,B51,1,0,,2159,0,0,,2159,
1644418362,os4,1,0,,2159,0,0,,2159,
1644418362,in4,1,0,,2159,0,0,,2159,
1644418362,B33,1,0,,2159,0,0,,2159,
1644418362,in27,1,0,,2160,0,0,,2160,
1644418362,B14,1,0,,2160,0,0,,2160,
1644418362,B11,1,0,,2160,0,0,,2160,
1644418362,cn12,1,0,,2160,0,0,,2160,
1644418362,B54,1,0,,2160,0,0,,2160,
1644418362,B51,1,0,,2160,0,0,,2160,
1644418362,os4,1,0,,2160,0,0,,2160,
1644418362,in4,1,0,,2160,0,0,,2160,
1644418362,B33,1,0,,2160,0,0,,2160,
1644418363,in27,1,0,,2161,0,0,,2161,
1644418363,B14,1,0,,2161,0,0,,2161,
1644418363,B11,1,0,,2161,0,0,,2161,
1644418363,cn12,1,0,,2161,0,0,,2161,
1644418363,B54,1,0,,2161,0,0,,2161,
1644418363,B51,1,0,,2161,0,0,,2161,
1644418363,os4,1,0,,2161,0,0,,2161,
1644418363,in4,1,0,,2161,0,0,,2161,
1644418363,B33,1,1,job874_scenario2_2157,2161,0,0,,2161,
1644418363,in27,1,0,,2162,0,0,,2162,
1644418363,B14,1,0,,2162,0,0,,2162,
1644418363,B11,1,0,,2162,0,0,,2162,
1644418363,cn12,1,0,,2162,0,0,,2162,
1644418363,B54,1,0,,2162,0,0,,2162,
1644418363,B51,1,0,,2162,0,0,,2162,
1644418363,os4,1,0,,2162,0,0,,2162,
1644418363,in4,1,0,,2162,0,0,,2162,
1644418363,B33,1,0,,2162,0,0,,2162,
1644418363,in27,1,0,,2163,0,0,,2163,
1644418363,B14,1,0,,2163,0,0,,2163,
1644418363,B11,1,0,,2163,0,0,,2163,
1644418363,cn12,1,0,,2163,0,0,,2163,
1644418363,B54,1,0,,2163,0,0,,2163,
1644418363,B51,1,0,,2163,0,0,,2163,
1644418363,os4,1,0,,2163,0,0,,2163,
1644418363,in4,1,0,,2163,0,0,,2163,
1644418363,B33,1,0,,2163,0,0,,2163,
1644418363,in27,1,0,,2164,0,0,,2164,
1644418363,B14,1,0,,2164,0,0,,2164,
1644418363,B11,1,0,,2164,0,0,,2164,
1644418363,cn12,1,0,,2164,0,0,,2164,
1644418363,B54,1,0,,2164,0,0,,2164,
1644418363,B51,1,0,,2164,0,0,,2164,
1644418363,os4,1,0,,2164,0,0,,2164,
1644418363,in4,1,0,,2164,0,0,,2164,
1644418363,B33,1,0,,2164,0,0,,2164,
1644418363,in27,1,0,,2165,0,0,,2165,
1644418363,B14,1,0,,2165,0,0,,2165,
1644418363,B11,1,0,,2165,0,0,,2165,
1644418363,cn12,1,0,,2165,0,0,,2165,
1644418363,B54,1,0,,2165,0,0,,2165,
1644418363,B51,1,0,,2165,0,0,,2165,
1644418363,os4,1,0,,2165,0,0,,2165,
1644418363,in4,1,0,,2165,0,0,,2165,
1644418363,B33,1,0,,2165,0,0,,2165,
1644418363,in27,1,0,,2166,0,0,,2166,
1644418363,B14,1,0,,2166,0,0,,2166,
1644418363,B11,1,0,,2166,0,0,,2166,
1644418363,cn12,1,0,,2166,0,0,,2166,
1644418363,B54,1,0,,2166,0,0,,2166,
1644418363,B51,1,0,,2166,0,0,,2166,
1644418363,os4,1,0,,2166,0,0,,2166,
1644418363,in4,1,0,,2166,0,0,,2166,
1644418363,B33,1,0,,2166,0,0,,2166,
1644418363,in27,1,0,,2167,0,0,,2167,
1644418363,B14,1,0,,2167,0,0,,2167,
1644418363,B11,1,0,,2167,0,0,,2167,
1644418363,cn12,1,0,,2167,0,0,,2167,
1644418363,B54,1,0,,2167,0,0,,2167,
1644418363,B51,1,0,,2167,0,0,,2167,
1644418363,os4,1,0,,2167,0,0,,2167,
1644418363,in4,1,0,,2167,0,0,,2167,
1644418363,B33,1,0,,2167,0,0,,2167,
1644418363,in27,1,0,,2168,0,0,,2168,
1644418363,B14,1,0,,2168,0,0,,2168,
1644418363,B11,1,0,,2168,0,0,,2168,
1644418363,cn12,1,0,,2168,0,0,,2168,
1644418363,B54,1,0,,2168,0,0,,2168,
1644418363,B51,1,0,,2168,0,0,,2168,
1644418363,os4,1,0,,2168,0,0,,2168,
1644418363,in4,1,0,,2168,0,0,,2168,
1644418363,B33,1,0,,2168,0,0,,2168,
1644418363,in27,1,0,,2169,0,0,,2169,
1644418363,B14,1,0,,2169,0,0,,2169,
1644418363,B11,1,0,,2169,0,0,,2169,
1644418363,cn12,1,0,,2169,0,0,,2169,
1644418363,B54,1,0,,2169,0,0,,2169,
1644418363,B51,1,0,,2169,0,0,,2169,
1644418363,os4,1,0,,2169,0,0,,2169,
1644418363,in4,1,0,,2169,0,0,,2169,
1644418363,B33,1,0,,2169,0,0,,2169,
1644418364,in27,1,0,,2170,0,0,,2170,
1644418364,B14,1,0,,2170,0,0,,2170,
1644418364,B11,1,0,,2170,0,0,,2170,
1644418364,cn12,1,0,,2170,0,0,,2170,
1644418364,B54,1,0,,2170,0,0,,2170,
1644418364,B51,1,0,,2170,0,0,,2170,
1644418364,os4,1,0,,2170,0,0,,2170,
1644418364,in4,1,0,,2170,0,0,,2170,
1644418364,B33,1,0,,2170,0,0,,2170,
1644418364,in27,1,0,,2171,0,0,,2171,
1644418364,B14,1,0,,2171,0,0,,2171,
1644418364,B11,1,0,,2171,0,0,,2171,
1644418364,cn12,1,0,,2171,0,0,,2171,
1644418364,B54,1,0,,2171,0,0,,2171,
1644418364,B51,1,0,,2171,0,0,,2171,
1644418364,os4,1,0,,2171,0,0,,2171,
1644418364,in4,1,0,,2171,0,0,,2171,
1644418364,B33,1,0,,2171,0,0,,2171,
1644418364,in27,1,0,,2172,0,0,,2172,
1644418364,B14,1,0,,2172,0,0,,2172,
1644418364,B11,1,0,,2172,0,0,,2172,
1644418364,cn12,1,0,,2172,0,0,,2172,
1644418364,B54,1,0,,2172,0,0,,2172,
1644418364,B51,1,0,,2172,0,0,,2172,
1644418364,os4,1,0,,2172,0,0,,2172,
1644418364,in4,1,0,,2172,0,0,,2172,
1644418364,B33,1,0,,2172,0,0,,2172,
1644418364,in27,1,0,,2173,0,0,,2173,
1644418364,B14,1,0,,2173,0,0,,2173,
1644418364,B11,1,0,,2173,0,0,,2173,
1644418364,cn12,1,0,,2173,0,0,,2173,
1644418364,B54,1,0,,2173,0,0,,2173,
1644418364,B51,1,0,,2173,0,0,,2173,
1644418364,os4,1,0,,2173,0,0,,2173,
1644418364,in4,1,0,,2173,0,0,,2173,
1644418364,B33,1,0,,2173,0,0,,2173,
1644418364,in27,1,0,,2174,0,0,,2174,
1644418364,B14,1,0,,2174,0,0,,2174,
1644418364,B11,1,0,,2174,0,0,,2174,
1644418364,cn12,1,0,,2174,0,0,,2174,
1644418364,B54,1,0,,2174,0,0,,2174,
1644418364,B51,1,0,,2174,0,0,,2174,
1644418364,os4,1,0,,2174,0,0,,2174,
1644418364,in4,1,0,,2174,0,0,,2174,
1644418364,B33,1,0,,2174,0,0,,2174,
1644418364,in27,1,0,,2175,0,0,,2175,
1644418364,B14,1,0,,2175,0,0,,2175,
1644418364,B11,1,0,,2175,0,0,,2175,
1644418364,cn12,1,0,,2175,0,0,,2175,
1644418364,B54,1,0,,2175,0,0,,2175,
1644418364,B51,1,0,,2175,0,0,,2175,
1644418364,os4,1,0,,2175,0,0,,2175,
1644418364,in4,1,0,,2175,0,0,,2175,
1644418364,B33,1,0,,2175,0,0,,2175,
1644418365,in27,1,0,,2176,0,0,,2176,
1644418365,B14,1,0,,2176,0,0,,2176,
1644418365,B11,1,0,,2176,0,0,,2176,
1644418365,cn12,1,0,,2176,0,0,,2176,
1644418365,B54,1,1,job868_scenario0_2140,2176,0,0,,2176,
1644418365,B51,1,0,,2176,0,0,,2176,
1644418365,os4,1,0,,2176,0,0,,2176,
1644418365,in4,1,0,,2176,0,0,,2176,
1644418365,B33,1,0,,2176,0,0,,2176,
1644418365,in27,1,0,,2177,0,0,,2177,
1644418365,B14,1,0,,2177,0,0,,2177,
1644418365,B11,1,0,,2177,0,0,,2177,
1644418365,cn12,1,0,,2177,0,0,,2177,
1644418365,B54,1,1,job868_scenario0_2140,2177,0,0,,2177,
1644418365,B51,1,0,,2177,0,0,,2177,
1644418365,os4,1,0,,2177,0,0,,2177,
1644418365,in4,1,0,,2177,0,0,,2177,
1644418365,B33,1,0,,2177,0,0,,2177,
1644418365,in27,1,0,,2178,0,0,,2178,
1644418365,B14,1,0,,2178,0,0,,2178,
1644418365,B11,1,0,,2178,0,0,,2178,
1644418365,cn12,1,0,,2178,0,0,,2178,
1644418365,B54,1,1,job868_scenario0_2140,2178,0,0,,2178,
1644418365,B51,1,0,,2178,0,0,,2178,
1644418365,os4,1,0,,2178,0,0,,2178,
1644418365,in4,1,0,,2178,0,0,,2178,
1644418365,B33,1,0,,2178,0,0,,2178,
1644418365,in27,1,0,,2179,0,0,,2179,
1644418365,B14,1,0,,2179,0,0,,2179,
1644418365,B11,1,0,,2179,0,0,,2179,
1644418365,cn12,1,0,,2179,0,0,,2179,
1644418365,B54,1,1,job868_scenario0_2140,2179,0,0,,2179,
1644418365,B51,1,0,,2179,0,0,,2179,
1644418365,os4,1,0,,2179,0,0,,2179,
1644418365,in4,1,0,,2179,0,0,,2179,
1644418365,B33,1,0,,2179,0,0,,2179,
1644418366,in27,1,0,,2180,0,0,,2180,
1644418366,B14,1,0,,2180,0,0,,2180,
1644418366,B11,1,0,,2180,0,0,,2180,
1644418366,cn12,1,0,,2180,0,0,,2180,
1644418366,B54,1,1,job868_scenario0_2140,2180,0,0,,2180,
1644418366,B51,1,0,,2180,0,0,,2180,
1644418366,os4,1,0,,2180,0,0,,2180,
1644418366,in4,1,0,,2180,0,0,,2180,
1644418366,B33,1,0,,2180,0,0,,2180,
1644418366,in27,1,0,,2181,0,0,,2181,
1644418366,B14,1,0,,2181,0,0,,2181,
1644418366,B11,1,0,,2181,0,0,,2181,
1644418366,cn12,1,0,,2181,0,0,,2181,
1644418366,B54,1,1,job868_scenario0_2140,2181,0,0,,2181,
1644418366,B51,1,0,,2181,0,0,,2181,
1644418366,os4,1,0,,2181,0,0,,2181,
1644418366,in4,1,0,,2181,0,0,,2181,
1644418366,B33,1,0,,2181,0,0,,2181,
1644418366,in27,1,0,,2182,0,0,,2182,
1644418366,B14,1,0,,2182,0,0,,2182,
1644418366,B11,1,0,,2182,0,0,,2182,
1644418366,cn12,1,0,,2182,0,0,,2182,
1644418366,B54,1,1,job868_scenario0_2140,2182,0,0,,2182,
1644418366,B51,1,0,,2182,0,0,,2182,
1644418366,os4,1,0,,2182,0,0,,2182,
1644418366,in4,1,0,,2182,0,0,,2182,
1644418366,B33,1,0,,2182,0,0,,2182,
1644418366,in27,1,0,,2183,0,0,,2183,
1644418366,B14,1,0,,2183,0,0,,2183,
1644418366,B11,1,0,,2183,0,0,,2183,
1644418366,cn12,1,0,,2183,0,0,,2183,
1644418366,B54,1,1,job868_scenario0_2140,2183,0,0,,2183,
1644418366,B51,1,0,,2183,0,0,,2183,
1644418366,os4,1,0,,2183,0,0,,2183,
1644418366,in4,1,0,,2183,0,0,,2183,
1644418366,B33,1,0,,2183,0,0,,2183,
1644418367,in27,1,0,,2184,0,0,,2184,
1644418367,B14,1,0,,2184,0,0,,2184,
1644418367,B11,1,0,,2184,0,0,,2184,
1644418367,cn12,1,0,,2184,0,0,,2184,
1644418367,B54,1,1,job868_scenario0_2140,2184,0,0,,2184,
1644418367,B51,1,0,,2184,0,0,,2184,
1644418367,os4,1,0,,2184,0,0,,2184,
1644418367,in4,1,0,,2184,0,0,,2184,
1644418367,B33,1,0,,2184,0,0,,2184,
1644418367,in27,1,0,,2185,0,0,,2185,
1644418367,B14,1,0,,2185,0,0,,2185,
1644418367,B11,1,0,,2185,0,0,,2185,
1644418367,cn12,1,0,,2185,0,0,,2185,
1644418367,B54,1,1,job868_scenario0_2140,2185,0,0,,2185,
1644418367,B51,1,0,,2185,0,0,,2185,
1644418367,os4,1,0,,2185,0,0,,2185,
1644418367,in4,1,0,,2185,0,0,,2185,
1644418367,B33,1,0,,2185,0,0,,2185,
1644418367,in27,1,0,,2186,0,0,,2186,
1644418367,B14,1,0,,2186,0,0,,2186,
1644418367,B11,1,0,,2186,0,0,,2186,
1644418367,cn12,1,0,,2186,0,0,,2186,
1644418367,B54,1,1,job868_scenario0_2140,2186,0,0,,2186,
1644418367,B51,1,0,,2186,0,0,,2186,
1644418368,os4,1,0,,2186,0,0,,2186,
1644418368,in4,1,0,,2186,0,0,,2186,
1644418368,B33,1,0,,2186,0,0,,2186,
1644418368,in27,1,0,,2187,0,0,,2187,
1644418368,B14,1,0,,2187,0,0,,2187,
1644418368,B11,1,0,,2187,0,0,,2187,
1644418368,cn12,1,0,,2187,0,0,,2187,
1644418368,B54,1,1,job868_scenario0_2140,2187,0,0,,2187,
1644418368,B51,1,0,,2187,0,0,,2187,
1644418368,os4,1,0,,2187,0,0,,2187,
1644418368,in4,1,0,,2187,0,0,,2187,
1644418368,B33,1,0,,2187,0,0,,2187,
1644418368,in27,1,0,,2188,0,0,,2188,
1644418368,B14,1,0,,2188,0,0,,2188,
1644418368,B11,1,0,,2188,0,0,,2188,
1644418368,cn12,1,0,,2188,0,0,,2188,
1644418368,B54,1,1,job868_scenario0_2140,2188,0,0,,2188,
1644418368,B51,1,0,,2188,0,0,,2188,
1644418368,os4,1,0,,2188,0,0,,2188,
1644418368,in4,1,0,,2188,0,0,,2188,
1644418368,B33,1,0,,2188,0,0,,2188,
1644418368,in27,1,0,,2189,0,0,,2189,
1644418368,B14,1,0,,2189,0,0,,2189,
1644418368,B11,1,0,,2189,0,0,,2189,
1644418368,cn12,1,0,,2189,0,0,,2189,
1644418368,B54,1,0,,2189,0,0,,2189,
1644418368,B51,1,0,,2189,0,0,,2189,
1644418368,os4,1,0,,2189,0,0,,2189,
1644418368,in4,1,0,,2189,0,0,,2189,
1644418368,B33,1,0,,2189,0,0,,2189,
1644418368,in27,1,0,,2190,0,0,,2190,
1644418368,B14,1,0,,2190,0,0,,2190,
1644418368,B11,1,0,,2190,0,0,,2190,
1644418368,cn12,1,0,,2190,0,0,,2190,
1644418368,B54,1,1,job872_scenario1_2151,2190,0,0,,2190,
1644418368,B51,1,0,,2190,0,0,,2190,
1644418368,os4,1,0,,2190,0,0,,2190,
1644418368,in4,1,0,,2190,0,0,,2190,
1644418368,B33,1,0,,2190,0,0,,2190,
1644418368,in27,1,0,,2191,0,0,,2191,
1644418368,B14,1,0,,2191,0,0,,2191,
1644418368,B11,1,0,,2191,0,0,,2191,
1644418369,cn12,1,0,,2191,0,0,,2191,
1644418369,B54,1,1,job872_scenario1_2151,2191,0,0,,2191,
1644418369,B51,1,0,,2191,0,0,,2191,
1644418369,os4,1,0,,2191,0,0,,2191,
1644418369,in4,1,0,,2191,0,0,,2191,
1644418369,B33,1,0,,2191,0,0,,2191,
1644418369,in27,1,0,,2192,0,0,,2192,
1644418369,B14,1,0,,2192,0,0,,2192,
1644418369,B11,1,0,,2192,0,0,,2192,
1644418369,cn12,1,0,,2192,0,0,,2192,
1644418369,B54,1,1,job872_scenario1_2151,2192,0,0,,2192,
1644418369,B51,1,0,,2192,0,0,,2192,
1644418369,os4,1,0,,2192,0,0,,2192,
1644418369,in4,1,0,,2192,0,0,,2192,
1644418369,B33,1,0,,2192,0,0,,2192,
1644418369,in27,1,0,,2193,0,0,,2193,
1644418369,B14,1,0,,2193,0,0,,2193,
1644418369,B11,1,0,,2193,0,0,,2193,
1644418369,cn12,1,0,,2193,0,0,,2193,
1644418369,B54,1,1,job872_scenario1_2151,2193,0,0,,2193,
1644418369,B51,1,0,,2193,0,0,,2193,
1644418369,os4,1,0,,2193,0,0,,2193,
1644418369,in4,1,0,,2193,0,0,,2193,
1644418369,B33,1,0,,2193,0,0,,2193,
1644418369,in27,1,0,,2194,0,0,,2194,
1644418369,B14,1,0,,2194,0,0,,2194,
1644418369,B11,1,0,,2194,0,0,,2194,
1644418369,cn12,1,0,,2194,0,0,,2194,
1644418369,B54,1,1,job872_scenario1_2151,2194,0,0,,2194,
1644418369,B51,1,0,,2194,0,0,,2194,
1644418369,os4,1,0,,2194,0,0,,2194,
1644418369,in4,1,0,,2194,0,0,,2194,
1644418369,B33,1,0,,2194,0,0,,2194,
1644418369,in27,1,0,,2195,0,0,,2195,
1644418369,B14,1,0,,2195,0,0,,2195,
1644418369,B11,1,0,,2195,0,0,,2195,
1644418369,cn12,1,0,,2195,0,0,,2195,
1644418369,B54,1,1,job872_scenario1_2151,2195,0,0,,2195,
1644418369,B51,1,0,,2195,0,0,,2195,
1644418369,os4,1,0,,2195,0,0,,2195,
1644418369,in4,1,0,,2195,0,0,,2195,
1644418369,B33,1,0,,2195,0,0,,2195,
1644418369,in27,1,0,,2196,0,0,,2196,
1644418369,B14,1,0,,2196,0,0,,2196,
1644418369,B11,1,0,,2196,0,0,,2196,
1644418369,cn12,1,0,,2196,0,0,,2196,
1644418369,B54,1,1,job872_scenario1_2151,2196,0,0,,2196,
1644418369,B51,1,0,,2196,0,0,,2196,
1644418369,os4,1,0,,2196,0,0,,2196,
1644418369,in4,1,0,,2196,0,0,,2196,
1644418369,B33,1,0,,2196,0,0,,2196,
1644418369,in27,1,0,,2197,0,0,,2197,
1644418369,B14,1,0,,2197,0,0,,2197,
1644418369,B11,1,0,,2197,0,0,,2197,
1644418369,cn12,1,0,,2197,0,0,,2197,
1644418369,B54,1,1,job872_scenario1_2151,2197,0,0,,2197,
1644418369,B51,1,0,,2197,0,0,,2197,
1644418369,os4,1,0,,2197,0,0,,2197,
1644418369,in4,1,0,,2197,0,0,,2197,
1644418369,B33,1,0,,2197,0,0,,2197,
1644418369,in27,1,0,,2198,0,0,,2198,
1644418369,B14,1,0,,2198,0,0,,2198,
1644418369,B11,1,0,,2198,0,0,,2198,
1644418369,cn12,1,0,,2198,0,0,,2198,
1644418370,B54,1,0,,2198,0,0,,2198,
1644418370,B51,1,0,,2198,0,0,,2198,
1644418370,os4,1,0,,2198,0,0,,2198,
1644418370,in4,1,0,,2198,0,0,,2198,
1644418370,B33,1,0,,2198,0,0,,2198,
1644418370,in27,1,0,,2199,0,0,,2199,
1644418370,B14,1,0,,2199,0,0,,2199,
1644418370,B11,1,0,,2199,0,0,,2199,
1644418370,cn12,1,0,,2199,0,0,,2199,
1644418370,B54,1,0,,2199,0,0,,2199,
1644418370,B51,1,0,,2199,0,0,,2199,
1644418370,os4,1,0,,2199,0,0,,2199,
1644418370,in4,1,0,,2199,0,0,,2199,
1644418370,B33,1,0,,2199,0,0,,2199,
1644418370,in27,1,0,,2200,0,0,,2200,
1644418370,B14,1,0,,2200,0,0,,2200,
1644418370,B11,1,0,,2200,0,0,,2200,
1644418370,cn12,1,0,,2200,0,0,,2200,
1644418370,B54,1,0,,2200,0,0,,2200,
1644418370,B51,1,0,,2200,0,0,,2200,
1644418370,os4,1,0,,2200,0,0,,2200,
1644418370,in4,1,0,,2200,0,0,,2200,
1644418370,B33,1,0,,2200,0,0,,2200,
1644418370,in27,1,0,,2201,0,0,,2201,
1644418370,B14,1,0,,2201,0,0,,2201,
1644418370,B11,1,0,,2201,0,0,,2201,
1644418370,cn12,1,0,,2201,0,0,,2201,
1644418370,B54,1,0,,2201,0,0,,2201,
1644418370,B51,1,0,,2201,0,0,,2201,
1644418370,os4,1,0,,2201,0,0,,2201,
1644418370,in4,1,0,,2201,0,0,,2201,
1644418370,B33,1,0,,2201,0,0,,2201,
1644418370,in27,1,0,,2202,0,0,,2202,
1644418370,B14,1,0,,2202,0,0,,2202,
1644418370,B11,1,0,,2202,0,0,,2202,
1644418370,cn12,1,0,,2202,0,0,,2202,
1644418370,B54,1,0,,2202,0,0,,2202,
1644418370,B51,1,0,,2202,0,0,,2202,
1644418371,os4,1,0,,2202,0,0,,2202,
1644418371,in4,1,0,,2202,0,0,,2202,
1644418371,B33,1,0,,2202,0,0,,2202,
1644418371,in27,1,0,,2203,0,0,,2203,
1644418371,B14,1,0,,2203,0,0,,2203,
1644418371,B11,1,0,,2203,0,0,,2203,
1644418371,cn12,1,0,,2203,0,0,,2203,
1644418371,B54,1,0,,2203,0,0,,2203,
1644418371,B51,1,0,,2203,0,0,,2203,
1644418371,os4,1,0,,2203,0,0,,2203,
1644418371,in4,1,0,,2203,0,0,,2203,
1644418371,B33,1,0,,2203,0,0,,2203,
1644418371,in27,1,0,,2204,0,0,,2204,
1644418371,B14,1,0,,2204,0,0,,2204,
1644418371,B11,1,0,,2204,0,0,,2204,
1644418371,cn12,1,0,,2204,0,0,,2204,
1644418371,B54,1,0,,2204,0,0,,2204,
1644418371,B51,1,0,,2204,0,0,,2204,
1644418371,os4,1,0,,2204,0,0,,2204,
1644418371,in4,1,0,,2204,0,0,,2204,
1644418371,B33,1,0,,2204,0,0,,2204,
1644418371,in27,1,0,,2205,0,0,,2205,
1644418371,B14,1,0,,2205,0,0,,2205,
1644418371,B11,1,0,,2205,0,0,,2205,
1644418371,cn12,1,0,,2205,0,0,,2205,
1644418371,B54,1,0,,2205,0,0,,2205,
1644418371,B51,1,0,,2205,0,0,,2205,
1644418371,os4,1,0,,2205,0,0,,2205,
1644418371,in4,1,0,,2205,0,0,,2205,
1644418371,B33,1,0,,2205,0,0,,2205,
1644418371,in27,1,0,,2206,0,0,,2206,
1644418371,B14,1,0,,2206,0,0,,2206,
1644418371,B11,1,0,,2206,0,0,,2206,
1644418371,cn12,1,0,,2206,0,0,,2206,
1644418371,B54,1,0,,2206,0,0,,2206,
1644418371,B51,1,0,,2206,0,0,,2206,
1644418371,os4,1,0,,2206,0,0,,2206,
1644418371,in4,1,0,,2206,0,0,,2206,
1644418371,B33,1,0,,2206,0,0,,2206,
1644418371,in27,1,0,,2207,0,0,,2207,
1644418371,B14,1,0,,2207,0,0,,2207,
1644418371,B11,1,0,,2207,0,0,,2207,
1644418371,cn12,1,0,,2207,0,0,,2207,
1644418371,B54,1,0,,2207,0,0,,2207,
1644418371,B51,1,0,,2207,0,0,,2207,
1644418371,os4,1,0,,2207,0,0,,2207,
1644418371,in4,1,0,,2207,0,0,,2207,
1644418371,B33,1,0,,2207,0,0,,2207,
1644418371,in27,1,0,,2208,0,0,,2208,
1644418371,B14,1,0,,2208,0,0,,2208,
1644418371,B11,1,0,,2208,0,0,,2208,
1644418371,cn12,1,0,,2208,0,0,,2208,
1644418371,B54,1,0,,2208,0,0,,2208,
1644418371,B51,1,0,,2208,0,0,,2208,
1644418371,os4,1,0,,2208,0,0,,2208,
1644418371,in4,1,0,,2208,0,0,,2208,
1644418371,B33,1,0,,2208,0,0,,2208,
1644418371,in27,1,0,,2209,0,0,,2209,
1644418371,B14,1,0,,2209,0,0,,2209,
1644418371,B11,1,0,,2209,0,0,,2209,
1644418371,cn12,1,0,,2209,0,0,,2209,
1644418371,B54,1,0,,2209,0,0,,2209,
1644418371,B51,1,0,,2209,0,0,,2209,
1644418371,os4,1,0,,2209,0,0,,2209,
1644418371,in4,1,0,,2209,0,0,,2209,
1644418371,B33,1,0,,2209,0,0,,2209,
1644418371,in27,1,0,,2210,0,0,,2210,
1644418371,B14,1,0,,2210,0,0,,2210,
1644418371,B11,1,0,,2210,0,0,,2210,
1644418371,cn12,1,0,,2210,0,0,,2210,
1644418371,B54,1,0,,2210,0,0,,2210,
1644418371,B51,1,0,,2210,0,0,,2210,
1644418371,os4,1,0,,2210,0,0,,2210,
1644418371,in4,1,0,,2210,0,0,,2210,
1644418371,B33,1,0,,2210,0,0,,2210,
1644418372,in27,1,0,,2211,0,0,,2211,
1644418372,B14,1,0,,2211,0,0,,2211,
1644418372,B11,1,0,,2211,0,0,,2211,
1644418372,cn12,1,0,,2211,0,0,,2211,
1644418372,B54,1,0,,2211,0,0,,2211,
1644418372,B51,1,0,,2211,0,0,,2211,
1644418372,os4,1,0,,2211,0,0,,2211,
1644418372,in4,1,0,,2211,0,0,,2211,
1644418372,B33,1,0,,2211,0,0,,2211,
1644418372,in27,1,0,,2212,0,0,,2212,
1644418372,B14,1,0,,2212,0,0,,2212,
1644418372,B11,1,0,,2212,0,0,,2212,
1644418372,cn12,1,0,,2212,0,0,,2212,
1644418372,B54,1,0,,2212,0,0,,2212,
1644418372,B51,1,0,,2212,0,0,,2212,
1644418372,os4,1,0,,2212,0,0,,2212,
1644418372,in4,1,0,,2212,0,0,,2212,
1644418372,B33,1,0,,2212,0,0,,2212,
1644418372,in27,1,0,,2213,0,0,,2213,
1644418372,B14,1,0,,2213,0,0,,2213,
1644418372,B11,1,0,,2213,0,0,,2213,
1644418372,cn12,1,0,,2213,0,0,,2213,
1644418372,B54,1,0,,2213,0,0,,2213,
1644418372,B51,1,0,,2213,0,0,,2213,
1644418372,os4,1,0,,2213,0,0,,2213,
1644418372,in4,1,0,,2213,0,0,,2213,
1644418372,B33,1,0,,2213,0,0,,2213,
1644418372,in27,1,0,,2214,0,0,,2214,
1644418372,B14,1,0,,2214,0,0,,2214,
1644418372,B11,1,0,,2214,0,0,,2214,
1644418372,cn12,1,0,,2214,0,0,,2214,
1644418372,B54,1,0,,2214,0,0,,2214,
1644418372,B51,1,0,,2214,0,0,,2214,
1644418372,os4,1,0,,2214,0,0,,2214,
1644418372,in4,1,0,,2214,0,0,,2214,
1644418372,B33,1,0,,2214,0,0,,2214,
1644418373,in27,1,0,,2215,0,0,,2215,
1644418373,B14,1,0,,2215,0,0,,2215,
1644418373,B11,1,0,,2215,0,0,,2215,
1644418373,cn12,1,0,,2215,0,0,,2215,
1644418373,B54,1,1,job881_scenario1_2193,2215,0,0,,2215,
1644418373,B51,1,0,,2215,0,0,,2215,
1644418373,os4,1,0,,2215,0,0,,2215,
1644418373,in4,1,0,,2215,0,0,,2215,
1644418373,B33,1,0,,2215,0,0,,2215,
1644418374,in27,1,0,,2216,0,0,,2216,
1644418374,B14,1,0,,2216,0,0,,2216,
1644418374,B11,1,0,,2216,0,0,,2216,
1644418374,cn12,1,0,,2216,0,0,,2216,
1644418374,B54,1,1,job881_scenario1_2193,2216,0,0,,2216,
1644418374,B51,1,0,,2216,0,0,,2216,
1644418374,os4,1,0,,2216,0,0,,2216,
1644418374,in4,1,0,,2216,0,0,,2216,
1644418374,B33,1,1,job887_scenario2_2212,2216,0,0,,2216,
1644418374,in27,1,0,,2217,0,0,,2217,
1644418374,B14,1,0,,2217,0,0,,2217,
1644418374,B11,1,0,,2217,0,0,,2217,
1644418374,cn12,1,0,,2217,0,0,,2217,
1644418374,B54,1,1,job881_scenario1_2193,2217,0,0,,2217,
1644418374,B51,1,0,,2217,0,0,,2217,
1644418374,os4,1,0,,2217,0,0,,2217,
1644418374,in4,1,0,,2217,0,0,,2217,
1644418374,B33,1,1,job887_scenario2_2212,2217,0,0,,2217,
1644418374,in27,1,0,,2218,0,0,,2218,
1644418374,B14,1,0,,2218,0,0,,2218,
1644418374,B11,1,0,,2218,0,0,,2218,
1644418374,cn12,1,0,,2218,0,0,,2218,
1644418374,B54,1,1,job881_scenario1_2193,2218,0,0,,2218,
1644418374,B51,1,0,,2218,0,0,,2218,
1644418374,os4,1,0,,2218,0,0,,2218,
1644418374,in4,1,0,,2218,0,0,,2218,
1644418374,B33,1,0,,2218,0,0,,2218,
1644418374,in27,1,0,,2219,0,0,,2219,
1644418374,B14,1,0,,2219,0,0,,2219,
1644418374,B11,1,0,,2219,0,0,,2219,
1644418374,cn12,1,0,,2219,0,0,,2219,
1644418374,B54,1,1,job881_scenario1_2193,2219,0,0,,2219,
1644418374,B51,1,0,,2219,0,0,,2219,
1644418374,os4,1,0,,2219,0,0,,2219,
1644418374,in4,1,0,,2219,0,0,,2219,
1644418374,B33,1,0,,2219,0,0,,2219,
1644418374,in27,1,0,,2220,0,0,,2220,
1644418374,B14,1,0,,2220,0,0,,2220,
1644418374,B11,1,0,,2220,0,0,,2220,
1644418374,cn12,1,0,,2220,0,0,,2220,
1644418374,B54,1,1,job881_scenario1_2193,2220,0,0,,2220,
1644418374,B51,1,0,,2220,0,0,,2220,
1644418374,os4,1,0,,2220,0,0,,2220,
1644418374,in4,1,0,,2220,0,0,,2220,
1644418374,B33,1,0,,2220,0,0,,2220,
1644418374,in27,1,0,,2221,0,0,,2221,
1644418374,B14,1,0,,2221,0,0,,2221,
1644418374,B11,1,0,,2221,0,0,,2221,
1644418374,cn12,1,0,,2221,0,0,,2221,
1644418374,B54,1,0,,2221,0,0,,2221,
1644418374,B51,1,0,,2221,0,0,,2221,
1644418374,os4,1,0,,2221,0,0,,2221,
1644418374,in4,1,0,,2221,0,0,,2221,
1644418374,B33,1,0,,2221,0,0,,2221,
1644418374,in27,1,0,,2222,0,0,,2222,
1644418374,B14,1,0,,2222,0,0,,2222,
1644418374,B11,1,0,,2222,0,0,,2222,
1644418374,cn12,1,0,,2222,0,0,,2222,
1644418374,B54,1,0,,2222,0,0,,2222,
1644418374,B51,1,0,,2222,0,0,,2222,
1644418374,os4,1,0,,2222,0,0,,2222,
1644418374,in4,1,0,,2222,0,0,,2222,
1644418374,B33,1,0,,2222,0,0,,2222,
1644418374,in27,1,0,,2223,0,0,,2223,
1644418374,B14,1,0,,2223,0,0,,2223,
1644418374,B11,1,0,,2223,0,0,,2223,
1644418374,cn12,1,0,,2223,0,0,,2223,
1644418374,B54,1,0,,2223,0,0,,2223,
1644418374,B51,1,0,,2223,0,0,,2223,
1644418374,os4,1,0,,2223,0,0,,2223,
1644418374,in4,1,0,,2223,0,0,,2223,
1644418374,B33,1,0,,2223,0,0,,2223,
1644418374,in27,1,0,,2224,0,0,,2224,
1644418374,B14,1,0,,2224,0,0,,2224,
1644418374,B11,1,0,,2224,0,0,,2224,
1644418374,cn12,1,0,,2224,0,0,,2224,
1644418374,B54,1,0,,2224,0,0,,2224,
1644418374,B51,1,0,,2224,0,0,,2224,
1644418374,os4,1,0,,2224,0,0,,2224,
1644418374,in4,1,0,,2224,0,0,,2224,
1644418374,B33,1,0,,2224,0,0,,2224,
1644418374,in27,1,0,,2225,0,0,,2225,
1644418374,B14,1,0,,2225,0,0,,2225,
1644418374,B11,1,0,,2225,0,0,,2225,
1644418374,cn12,1,0,,2225,0,0,,2225,
1644418374,B54,1,0,,2225,0,0,,2225,
1644418374,B51,1,0,,2225,0,0,,2225,
1644418374,os4,1,0,,2225,0,0,,2225,
1644418374,in4,1,0,,2225,0,0,,2225,
1644418374,B33,1,0,,2225,0,0,,2225,
1644418374,in27,1,0,,2226,0,0,,2226,
1644418374,B14,1,0,,2226,0,0,,2226,
1644418374,B11,1,0,,2226,0,0,,2226,
1644418374,cn12,1,0,,2226,0,0,,2226,
1644418374,B54,1,0,,2226,0,0,,2226,
1644418374,B51,1,0,,2226,0,0,,2226,
1644418374,os4,1,0,,2226,0,0,,2226,
1644418374,in4,1,0,,2226,0,0,,2226,
1644418374,B33,1,0,,2226,0,0,,2226,
1644418374,in27,1,0,,2227,0,0,,2227,
1644418374,B14,1,0,,2227,0,0,,2227,
1644418374,B11,1,0,,2227,0,0,,2227,
1644418374,cn12,1,0,,2227,0,0,,2227,
1644418374,B54,1,0,,2227,0,0,,2227,
1644418374,B51,1,0,,2227,0,0,,2227,
1644418374,os4,1,0,,2227,0,0,,2227,
1644418374,in4,1,0,,2227,0,0,,2227,
1644418374,B33,1,0,,2227,0,0,,2227,
1644418374,in27,1,0,,2228,0,0,,2228,
1644418374,B14,1,0,,2228,0,0,,2228,
1644418374,B11,1,0,,2228,0,0,,2228,
1644418374,cn12,1,0,,2228,0,0,,2228,
1644418374,B54,1,0,,2228,0,0,,2228,
1644418374,B51,1,0,,2228,0,0,,2228,
1644418374,os4,1,0,,2228,0,0,,2228,
1644418374,in4,1,0,,2228,0,0,,2228,
1644418374,B33,1,0,,2228,0,0,,2228,
1644418374,in27,1,0,,2229,0,0,,2229,
1644418374,B14,1,0,,2229,0,0,,2229,
1644418374,B11,1,0,,2229,0,0,,2229,
1644418374,cn12,1,0,,2229,0,0,,2229,
1644418374,B54,1,0,,2229,0,0,,2229,
1644418374,B51,1,0,,2229,0,0,,2229,
1644418374,os4,1,0,,2229,0,0,,2229,
1644418374,in4,1,0,,2229,0,0,,2229,
1644418374,B33,1,0,,2229,0,0,,2229,
1644418374,in27,1,0,,2230,0,0,,2230,
1644418374,B14,1,0,,2230,0,0,,2230,
1644418374,B11,1,0,,2230,0,0,,2230,
1644418374,cn12,1,0,,2230,0,0,,2230,
1644418374,B54,1,0,,2230,0,0,,2230,
1644418374,B51,1,0,,2230,0,0,,2230,
1644418374,os4,1,0,,2230,0,0,,2230,
1644418374,in4,1,0,,2230,0,0,,2230,
1644418374,B33,1,0,,2230,0,0,,2230,
1644418374,in27,1,0,,2231,0,0,,2231,
1644418375,B14,1,0,,2231,0,0,,2231,
1644418375,B11,1,0,,2231,0,0,,2231,
1644418375,cn12,1,0,,2231,0,0,,2231,
1644418375,B54,1,0,,2231,0,0,,2231,
1644418375,B51,1,0,,2231,0,0,,2231,
1644418375,os4,1,0,,2231,0,0,,2231,
1644418375,in4,1,0,,2231,0,0,,2231,
1644418375,B33,1,0,,2231,0,0,,2231,
1644418375,in27,1,0,,2232,0,0,,2232,
1644418375,B14,1,0,,2232,0,0,,2232,
1644418375,B11,1,0,,2232,0,0,,2232,
1644418375,cn12,1,0,,2232,0,0,,2232,
1644418375,B54,1,0,,2232,0,0,,2232,
1644418375,B51,1,0,,2232,0,0,,2232,
1644418375,os4,1,0,,2232,0,0,,2232,
1644418375,in4,1,0,,2232,0,0,,2232,
1644418375,B33,1,1,job888_scenario2_2228,2232,0,0,,2232,
1644418376,in27,1,0,,2233,0,0,,2233,
1644418376,B14,1,0,,2233,0,0,,2233,
1644418376,B11,1,0,,2233,0,0,,2233,
1644418376,cn12,1,0,,2233,0,0,,2233,
1644418376,B54,1,1,job882_scenario0_2194,2233,0,0,,2233,
1644418376,B51,1,0,,2233,0,0,,2233,
1644418376,os4,1,0,,2233,0,0,,2233,
1644418376,in4,1,0,,2233,0,0,,2233,
1644418376,B33,1,1,job888_scenario2_2228,2233,0,0,,2233,
1644418376,in27,1,0,,2234,0,0,,2234,
1644418376,B14,1,0,,2234,0,0,,2234,
1644418376,B11,1,0,,2234,0,0,,2234,
1644418376,cn12,1,0,,2234,0,0,,2234,
1644418376,B54,1,1,job882_scenario0_2194,2234,0,0,,2234,
1644418376,B51,1,0,,2234,0,0,,2234,
1644418376,os4,1,0,,2234,0,0,,2234,
1644418376,in4,1,0,,2234,0,0,,2234,
1644418376,B33,1,1,job888_scenario2_2228,2234,0,0,,2234,
1644418376,in27,1,0,,2235,0,0,,2235,
1644418376,B14,1,0,,2235,0,0,,2235,
1644418376,B11,1,0,,2235,0,0,,2235,
1644418376,cn12,1,0,,2235,0,0,,2235,
1644418376,B54,1,1,job882_scenario0_2194,2235,0,0,,2235,
1644418376,B51,1,0,,2235,0,0,,2235,
1644418376,os4,1,0,,2235,0,0,,2235,
1644418376,in4,1,0,,2235,0,0,,2235,
1644418376,B33,1,1,job888_scenario2_2228,2235,0,0,,2235,
1644418377,in27,1,0,,2236,0,0,,2236,
1644418377,B14,1,0,,2236,0,0,,2236,
1644418377,B11,1,0,,2236,0,0,,2236,
1644418377,cn12,1,0,,2236,0,0,,2236,
1644418377,B54,1,1,job882_scenario0_2194,2236,0,0,,2236,
1644418377,B51,1,0,,2236,0,0,,2236,
1644418377,os4,1,1,job890_scenario4_2231,2236,0,0,,2236,
1644418377,in4,1,0,,2236,0,0,,2236,
1644418377,B33,1,0,,2236,0,0,,2236,
1644418377,in27,1,0,,2237,0,0,,2237,
1644418377,B14,1,0,,2237,0,0,,2237,
1644418377,B11,1,0,,2237,0,0,,2237,
1644418377,cn12,1,0,,2237,0,0,,2237,
1644418377,B54,1,1,job882_scenario0_2194,2237,0,0,,2237,
1644418377,B51,1,0,,2237,0,0,,2237,
1644418377,os4,1,1,job890_scenario4_2231,2237,0,0,,2237,
1644418377,in4,1,0,,2237,0,0,,2237,
1644418377,B33,1,0,,2237,0,0,,2237,
1644418377,in27,1,0,,2238,0,0,,2238,
1644418377,B14,1,0,,2238,0,0,,2238,
1644418377,B11,1,0,,2238,0,0,,2238,
1644418377,cn12,1,0,,2238,0,0,,2238,
1644418377,B54,1,1,job882_scenario0_2194,2238,0,0,,2238,
1644418377,B51,1,0,,2238,0,0,,2238,
1644418377,os4,1,1,job890_scenario4_2231,2238,0,0,,2238,
1644418377,in4,1,0,,2238,0,0,,2238,
1644418377,B33,1,0,,2238,0,0,,2238,
1644418377,in27,1,0,,2239,0,0,,2239,
1644418377,B14,1,0,,2239,0,0,,2239,
1644418377,B11,1,0,,2239,0,0,,2239,
1644418377,cn12,1,0,,2239,0,0,,2239,
1644418377,B54,1,1,job882_scenario0_2194,2239,0,0,,2239,
1644418377,B51,1,0,,2239,0,0,,2239,
1644418377,os4,1,1,job890_scenario4_2231,2239,0,0,,2239,
1644418377,in4,1,0,,2239,0,0,,2239,
1644418377,B33,1,0,,2239,0,0,,2239,
1644418377,in27,1,0,,2240,0,0,,2240,
1644418377,B14,1,0,,2240,0,0,,2240,
1644418377,B11,1,0,,2240,0,0,,2240,
1644418377,cn12,1,0,,2240,0,0,,2240,
1644418377,B54,1,1,job882_scenario0_2194,2240,0,0,,2240,
1644418377,B51,1,0,,2240,0,0,,2240,
1644418377,os4,1,1,job890_scenario4_2231,2240,0,0,,2240,
1644418377,in4,1,0,,2240,0,0,,2240,
1644418377,B33,1,0,,2240,0,0,,2240,
1644418377,in27,1,0,,2241,0,0,,2241,
1644418377,B14,1,0,,2241,0,0,,2241,
1644418377,B11,1,0,,2241,0,0,,2241,
1644418377,cn12,1,0,,2241,0,0,,2241,
1644418377,B54,1,1,job882_scenario0_2194,2241,0,0,,2241,
1644418377,B51,1,0,,2241,0,0,,2241,
1644418377,os4,1,1,job890_scenario4_2231,2241,0,0,,2241,
1644418377,in4,1,0,,2241,0,0,,2241,
1644418377,B33,1,0,,2241,0,0,,2241,
1644418377,in27,1,0,,2242,0,0,,2242,
1644418377,B14,1,0,,2242,0,0,,2242,
1644418377,B11,1,0,,2242,0,0,,2242,
1644418377,cn12,1,0,,2242,0,0,,2242,
1644418377,B54,1,1,job882_scenario0_2194,2242,0,0,,2242,
1644418377,B51,1,0,,2242,0,0,,2242,
1644418377,os4,1,1,job890_scenario4_2231,2242,0,0,,2242,
1644418377,in4,1,0,,2242,0,0,,2242,
1644418377,B33,1,0,,2242,0,0,,2242,
1644418377,in27,1,0,,2243,0,0,,2243,
1644418377,B14,1,0,,2243,0,0,,2243,
1644418377,B11,1,0,,2243,0,0,,2243,
1644418377,cn12,1,0,,2243,0,0,,2243,
1644418377,B54,1,1,job882_scenario0_2194,2243,0,0,,2243,
1644418377,B51,1,0,,2243,0,0,,2243,
1644418377,os4,1,1,job890_scenario4_2231,2243,0,0,,2243,
1644418377,in4,1,0,,2243,0,0,,2243,
1644418377,B33,1,0,,2243,0,0,,2243,
1644418377,in27,1,0,,2244,0,0,,2244,
1644418377,B14,1,0,,2244,0,0,,2244,
1644418377,B11,1,0,,2244,0,0,,2244,
1644418377,cn12,1,0,,2244,0,0,,2244,
1644418377,B54,1,1,job882_scenario0_2194,2244,0,0,,2244,
1644418377,B51,1,0,,2244,0,0,,2244,
1644418377,os4,1,1,job890_scenario4_2231,2244,0,0,,2244,
1644418377,in4,1,0,,2244,0,0,,2244,
1644418377,B33,1,0,,2244,0,0,,2244,
1644418377,in27,1,0,,2245,0,0,,2245,
1644418377,B14,1,0,,2245,0,0,,2245,
1644418377,B11,1,0,,2245,0,0,,2245,
1644418377,cn12,1,0,,2245,0,0,,2245,
1644418377,B54,1,0,,2245,0,0,,2245,
1644418377,B51,1,0,,2245,0,0,,2245,
1644418377,os4,1,0,,2245,0,0,,2245,
1644418377,in4,1,0,,2245,0,0,,2245,
1644418377,B33,1,0,,2245,0,0,,2245,
1644418378,in27,1,0,,2246,0,0,,2246,
1644418378,B14,1,0,,2246,0,0,,2246,
1644418378,B11,1,0,,2246,0,0,,2246,
1644418378,cn12,1,0,,2246,0,0,,2246,
1644418378,B54,1,0,,2246,0,0,,2246,
1644418378,B51,1,0,,2246,0,0,,2246,
1644418378,os4,1,0,,2246,0,0,,2246,
1644418378,in4,1,0,,2246,0,0,,2246,
1644418378,B33,1,0,,2246,0,0,,2246,
1644418378,in27,1,0,,2247,0,0,,2247,
1644418378,B14,1,0,,2247,0,0,,2247,
1644418378,B11,1,0,,2247,0,0,,2247,
1644418378,cn12,1,0,,2247,0,0,,2247,
1644418378,B54,1,0,,2247,0,0,,2247,
1644418378,B51,1,0,,2247,0,0,,2247,
1644418378,os4,1,0,,2247,0,0,,2247,
1644418378,in4,1,0,,2247,0,0,,2247,
1644418378,B33,1,0,,2247,0,0,,2247,
1644418378,in27,1,0,,2248,0,0,,2248,
1644418378,B14,1,0,,2248,0,0,,2248,
1644418378,B11,1,0,,2248,0,0,,2248,
1644418378,cn12,1,0,,2248,0,0,,2248,
1644418378,B54,1,0,,2248,0,0,,2248,
1644418378,B51,1,0,,2248,0,0,,2248,
1644418378,os4,1,0,,2248,0,0,,2248,
1644418378,in4,1,0,,2248,0,0,,2248,
1644418378,B33,1,0,,2248,0,0,,2248,
1644418378,in27,1,0,,2249,0,0,,2249,
1644418378,B14,1,0,,2249,0,0,,2249,
1644418378,B11,1,0,,2249,0,0,,2249,
1644418378,cn12,1,0,,2249,0,0,,2249,
1644418378,B54,1,0,,2249,0,0,,2249,
1644418378,B51,1,0,,2249,0,0,,2249,
1644418378,os4,1,0,,2249,0,0,,2249,
1644418378,in4,1,0,,2249,0,0,,2249,
1644418378,B33,1,0,,2249,0,0,,2249,
1644418378,in27,1,0,,2250,0,0,,2250,
1644418378,B14,1,0,,2250,0,0,,2250,
1644418378,B11,1,0,,2250,0,0,,2250,
1644418378,cn12,1,0,,2250,0,0,,2250,
1644418378,B54,1,0,,2250,0,0,,2250,
1644418378,B51,1,0,,2250,0,0,,2250,
1644418378,os4,1,0,,2250,0,0,,2250,
1644418378,in4,1,0,,2250,0,0,,2250,
1644418378,B33,1,0,,2250,0,0,,2250,
1644418378,in27,1,0,,2251,0,0,,2251,
1644418378,B14,1,0,,2251,0,0,,2251,
1644418378,B11,1,0,,2251,0,0,,2251,
1644418378,cn12,1,0,,2251,0,0,,2251,
1644418378,B54,1,0,,2251,0,0,,2251,
1644418378,B51,1,0,,2251,0,0,,2251,
1644418378,os4,1,0,,2251,0,0,,2251,
1644418378,in4,1,0,,2251,0,0,,2251,
1644418378,B33,1,0,,2251,0,0,,2251,
1644418378,in27,1,0,,2252,0,0,,2252,
1644418378,B14,1,0,,2252,0,0,,2252,
1644418378,B11,1,0,,2252,0,0,,2252,
1644418378,cn12,1,0,,2252,0,0,,2252,
1644418378,B54,1,0,,2252,0,0,,2252,
1644418378,B51,1,0,,2252,0,0,,2252,
1644418378,os4,1,0,,2252,0,0,,2252,
1644418378,in4,1,0,,2252,0,0,,2252,
1644418378,B33,1,0,,2252,0,0,,2252,
1644418378,in27,1,0,,2253,0,0,,2253,
1644418378,B14,1,0,,2253,0,0,,2253,
1644418378,B11,1,0,,2253,0,0,,2253,
1644418378,cn12,1,0,,2253,0,0,,2253,
1644418378,B54,1,0,,2253,0,0,,2253,
1644418378,B51,1,0,,2253,0,0,,2253,
1644418378,os4,1,0,,2253,0,0,,2253,
1644418378,in4,1,0,,2253,0,0,,2253,
1644418378,B33,1,0,,2253,0,0,,2253,
1644418378,in27,1,0,,2254,0,0,,2254,
1644418378,B14,1,0,,2254,0,0,,2254,
1644418378,B11,1,0,,2254,0,0,,2254,
1644418378,cn12,1,0,,2254,0,0,,2254,
1644418378,B54,1,0,,2254,0,0,,2254,
1644418378,B51,1,0,,2254,0,0,,2254,
1644418378,os4,1,0,,2254,0,0,,2254,
1644418378,in4,1,0,,2254,0,0,,2254,
1644418378,B33,1,0,,2254,0,0,,2254,
1644418378,in27,1,0,,2255,0,0,,2255,
1644418378,B14,1,0,,2255,0,0,,2255,
1644418378,B11,1,0,,2255,0,0,,2255,
1644418378,cn12,1,0,,2255,0,0,,2255,
1644418378,B54,1,0,,2255,0,0,,2255,
1644418378,B51,1,0,,2255,0,0,,2255,
1644418378,os4,1,0,,2255,0,0,,2255,
1644418378,in4,1,0,,2255,0,0,,2255,
1644418378,B33,1,0,,2255,0,0,,2255,
1644418378,in27,1,0,,2256,0,0,,2256,
1644418378,B14,1,0,,2256,0,0,,2256,
1644418378,B11,1,0,,2256,0,0,,2256,
1644418378,cn12,1,0,,2256,0,0,,2256,
1644418378,B54,1,0,,2256,0,0,,2256,
1644418378,B51,1,0,,2256,0,0,,2256,
1644418378,os4,1,0,,2256,0,0,,2256,
1644418378,in4,1,0,,2256,0,0,,2256,
1644418378,B33,1,0,,2256,0,0,,2256,
1644418378,in27,1,0,,2257,0,0,,2257,
1644418378,B14,1,0,,2257,0,0,,2257,
1644418378,B11,1,0,,2257,0,0,,2257,
1644418378,cn12,1,0,,2257,0,0,,2257,
1644418378,B54,1,0,,2257,0,0,,2257,
1644418378,B51,1,0,,2257,0,0,,2257,
1644418378,os4,1,0,,2257,0,0,,2257,
1644418378,in4,1,0,,2257,0,0,,2257,
1644418378,B33,1,0,,2257,0,0,,2257,
1644418378,in27,1,0,,2258,0,0,,2258,
1644418378,B14,1,0,,2258,0,0,,2258,
1644418378,B11,1,0,,2258,0,0,,2258,
1644418378,cn12,1,0,,2258,0,0,,2258,
1644418378,B54,1,0,,2258,0,0,,2258,
1644418378,B51,1,0,,2258,0,0,,2258,
1644418378,os4,1,0,,2258,0,0,,2258,
1644418378,in4,1,0,,2258,0,0,,2258,
1644418378,B33,1,0,,2258,0,0,,2258,
1644418378,in27,1,0,,2259,0,0,,2259,
1644418378,B14,1,0,,2259,0,0,,2259,
1644418378,B11,1,0,,2259,0,0,,2259,
1644418379,cn12,1,0,,2259,0,0,,2259,
1644418379,B54,1,0,,2259,0,0,,2259,
1644418379,B51,1,0,,2259,0,0,,2259,
1644418379,os4,1,0,,2259,0,0,,2259,
1644418379,in4,1,0,,2259,0,0,,2259,
1644418379,B33,1,0,,2259,0,0,,2259,
1644418379,in27,1,0,,2260,0,0,,2260,
1644418379,B14,1,0,,2260,0,0,,2260,
1644418379,B11,1,0,,2260,0,0,,2260,
1644418379,cn12,1,0,,2260,0,0,,2260,
1644418379,B54,1,0,,2260,0,0,,2260,
1644418379,B51,1,0,,2260,0,0,,2260,
1644418379,os4,1,0,,2260,0,0,,2260,
1644418379,in4,1,0,,2260,0,0,,2260,
1644418379,B33,1,0,,2260,0,0,,2260,
1644418379,in27,1,0,,2261,0,0,,2261,
1644418379,B14,1,0,,2261,0,0,,2261,
1644418379,B11,1,0,,2261,0,0,,2261,
1644418379,cn12,1,0,,2261,0,0,,2261,
1644418379,B54,1,0,,2261,0,0,,2261,
1644418379,B51,1,0,,2261,0,0,,2261,
1644418379,os4,1,0,,2261,0,0,,2261,
1644418379,in4,1,0,,2261,0,0,,2261,
1644418379,B33,1,0,,2261,0,0,,2261,
1644418379,in27,1,0,,2262,0,0,,2262,
1644418379,B14,1,0,,2262,0,0,,2262,
1644418379,B11,1,0,,2262,0,0,,2262,
1644418379,cn12,1,0,,2262,0,0,,2262,
1644418379,B54,1,0,,2262,0,0,,2262,
1644418379,B51,1,0,,2262,0,0,,2262,
1644418379,os4,1,0,,2262,0,0,,2262,
1644418379,in4,1,0,,2262,0,0,,2262,
1644418379,B33,1,0,,2262,0,0,,2262,
1644418379,in27,1,0,,2263,0,0,,2263,
1644418379,B14,1,0,,2263,0,0,,2263,
1644418379,B11,1,0,,2263,0,0,,2263,
1644418379,cn12,1,0,,2263,0,0,,2263,
1644418379,B54,1,0,,2263,0,0,,2263,
1644418379,B51,1,0,,2263,0,0,,2263,
1644418379,os4,1,0,,2263,0,0,,2263,
1644418379,in4,1,0,,2263,0,0,,2263,
1644418379,B33,1,0,,2263,0,0,,2263,
1644418379,in27,1,0,,2264,0,0,,2264,
1644418379,B14,1,0,,2264,0,0,,2264,
1644418379,B11,1,0,,2264,0,0,,2264,
1644418379,cn12,1,0,,2264,0,0,,2264,
1644418379,B54,1,0,,2264,0,0,,2264,
1644418379,B51,1,0,,2264,0,0,,2264,
1644418379,os4,1,0,,2264,0,0,,2264,
1644418379,in4,1,0,,2264,0,0,,2264,
1644418379,B33,1,0,,2264,0,0,,2264,
1644418379,in27,1,0,,2265,0,0,,2265,
1644418379,B14,1,0,,2265,0,0,,2265,
1644418379,B11,1,0,,2265,0,0,,2265,
1644418379,cn12,1,0,,2265,0,0,,2265,
1644418379,B54,1,0,,2265,0,0,,2265,
1644418379,B51,1,0,,2265,0,0,,2265,
1644418379,os4,1,0,,2265,0,0,,2265,
1644418379,in4,1,0,,2265,0,0,,2265,
1644418379,B33,1,0,,2265,0,0,,2265,
1644418379,in27,1,0,,2266,0,0,,2266,
1644418379,B14,1,0,,2266,0,0,,2266,
1644418379,B11,1,0,,2266,0,0,,2266,
1644418379,cn12,1,0,,2266,0,0,,2266,
1644418379,B54,1,0,,2266,0,0,,2266,
1644418379,B51,1,0,,2266,0,0,,2266,
1644418379,os4,1,0,,2266,0,0,,2266,
1644418379,in4,1,0,,2266,0,0,,2266,
1644418379,B33,1,0,,2266,0,0,,2266,
1644418380,in27,1,0,,2267,0,0,,2267,
1644418380,B14,1,0,,2267,0,0,,2267,
1644418380,B11,1,0,,2267,0,0,,2267,
1644418380,cn12,1,0,,2267,0,0,,2267,
1644418380,B54,1,0,,2267,0,0,,2267,
1644418380,B51,1,0,,2267,0,0,,2267,
1644418380,os4,1,0,,2267,0,0,,2267,
1644418380,in4,1,0,,2267,0,0,,2267,
1644418380,B33,1,0,,2267,0,0,,2267,
1644418380,in27,1,0,,2268,0,0,,2268,
1644418380,B14,1,0,,2268,0,0,,2268,
1644418380,B11,1,0,,2268,0,0,,2268,
1644418380,cn12,1,0,,2268,0,0,,2268,
1644418380,B54,1,0,,2268,0,0,,2268,
1644418380,B51,1,0,,2268,0,0,,2268,
1644418380,os4,1,0,,2268,0,0,,2268,
1644418380,in4,1,0,,2268,0,0,,2268,
1644418380,B33,1,0,,2268,0,0,,2268,
1644418380,in27,1,0,,2269,0,0,,2269,
1644418380,B14,1,0,,2269,0,0,,2269,
1644418380,B11,1,0,,2269,0,0,,2269,
1644418380,cn12,1,0,,2269,0,0,,2269,
1644418380,B54,1,0,,2269,0,0,,2269,
1644418380,B51,1,0,,2269,0,0,,2269,
1644418380,os4,1,0,,2269,0,0,,2269,
1644418380,in4,1,0,,2269,0,0,,2269,
1644418380,B33,1,0,,2269,0,0,,2269,
1644418380,in27,1,0,,2270,0,0,,2270,
1644418380,B14,1,0,,2270,0,0,,2270,
1644418380,B11,1,0,,2270,0,0,,2270,
1644418380,cn12,1,0,,2270,0,0,,2270,
1644418380,B54,1,0,,2270,0,0,,2270,
1644418380,B51,1,0,,2270,0,0,,2270,
1644418380,os4,1,0,,2270,0,0,,2270,
1644418380,in4,1,0,,2270,0,0,,2270,
1644418380,B33,1,0,,2270,0,0,,2270,
1644418380,in27,1,0,,2271,0,0,,2271,
1644418380,B14,1,0,,2271,0,0,,2271,
1644418380,B11,1,0,,2271,0,0,,2271,
1644418380,cn12,1,0,,2271,0,0,,2271,
1644418380,B54,1,0,,2271,0,0,,2271,
1644418380,B51,1,0,,2271,0,0,,2271,
1644418380,os4,1,0,,2271,0,0,,2271,
1644418380,in4,1,0,,2271,0,0,,2271,
1644418380,B33,1,0,,2271,0,0,,2271,
1644418380,in27,1,0,,2272,0,0,,2272,
1644418380,B14,1,0,,2272,0,0,,2272,
1644418380,B11,1,0,,2272,0,0,,2272,
1644418380,cn12,1,0,,2272,0,0,,2272,
1644418380,B54,1,0,,2272,0,0,,2272,
1644418380,B51,1,0,,2272,0,0,,2272,
1644418380,os4,1,0,,2272,0,0,,2272,
1644418380,in4,1,0,,2272,0,0,,2272,
1644418380,B33,1,0,,2272,0,0,,2272,
1644418380,in27,1,0,,2273,0,0,,2273,
1644418380,B14,1,0,,2273,0,0,,2273,
1644418380,B11,1,0,,2273,0,0,,2273,
1644418380,cn12,1,0,,2273,0,0,,2273,
1644418380,B54,1,0,,2273,0,0,,2273,
1644418380,B51,1,0,,2273,0,0,,2273,
1644418380,os4,1,0,,2273,0,0,,2273,
1644418380,in4,1,0,,2273,0,0,,2273,
1644418380,B33,1,0,,2273,0,0,,2273,
1644418380,in27,1,0,,2274,0,0,,2274,
1644418380,B14,1,0,,2274,0,0,,2274,
1644418380,B11,1,0,,2274,0,0,,2274,
1644418380,cn12,1,0,,2274,0,0,,2274,
1644418380,B54,1,0,,2274,0,0,,2274,
1644418380,B51,1,0,,2274,0,0,,2274,
1644418380,os4,1,0,,2274,0,0,,2274,
1644418380,in4,1,0,,2274,0,0,,2274,
1644418380,B33,1,0,,2274,0,0,,2274,
1644418380,in27,1,0,,2275,0,0,,2275,
1644418380,B14,1,0,,2275,0,0,,2275,
1644418380,B11,1,0,,2275,0,0,,2275,
1644418380,cn12,1,0,,2275,0,0,,2275,
1644418380,B54,1,0,,2275,0,0,,2275,
1644418380,B51,1,0,,2275,0,0,,2275,
1644418380,os4,1,0,,2275,0,0,,2275,
1644418380,in4,1,0,,2275,0,0,,2275,
1644418380,B33,1,0,,2275,0,0,,2275,
1644418380,in27,1,0,,2276,0,0,,2276,
1644418380,B14,1,0,,2276,0,0,,2276,
1644418380,B11,1,0,,2276,0,0,,2276,
1644418380,cn12,1,0,,2276,0,0,,2276,
1644418380,B54,1,0,,2276,0,0,,2276,
1644418380,B51,1,0,,2276,0,0,,2276,
1644418380,os4,1,0,,2276,0,0,,2276,
1644418380,in4,1,0,,2276,0,0,,2276,
1644418380,B33,1,0,,2276,0,0,,2276,
1644418380,in27,1,0,,2277,0,0,,2277,
1644418381,B14,1,0,,2277,0,0,,2277,
1644418381,B11,1,0,,2277,0,0,,2277,
1644418381,cn12,1,0,,2277,0,0,,2277,
1644418381,B54,1,0,,2277,0,0,,2277,
1644418381,B51,1,0,,2277,0,0,,2277,
1644418381,os4,1,0,,2277,0,0,,2277,
1644418381,in4,1,0,,2277,0,0,,2277,
1644418381,B33,1,0,,2277,0,0,,2277,
1644418381,in27,1,0,,2278,0,0,,2278,
1644418381,B14,1,0,,2278,0,0,,2278,
1644418381,B11,1,0,,2278,0,0,,2278,
1644418381,cn12,1,0,,2278,0,0,,2278,
1644418381,B54,1,0,,2278,0,0,,2278,
1644418381,B51,1,0,,2278,0,0,,2278,
1644418381,os4,1,0,,2278,0,0,,2278,
1644418381,in4,1,0,,2278,0,0,,2278,
1644418381,B33,1,0,,2278,0,0,,2278,
1644418381,in27,1,0,,2279,0,0,,2279,
1644418381,B14,1,0,,2279,0,0,,2279,
1644418381,B11,1,0,,2279,0,0,,2279,
1644418381,cn12,1,0,,2279,0,0,,2279,
1644418381,B54,1,0,,2279,0,0,,2279,
1644418381,B51,1,0,,2279,0,0,,2279,
1644418381,os4,1,0,,2279,0,0,,2279,
1644418381,in4,1,0,,2279,0,0,,2279,
1644418381,B33,1,0,,2279,0,0,,2279,
1644418381,in27,1,0,,2280,0,0,,2280,
1644418381,B14,1,0,,2280,0,0,,2280,
1644418381,B11,1,0,,2280,0,0,,2280,
1644418381,cn12,1,0,,2280,0,0,,2280,
1644418381,B54,1,0,,2280,0,0,,2280,
1644418381,B51,1,0,,2280,0,0,,2280,
1644418381,os4,1,0,,2280,0,0,,2280,
1644418381,in4,1,0,,2280,0,0,,2280,
1644418381,B33,1,0,,2280,0,0,,2280,
1644418381,in27,1,0,,2281,0,0,,2281,
1644418381,B14,1,0,,2281,0,0,,2281,
1644418381,B11,1,0,,2281,0,0,,2281,
1644418381,cn12,1,0,,2281,0,0,,2281,
1644418381,B54,1,0,,2281,0,0,,2281,
1644418381,B51,1,0,,2281,0,0,,2281,
1644418381,os4,1,0,,2281,0,0,,2281,
1644418381,in4,1,0,,2281,0,0,,2281,
1644418381,B33,1,0,,2281,0,0,,2281,
1644418381,in27,1,0,,2282,0,0,,2282,
1644418381,B14,1,0,,2282,0,0,,2282,
1644418381,B11,1,0,,2282,0,0,,2282,
1644418381,cn12,1,0,,2282,0,0,,2282,
1644418381,B54,1,1,job894_scenario0_2243,2282,0,0,,2282,
1644418381,B51,1,0,,2282,0,0,,2282,
1644418381,os4,1,0,,2282,0,0,,2282,
1644418381,in4,1,0,,2282,0,0,,2282,
1644418381,B33,1,0,,2282,0,0,,2282,
1644418381,in27,1,0,,2283,0,0,,2283,
1644418381,B14,1,0,,2283,0,0,,2283,
1644418381,B11,1,0,,2283,0,0,,2283,
1644418381,cn12,1,0,,2283,0,0,,2283,
1644418381,B54,1,1,job894_scenario0_2243,2283,0,0,,2283,
1644418381,B51,1,0,,2283,0,0,,2283,
1644418381,os4,1,0,,2283,0,0,,2283,
1644418381,in4,1,0,,2283,0,0,,2283,
1644418381,B33,1,0,,2283,0,0,,2283,
1644418383,in27,1,0,,2284,0,0,,2284,
1644418383,B14,1,0,,2284,0,0,,2284,
1644418383,B11,1,0,,2284,0,0,,2284,
1644418383,cn12,1,0,,2284,0,0,,2284,
1644418383,B54,1,1,job894_scenario0_2243,2284,0,0,,2284,
1644418383,B51,1,0,,2284,0,0,,2284,
1644418383,os4,1,0,,2284,0,0,,2284,
1644418383,in4,1,0,,2284,0,0,,2284,
1644418383,B33,1,1,job899_scenario2_2280,2284,0,0,,2284,
1644418384,in27,1,0,,2285,0,0,,2285,
1644418384,B14,1,0,,2285,0,0,,2285,
1644418384,B11,1,0,,2285,0,0,,2285,
1644418384,cn12,1,0,,2285,0,0,,2285,
1644418384,B54,1,1,job894_scenario0_2243,2285,0,0,,2285,
1644418384,B51,1,0,,2285,0,0,,2285,
1644418384,os4,1,0,,2285,0,0,,2285,
1644418384,in4,1,0,,2285,0,0,,2285,
1644418384,B33,1,1,job899_scenario2_2280,2285,0,0,,2285,
1644418384,in27,1,0,,2286,0,0,,2286,
1644418384,B14,1,0,,2286,0,0,,2286,
1644418384,B11,1,0,,2286,0,0,,2286,
1644418384,cn12,1,0,,2286,0,0,,2286,
1644418384,B54,1,1,job894_scenario0_2243,2286,0,0,,2286,
1644418384,B51,1,0,,2286,0,0,,2286,
1644418384,os4,1,0,,2286,0,0,,2286,
1644418384,in4,1,0,,2286,0,0,,2286,
1644418384,B33,1,0,,2286,0,0,,2286,
1644418384,in27,1,0,,2287,0,0,,2287,
1644418384,B14,1,0,,2287,0,0,,2287,
1644418384,B11,1,0,,2287,0,0,,2287,
1644418384,cn12,1,0,,2287,0,0,,2287,
1644418384,B54,1,1,job894_scenario0_2243,2287,0,0,,2287,
1644418384,B51,1,0,,2287,0,0,,2287,
1644418384,os4,1,0,,2287,0,0,,2287,
1644418384,in4,1,0,,2287,0,0,,2287,
1644418384,B33,1,0,,2287,0,0,,2287,
1644418384,in27,1,0,,2288,0,0,,2288,
1644418384,B14,1,0,,2288,0,0,,2288,
1644418384,B11,1,0,,2288,0,0,,2288,
1644418384,cn12,1,0,,2288,0,0,,2288,
1644418384,B54,1,1,job894_scenario0_2243,2288,0,0,,2288,
1644418384,B51,1,0,,2288,0,0,,2288,
1644418384,os4,1,0,,2288,0,0,,2288,
1644418384,in4,1,0,,2288,0,0,,2288,
1644418384,B33,1,0,,2288,0,0,,2288,
1644418384,in27,1,0,,2289,0,0,,2289,
1644418384,B14,1,0,,2289,0,0,,2289,
1644418384,B11,1,0,,2289,0,0,,2289,
1644418384,cn12,1,0,,2289,0,0,,2289,
1644418384,B54,1,1,job894_scenario0_2243,2289,0,0,,2289,
1644418384,B51,1,0,,2289,0,0,,2289,
1644418384,os4,1,0,,2289,0,0,,2289,
1644418384,in4,1,0,,2289,0,0,,2289,
1644418384,B33,1,0,,2289,0,0,,2289,
1644418384,in27,1,0,,2290,0,0,,2290,
1644418384,B14,1,0,,2290,0,0,,2290,
1644418384,B11,1,0,,2290,0,0,,2290,
1644418384,cn12,1,0,,2290,0,0,,2290,
1644418384,B54,1,1,job894_scenario0_2243,2290,0,0,,2290,
1644418384,B51,1,0,,2290,0,0,,2290,
1644418384,os4,1,0,,2290,0,0,,2290,
1644418384,in4,1,0,,2290,0,0,,2290,
1644418384,B33,1,0,,2290,0,0,,2290,
1644418384,in27,1,0,,2291,0,0,,2291,
1644418384,B14,1,0,,2291,0,0,,2291,
1644418384,B11,1,0,,2291,0,0,,2291,
1644418384,cn12,1,0,,2291,0,0,,2291,
1644418384,B54,1,1,job894_scenario0_2243,2291,0,0,,2291,
1644418384,B51,1,0,,2291,0,0,,2291,
1644418384,os4,1,0,,2291,0,0,,2291,
1644418384,in4,1,0,,2291,0,0,,2291,
1644418384,B33,1,0,,2291,0,0,,2291,
1644418384,in27,1,0,,2292,0,0,,2292,
1644418384,B14,1,0,,2292,0,0,,2292,
1644418384,B11,1,0,,2292,0,0,,2292,
1644418384,cn12,1,0,,2292,0,0,,2292,
1644418384,B54,1,1,job894_scenario0_2243,2292,0,0,,2292,
1644418384,B51,1,0,,2292,0,0,,2292,
1644418384,os4,1,0,,2292,0,0,,2292,
1644418384,in4,1,0,,2292,0,0,,2292,
1644418384,B33,1,0,,2292,0,0,,2292,
1644418385,in27,1,0,,2293,0,0,,2293,
1644418385,B14,1,0,,2293,0,0,,2293,
1644418385,B11,1,0,,2293,0,0,,2293,
1644418385,cn12,1,0,,2293,0,0,,2293,
1644418385,B54,1,1,job894_scenario0_2243,2293,0,0,,2293,
1644418385,B51,1,0,,2293,0,0,,2293,
1644418385,os4,1,1,job901_scenario4_2288,2293,0,0,,2293,
1644418385,in4,1,0,,2293,0,0,,2293,
1644418385,B33,1,0,,2293,0,0,,2293,
1644418386,in27,1,0,,2294,0,0,,2294,
1644418386,B14,1,0,,2294,0,0,,2294,
1644418386,B11,1,0,,2294,0,0,,2294,
1644418386,cn12,1,0,,2294,0,0,,2294,
1644418386,B54,1,1,job894_scenario0_2243,2294,0,0,,2294,
1644418386,B51,1,0,,2294,0,0,,2294,
1644418386,os4,1,1,job901_scenario4_2288,2294,0,0,,2294,
1644418386,in4,1,0,,2294,0,0,,2294,
1644418386,B33,1,1,job903_scenario2_2293,2294,0,0,,2294,
1644418386,in27,1,0,,2295,0,0,,2295,
1644418386,B14,1,0,,2295,0,0,,2295,
1644418386,B11,1,0,,2295,0,0,,2295,
1644418386,cn12,1,0,,2295,0,0,,2295,
1644418386,B54,1,1,job894_scenario0_2243,2295,0,0,,2295,
1644418386,B51,1,0,,2295,0,0,,2295,
1644418386,os4,1,1,job901_scenario4_2288,2295,0,0,,2295,
1644418386,in4,1,0,,2295,0,0,,2295,
1644418386,B33,1,1,job903_scenario2_2293,2295,0,0,,2295,
1644418386,in27,1,0,,2296,0,0,,2296,
1644418386,B14,1,0,,2296,0,0,,2296,
1644418386,B11,1,0,,2296,0,0,,2296,
1644418386,cn12,1,0,,2296,0,0,,2296,
1644418386,B54,1,1,job894_scenario0_2243,2296,0,0,,2296,
1644418386,B51,1,0,,2296,0,0,,2296,
1644418386,os4,1,1,job901_scenario4_2288,2296,0,0,,2296,
1644418386,in4,1,0,,2296,0,0,,2296,
1644418386,B33,1,0,,2296,0,0,,2296,
1644418386,in27,1,0,,2297,0,0,,2297,
1644418386,B14,1,0,,2297,0,0,,2297,
1644418386,B11,1,0,,2297,0,0,,2297,
1644418386,cn12,1,0,,2297,0,0,,2297,
1644418386,B54,1,1,job894_scenario0_2243,2297,0,0,,2297,
1644418386,B51,1,0,,2297,0,0,,2297,
1644418386,os4,1,1,job901_scenario4_2288,2297,0,0,,2297,
1644418386,in4,1,0,,2297,0,0,,2297,
1644418386,B33,1,0,,2297,0,0,,2297,
1644418386,in27,1,0,,2298,0,0,,2298,
1644418386,B14,1,0,,2298,0,0,,2298,
1644418386,B11,1,0,,2298,0,0,,2298,
1644418386,cn12,1,0,,2298,0,0,,2298,
1644418386,B54,1,1,job894_scenario0_2243,2298,0,0,,2298,
1644418386,B51,1,0,,2298,0,0,,2298,
1644418386,os4,1,0,,2298,0,0,,2298,
1644418386,in4,1,0,,2298,0,0,,2298,
1644418386,B33,1,0,,2298,0,0,,2298,
1644418386,in27,1,0,,2299,0,0,,2299,
1644418386,B14,1,0,,2299,0,0,,2299,
1644418386,B11,1,0,,2299,0,0,,2299,
1644418386,cn12,1,0,,2299,0,0,,2299,
1644418386,B54,1,1,job894_scenario0_2243,2299,0,0,,2299,
1644418386,B51,1,0,,2299,0,0,,2299,
1644418386,os4,1,0,,2299,0,0,,2299,
1644418386,in4,1,0,,2299,0,0,,2299,
1644418386,B33,1,0,,2299,0,0,,2299,
1644418387,in27,1,0,,2300,0,0,,2300,
1644418387,B14,1,0,,2300,0,0,,2300,
1644418387,B11,1,1,job904_scenario3_2297,2300,0,0,,2300,
1644418387,cn12,1,0,,2300,0,0,,2300,
1644418387,B54,1,0,,2300,0,0,,2300,
1644418387,B51,1,0,,2300,0,0,,2300,
1644418387,os4,1,0,,2300,0,0,,2300,
1644418387,in4,1,0,,2300,0,0,,2300,
1644418387,B33,1,0,,2300,0,0,,2300,
1644418387,in27,1,0,,2301,0,0,,2301,
1644418387,B14,1,0,,2301,0,0,,2301,
1644418387,B11,1,1,job904_scenario3_2297,2301,0,0,,2301,
1644418387,cn12,1,0,,2301,0,0,,2301,
1644418387,B54,1,0,,2301,0,0,,2301,
1644418387,B51,1,0,,2301,0,0,,2301,
1644418387,os4,1,0,,2301,0,0,,2301,
1644418387,in4,1,0,,2301,0,0,,2301,
1644418387,B33,1,0,,2301,0,0,,2301,
1644418387,in27,1,0,,2302,0,0,,2302,
1644418387,B14,1,0,,2302,0,0,,2302,
1644418387,B11,1,0,,2302,0,0,,2302,
1644418387,cn12,1,0,,2302,0,0,,2302,
1644418387,B54,1,0,,2302,0,0,,2302,
1644418387,B51,1,0,,2302,0,0,,2302,
1644418387,os4,1,0,,2302,0,0,,2302,
1644418387,in4,1,0,,2302,0,0,,2302,
1644418387,B33,1,0,,2302,0,0,,2302,
1644418387,in27,1,0,,2303,0,0,,2303,
1644418387,B14,1,0,,2303,0,0,,2303,
1644418387,B11,1,0,,2303,0,0,,2303,
1644418387,cn12,1,0,,2303,0,0,,2303,
1644418387,B54,1,0,,2303,0,0,,2303,
1644418387,B51,1,0,,2303,0,0,,2303,
1644418387,os4,1,0,,2303,0,0,,2303,
1644418387,in4,1,0,,2303,0,0,,2303,
1644418387,B33,1,0,,2303,0,0,,2303,
1644418387,in27,1,0,,2304,0,0,,2304,
1644418387,B14,1,0,,2304,0,0,,2304,
1644418387,B11,1,0,,2304,0,0,,2304,
1644418387,cn12,1,0,,2304,0,0,,2304,
1644418387,B54,1,0,,2304,0,0,,2304,
1644418387,B51,1,0,,2304,0,0,,2304,
1644418387,os4,1,0,,2304,0,0,,2304,
1644418387,in4,1,0,,2304,0,0,,2304,
1644418387,B33,1,0,,2304,0,0,,2304,
1644418387,in27,1,0,,2305,0,0,,2305,
1644418387,B14,1,0,,2305,0,0,,2305,
1644418387,B11,1,0,,2305,0,0,,2305,
1644418387,cn12,1,0,,2305,0,0,,2305,
1644418387,B54,1,0,,2305,0,0,,2305,
1644418387,B51,1,0,,2305,0,0,,2305,
1644418387,os4,1,0,,2305,0,0,,2305,
1644418387,in4,1,0,,2305,0,0,,2305,
1644418387,B33,1,0,,2305,0,0,,2305,
1644418387,in27,1,0,,2306,0,0,,2306,
1644418387,B14,1,0,,2306,0,0,,2306,
1644418387,B11,1,0,,2306,0,0,,2306,
1644418387,cn12,1,0,,2306,0,0,,2306,
1644418387,B54,1,0,,2306,0,0,,2306,
1644418387,B51,1,0,,2306,0,0,,2306,
1644418387,os4,1,0,,2306,0,0,,2306,
1644418387,in4,1,0,,2306,0,0,,2306,
1644418387,B33,1,0,,2306,0,0,,2306,
1644418387,in27,1,0,,2307,0,0,,2307,
1644418387,B14,1,0,,2307,0,0,,2307,
1644418387,B11,1,0,,2307,0,0,,2307,
1644418387,cn12,1,0,,2307,0,0,,2307,
1644418387,B54,1,0,,2307,0,0,,2307,
1644418387,B51,1,0,,2307,0,0,,2307,
1644418387,os4,1,0,,2307,0,0,,2307,
1644418387,in4,1,0,,2307,0,0,,2307,
1644418387,B33,1,0,,2307,0,0,,2307,
1644418387,in27,1,0,,2308,0,0,,2308,
1644418387,B14,1,0,,2308,0,0,,2308,
1644418387,B11,1,0,,2308,0,0,,2308,
1644418387,cn12,1,0,,2308,0,0,,2308,
1644418387,B54,1,0,,2308,0,0,,2308,
1644418387,B51,1,0,,2308,0,0,,2308,
1644418387,os4,1,0,,2308,0,0,,2308,
1644418387,in4,1,0,,2308,0,0,,2308,
1644418387,B33,1,0,,2308,0,0,,2308,
1644418387,in27,1,0,,2309,0,0,,2309,
1644418387,B14,1,0,,2309,0,0,,2309,
1644418387,B11,1,0,,2309,0,0,,2309,
1644418387,cn12,1,0,,2309,0,0,,2309,
1644418387,B54,1,0,,2309,0,0,,2309,
1644418387,B51,1,0,,2309,0,0,,2309,
1644418387,os4,1,0,,2309,0,0,,2309,
1644418387,in4,1,0,,2309,0,0,,2309,
1644418387,B33,1,0,,2309,0,0,,2309,
1644418387,in27,1,0,,2310,0,0,,2310,
1644418387,B14,1,0,,2310,0,0,,2310,
1644418387,B11,1,0,,2310,0,0,,2310,
1644418387,cn12,1,0,,2310,0,0,,2310,
1644418387,B54,1,0,,2310,0,0,,2310,
1644418387,B51,1,0,,2310,0,0,,2310,
1644418387,os4,1,0,,2310,0,0,,2310,
1644418387,in4,1,0,,2310,0,0,,2310,
1644418387,B33,1,0,,2310,0,0,,2310,
1644418387,in27,1,0,,2311,0,0,,2311,
1644418387,B14,1,0,,2311,0,0,,2311,
1644418387,B11,1,0,,2311,0,0,,2311,
1644418387,cn12,1,0,,2311,0,0,,2311,
1644418387,B54,1,0,,2311,0,0,,2311,
1644418387,B51,1,0,,2311,0,0,,2311,
1644418387,os4,1,0,,2311,0,0,,2311,
1644418387,in4,1,0,,2311,0,0,,2311,
1644418387,B33,1,0,,2311,0,0,,2311,
1644418388,in27,1,0,,2312,0,0,,2312,
1644418388,B14,1,0,,2312,0,0,,2312,
1644418388,B11,1,0,,2312,0,0,,2312,
1644418388,cn12,1,0,,2312,0,0,,2312,
1644418388,B54,1,1,job906_scenario1_2307,2312,0,0,,2312,
1644418388,B51,1,0,,2312,0,0,,2312,
1644418388,os4,1,0,,2312,0,0,,2312,
1644418388,in4,1,0,,2312,0,0,,2312,
1644418388,B33,1,0,,2312,0,0,,2312,
1644418388,in27,1,0,,2313,0,0,,2313,
1644418388,B14,1,0,,2313,0,0,,2313,
1644418388,B11,1,0,,2313,0,0,,2313,
1644418388,cn12,1,0,,2313,0,0,,2313,
1644418388,B54,1,1,job906_scenario1_2307,2313,0,0,,2313,
1644418388,B51,1,0,,2313,0,0,,2313,
1644418388,os4,1,0,,2313,0,0,,2313,
1644418388,in4,1,0,,2313,0,0,,2313,
1644418388,B33,1,0,,2313,0,0,,2313,
1644418388,in27,1,0,,2314,0,0,,2314,
1644418388,B14,1,0,,2314,0,0,,2314,
1644418388,B11,1,0,,2314,0,0,,2314,
1644418388,cn12,1,0,,2314,0,0,,2314,
1644418388,B54,1,1,job906_scenario1_2307,2314,0,0,,2314,
1644418388,B51,1,0,,2314,0,0,,2314,
1644418388,os4,1,0,,2314,0,0,,2314,
1644418388,in4,1,0,,2314,0,0,,2314,
1644418388,B33,1,0,,2314,0,0,,2314,
1644418388,in27,1,0,,2315,0,0,,2315,
1644418388,B14,1,0,,2315,0,0,,2315,
1644418388,B11,1,0,,2315,0,0,,2315,
1644418388,cn12,1,0,,2315,0,0,,2315,
1644418388,B54,1,0,,2315,0,0,,2315,
1644418388,B51,1,0,,2315,0,0,,2315,
1644418388,os4,1,0,,2315,0,0,,2315,
1644418388,in4,1,0,,2315,0,0,,2315,
1644418388,B33,1,0,,2315,0,0,,2315,
1644418388,in27,1,0,,2316,0,0,,2316,
1644418388,B14,1,0,,2316,0,0,,2316,
1644418388,B11,1,0,,2316,0,0,,2316,
1644418388,cn12,1,0,,2316,0,0,,2316,
1644418388,B54,1,0,,2316,0,0,,2316,
1644418388,B51,1,0,,2316,0,0,,2316,
1644418388,os4,1,0,,2316,0,0,,2316,
1644418388,in4,1,0,,2316,0,0,,2316,
1644418388,B33,1,0,,2316,0,0,,2316,
1644418388,in27,1,0,,2317,0,0,,2317,
1644418388,B14,1,0,,2317,0,0,,2317,
1644418388,B11,1,0,,2317,0,0,,2317,
1644418388,cn12,1,0,,2317,0,0,,2317,
1644418388,B54,1,0,,2317,0,0,,2317,
1644418388,B51,1,0,,2317,0,0,,2317,
1644418388,os4,1,0,,2317,0,0,,2317,
1644418388,in4,1,0,,2317,0,0,,2317,
1644418388,B33,1,0,,2317,0,0,,2317,
1644418389,in27,1,0,,2318,0,0,,2318,
1644418389,B14,1,0,,2318,0,0,,2318,
1644418389,B11,1,0,,2318,0,0,,2318,
1644418389,cn12,1,0,,2318,0,0,,2318,
1644418389,B54,1,1,job897_scenario0_2278,2318,0,0,,2318,
1644418389,B51,1,0,,2318,0,0,,2318,
1644418389,os4,1,0,,2318,0,0,,2318,
1644418389,in4,1,0,,2318,0,0,,2318,
1644418389,B33,1,0,,2318,0,0,,2318,
1644418389,in27,1,0,,2319,0,0,,2319,
1644418389,B14,1,0,,2319,0,0,,2319,
1644418389,B11,1,0,,2319,0,0,,2319,
1644418389,cn12,1,0,,2319,0,0,,2319,
1644418389,B54,1,1,job897_scenario0_2278,2319,0,0,,2319,
1644418389,B51,1,0,,2319,0,0,,2319,
1644418389,os4,1,0,,2319,0,0,,2319,
1644418389,in4,1,0,,2319,0,0,,2319,
1644418389,B33,1,0,,2319,0,0,,2319,
1644418389,in27,1,0,,2320,0,0,,2320,
1644418389,B14,1,0,,2320,0,0,,2320,
1644418389,B11,1,0,,2320,0,0,,2320,
1644418389,cn12,1,0,,2320,0,0,,2320,
1644418389,B54,1,1,job897_scenario0_2278,2320,0,0,,2320,
1644418389,B51,1,0,,2320,0,0,,2320,
1644418389,os4,1,0,,2320,0,0,,2320,
1644418389,in4,1,0,,2320,0,0,,2320,
1644418389,B33,1,0,,2320,0,0,,2320,
1644418389,in27,1,0,,2321,0,0,,2321,
1644418389,B14,1,0,,2321,0,0,,2321,
1644418389,B11,1,0,,2321,0,0,,2321,
1644418389,cn12,1,0,,2321,0,0,,2321,
1644418389,B54,1,1,job897_scenario0_2278,2321,0,0,,2321,
1644418389,B51,1,0,,2321,0,0,,2321,
1644418389,os4,1,0,,2321,0,0,,2321,
1644418389,in4,1,0,,2321,0,0,,2321,
1644418389,B33,1,0,,2321,0,0,,2321,
1644418389,in27,1,0,,2322,0,0,,2322,
1644418389,B14,1,0,,2322,0,0,,2322,
1644418389,B11,1,0,,2322,0,0,,2322,
1644418389,cn12,1,0,,2322,0,0,,2322,
1644418389,B54,1,1,job897_scenario0_2278,2322,0,0,,2322,
1644418389,B51,1,0,,2322,0,0,,2322,
1644418389,os4,1,0,,2322,0,0,,2322,
1644418389,in4,1,0,,2322,0,0,,2322,
1644418389,B33,1,0,,2322,0,0,,2322,
1644418389,in27,1,0,,2323,0,0,,2323,
1644418389,B14,1,0,,2323,0,0,,2323,
1644418389,B11,1,0,,2323,0,0,,2323,
1644418389,cn12,1,0,,2323,0,0,,2323,
1644418389,B54,1,1,job897_scenario0_2278,2323,0,0,,2323,
1644418389,B51,1,0,,2323,0,0,,2323,
1644418389,os4,1,0,,2323,0,0,,2323,
1644418389,in4,1,0,,2323,0,0,,2323,
1644418389,B33,1,0,,2323,0,0,,2323,
1644418389,in27,1,0,,2324,0,0,,2324,
1644418389,B14,1,0,,2324,0,0,,2324,
1644418389,B11,1,0,,2324,0,0,,2324,
1644418389,cn12,1,0,,2324,0,0,,2324,
1644418389,B54,1,1,job897_scenario0_2278,2324,0,0,,2324,
1644418389,B51,1,0,,2324,0,0,,2324,
1644418389,os4,1,0,,2324,0,0,,2324,
1644418389,in4,1,0,,2324,0,0,,2324,
1644418389,B33,1,0,,2324,0,0,,2324,
1644418389,in27,1,0,,2325,0,0,,2325,
1644418389,B14,1,0,,2325,0,0,,2325,
1644418389,B11,1,0,,2325,0,0,,2325,
1644418389,cn12,1,0,,2325,0,0,,2325,
1644418389,B54,1,1,job897_scenario0_2278,2325,0,0,,2325,
1644418389,B51,1,0,,2325,0,0,,2325,
1644418389,os4,1,0,,2325,0,0,,2325,
1644418389,in4,1,0,,2325,0,0,,2325,
1644418389,B33,1,0,,2325,0,0,,2325,
1644418389,in27,1,0,,2326,0,0,,2326,
1644418389,B14,1,0,,2326,0,0,,2326,
1644418389,B11,1,0,,2326,0,0,,2326,
1644418389,cn12,1,0,,2326,0,0,,2326,
1644418389,B54,1,1,job897_scenario0_2278,2326,0,0,,2326,
1644418389,B51,1,0,,2326,0,0,,2326,
1644418389,os4,1,0,,2326,0,0,,2326,
1644418389,in4,1,0,,2326,0,0,,2326,
1644418389,B33,1,0,,2326,0,0,,2326,
1644418389,in27,1,0,,2327,0,0,,2327,
1644418389,B14,1,0,,2327,0,0,,2327,
1644418389,B11,1,0,,2327,0,0,,2327,
1644418389,cn12,1,0,,2327,0,0,,2327,
1644418389,B54,1,1,job897_scenario0_2278,2327,0,0,,2327,
1644418389,B51,1,0,,2327,0,0,,2327,
1644418389,os4,1,0,,2327,0,0,,2327,
1644418389,in4,1,0,,2327,0,0,,2327,
1644418389,B33,1,0,,2327,0,0,,2327,
1644418389,in27,1,0,,2328,0,0,,2328,
1644418389,B14,1,0,,2328,0,0,,2328,
1644418389,B11,1,0,,2328,0,0,,2328,
1644418389,cn12,1,0,,2328,0,0,,2328,
1644418389,B54,1,1,job897_scenario0_2278,2328,0,0,,2328,
1644418389,B51,1,0,,2328,0,0,,2328,
1644418389,os4,1,0,,2328,0,0,,2328,
1644418389,in4,1,0,,2328,0,0,,2328,
1644418389,B33,1,0,,2328,0,0,,2328,
1644418389,in27,1,0,,2329,0,0,,2329,
1644418389,B14,1,0,,2329,0,0,,2329,
1644418389,B11,1,0,,2329,0,0,,2329,
1644418389,cn12,1,0,,2329,0,0,,2329,
1644418389,B54,1,1,job897_scenario0_2278,2329,0,0,,2329,
1644418389,B51,1,0,,2329,0,0,,2329,
1644418389,os4,1,0,,2329,0,0,,2329,
1644418389,in4,1,0,,2329,0,0,,2329,
1644418389,B33,1,0,,2329,0,0,,2329,
1644418389,in27,1,0,,2330,0,0,,2330,
1644418389,B14,1,0,,2330,0,0,,2330,
1644418389,B11,1,0,,2330,0,0,,2330,
1644418389,cn12,1,0,,2330,0,0,,2330,
1644418389,B54,1,1,job897_scenario0_2278,2330,0,0,,2330,
1644418389,B51,1,0,,2330,0,0,,2330,
1644418389,os4,1,0,,2330,0,0,,2330,
1644418389,in4,1,0,,2330,0,0,,2330,
1644418389,B33,1,0,,2330,0,0,,2330,
1644418389,in27,1,0,,2331,0,0,,2331,
1644418389,B14,1,0,,2331,0,0,,2331,
1644418389,B11,1,0,,2331,0,0,,2331,
1644418389,cn12,1,0,,2331,0,0,,2331,
1644418389,B54,1,1,job897_scenario0_2278,2331,0,0,,2331,
1644418389,B51,1,0,,2331,0,0,,2331,
1644418389,os4,1,0,,2331,0,0,,2331,
1644418389,in4,1,0,,2331,0,0,,2331,
1644418389,B33,1,0,,2331,0,0,,2331,
1644418389,in27,1,0,,2332,0,0,,2332,
1644418389,B14,1,0,,2332,0,0,,2332,
1644418389,B11,1,0,,2332,0,0,,2332,
1644418389,cn12,1,0,,2332,0,0,,2332,
1644418389,B54,1,0,,2332,0,0,,2332,
1644418389,B51,1,0,,2332,0,0,,2332,
1644418389,os4,1,0,,2332,0,0,,2332,
1644418389,in4,1,0,,2332,0,0,,2332,
1644418389,B33,1,0,,2332,0,0,,2332,
1644418389,in27,1,0,,2333,0,0,,2333,
1644418389,B14,1,0,,2333,0,0,,2333,
1644418389,B11,1,0,,2333,0,0,,2333,
1644418389,cn12,1,0,,2333,0,0,,2333,
1644418389,B54,1,0,,2333,0,0,,2333,
1644418389,B51,1,0,,2333,0,0,,2333,
1644418389,os4,1,0,,2333,0,0,,2333,
1644418389,in4,1,0,,2333,0,0,,2333,
1644418389,B33,1,0,,2333,0,0,,2333,
1644418389,in27,1,0,,2334,0,0,,2334,
1644418389,B14,1,0,,2334,0,0,,2334,
1644418389,B11,1,0,,2334,0,0,,2334,
1644418389,cn12,1,0,,2334,0,0,,2334,
1644418389,B54,1,0,,2334,0,0,,2334,
1644418389,B51,1,0,,2334,0,0,,2334,
1644418389,os4,1,0,,2334,0,0,,2334,
1644418389,in4,1,0,,2334,0,0,,2334,
1644418389,B33,1,0,,2334,0,0,,2334,
1644418389,in27,1,0,,2335,0,0,,2335,
1644418389,B14,1,0,,2335,0,0,,2335,
1644418389,B11,1,0,,2335,0,0,,2335,
1644418389,cn12,1,0,,2335,0,0,,2335,
1644418389,B54,1,0,,2335,0,0,,2335,
1644418389,B51,1,0,,2335,0,0,,2335,
1644418389,os4,1,0,,2335,0,0,,2335,
1644418389,in4,1,0,,2335,0,0,,2335,
1644418389,B33,1,0,,2335,0,0,,2335,
1644418389,in27,1,0,,2336,0,0,,2336,
1644418389,B14,1,0,,2336,0,0,,2336,
1644418389,B11,1,0,,2336,0,0,,2336,
1644418389,cn12,1,0,,2336,0,0,,2336,
1644418389,B54,1,0,,2336,0,0,,2336,
1644418389,B51,1,0,,2336,0,0,,2336,
1644418389,os4,1,0,,2336,0,0,,2336,
1644418389,in4,1,0,,2336,0,0,,2336,
1644418389,B33,1,0,,2336,0,0,,2336,
1644418389,in27,1,0,,2337,0,0,,2337,
1644418389,B14,1,0,,2337,0,0,,2337,
1644418389,B11,1,0,,2337,0,0,,2337,
1644418389,cn12,1,0,,2337,0,0,,2337,
1644418389,B54,1,0,,2337,0,0,,2337,
1644418389,B51,1,0,,2337,0,0,,2337,
1644418389,os4,1,0,,2337,0,0,,2337,
1644418389,in4,1,0,,2337,0,0,,2337,
1644418389,B33,1,0,,2337,0,0,,2337,
1644418390,in27,1,0,,2338,0,0,,2338,
1644418390,B14,1,0,,2338,0,0,,2338,
1644418390,B11,1,0,,2338,0,0,,2338,
1644418390,cn12,1,0,,2338,0,0,,2338,
1644418390,B54,1,1,job905_scenario0_2298,2338,0,0,,2338,
1644418390,B51,1,0,,2338,0,0,,2338,
1644418390,os4,1,0,,2338,0,0,,2338,
1644418390,in4,1,0,,2338,0,0,,2338,
1644418390,B33,1,0,,2338,0,0,,2338,
1644418390,in27,1,0,,2339,0,0,,2339,
1644418390,B14,1,0,,2339,0,0,,2339,
1644418390,B11,1,0,,2339,0,0,,2339,
1644418390,cn12,1,0,,2339,0,0,,2339,
1644418390,B54,1,1,job905_scenario0_2298,2339,0,0,,2339,
1644418390,B51,1,0,,2339,0,0,,2339,
1644418390,os4,1,0,,2339,0,0,,2339,
1644418390,in4,1,0,,2339,0,0,,2339,
1644418390,B33,1,0,,2339,0,0,,2339,
1644418390,in27,1,0,,2340,0,0,,2340,
1644418390,B14,1,0,,2340,0,0,,2340,
1644418390,B11,1,0,,2340,0,0,,2340,
1644418390,cn12,1,0,,2340,0,0,,2340,
1644418390,B54,1,1,job905_scenario0_2298,2340,0,0,,2340,
1644418390,B51,1,0,,2340,0,0,,2340,
1644418390,os4,1,0,,2340,0,0,,2340,
1644418390,in4,1,0,,2340,0,0,,2340,
1644418390,B33,1,0,,2340,0,0,,2340,
1644418390,in27,1,0,,2341,0,0,,2341,
1644418390,B14,1,0,,2341,0,0,,2341,
1644418390,B11,1,0,,2341,0,0,,2341,
1644418390,cn12,1,0,,2341,0,0,,2341,
1644418390,B54,1,1,job905_scenario0_2298,2341,0,0,,2341,
1644418390,B51,1,0,,2341,0,0,,2341,
1644418390,os4,1,0,,2341,0,0,,2341,
1644418390,in4,1,0,,2341,0,0,,2341,
1644418390,B33,1,0,,2341,0,0,,2341,
1644418390,in27,1,0,,2342,0,0,,2342,
1644418390,B14,1,0,,2342,0,0,,2342,
1644418390,B11,1,0,,2342,0,0,,2342,
1644418390,cn12,1,0,,2342,0,0,,2342,
1644418390,B54,1,1,job905_scenario0_2298,2342,0,0,,2342,
1644418390,B51,1,0,,2342,0,0,,2342,
1644418390,os4,1,0,,2342,0,0,,2342,
1644418390,in4,1,0,,2342,0,0,,2342,
1644418390,B33,1,0,,2342,0,0,,2342,
1644418390,in27,1,0,,2343,0,0,,2343,
1644418390,B14,1,0,,2343,0,0,,2343,
1644418390,B11,1,0,,2343,0,0,,2343,
1644418390,cn12,1,0,,2343,0,0,,2343,
1644418390,B54,1,1,job905_scenario0_2298,2343,0,0,,2343,
1644418390,B51,1,0,,2343,0,0,,2343,
1644418390,os4,1,0,,2343,0,0,,2343,
1644418390,in4,1,0,,2343,0,0,,2343,
1644418390,B33,1,0,,2343,0,0,,2343,
1644418390,in27,1,0,,2344,0,0,,2344,
1644418391,B14,1,0,,2344,0,0,,2344,
1644418391,B11,1,0,,2344,0,0,,2344,
1644418391,cn12,1,0,,2344,0,0,,2344,
1644418391,B54,1,1,job905_scenario0_2298,2344,0,0,,2344,
1644418391,B51,1,0,,2344,0,0,,2344,
1644418391,os4,1,0,,2344,0,0,,2344,
1644418391,in4,1,0,,2344,0,0,,2344,
1644418391,B33,1,0,,2344,0,0,,2344,
1644418391,in27,1,0,,2345,0,0,,2345,
1644418391,B14,1,0,,2345,0,0,,2345,
1644418391,B11,1,0,,2345,0,0,,2345,
1644418391,cn12,1,0,,2345,0,0,,2345,
1644418391,B54,1,1,job905_scenario0_2298,2345,0,0,,2345,
1644418391,B51,1,0,,2345,0,0,,2345,
1644418391,os4,1,0,,2345,0,0,,2345,
1644418391,in4,1,0,,2345,0,0,,2345,
1644418391,B33,1,0,,2345,0,0,,2345,
1644418391,in27,1,0,,2346,0,0,,2346,
1644418391,B14,1,0,,2346,0,0,,2346,
1644418391,B11,1,0,,2346,0,0,,2346,
1644418391,cn12,1,0,,2346,0,0,,2346,
1644418391,B54,1,1,job905_scenario0_2298,2346,0,0,,2346,
1644418391,B51,1,0,,2346,0,0,,2346,
1644418391,os4,1,0,,2346,0,0,,2346,
1644418391,in4,1,0,,2346,0,0,,2346,
1644418391,B33,1,0,,2346,0,0,,2346,
1644418391,in27,1,0,,2347,0,0,,2347,
1644418391,B14,1,0,,2347,0,0,,2347,
1644418391,B11,1,0,,2347,0,0,,2347,
1644418391,cn12,1,0,,2347,0,0,,2347,
1644418391,B54,1,1,job905_scenario0_2298,2347,0,0,,2347,
1644418391,B51,1,0,,2347,0,0,,2347,
1644418391,os4,1,0,,2347,0,0,,2347,
1644418391,in4,1,0,,2347,0,0,,2347,
1644418391,B33,1,0,,2347,0,0,,2347,
1644418391,in27,1,0,,2348,0,0,,2348,
1644418391,B14,1,0,,2348,0,0,,2348,
1644418391,B11,1,0,,2348,0,0,,2348,
1644418391,cn12,1,0,,2348,0,0,,2348,
1644418391,B54,1,1,job905_scenario0_2298,2348,0,0,,2348,
1644418391,B51,1,0,,2348,0,0,,2348,
1644418391,os4,1,0,,2348,0,0,,2348,
1644418391,in4,1,0,,2348,0,0,,2348,
1644418391,B33,1,0,,2348,0,0,,2348,
1644418391,in27,1,0,,2349,0,0,,2349,
1644418391,B14,1,0,,2349,0,0,,2349,
1644418391,B11,1,0,,2349,0,0,,2349,
1644418391,cn12,1,0,,2349,0,0,,2349,
1644418391,B54,1,1,job905_scenario0_2298,2349,0,0,,2349,
1644418391,B51,1,0,,2349,0,0,,2349,
1644418391,os4,1,0,,2349,0,0,,2349,
1644418391,in4,1,0,,2349,0,0,,2349,
1644418391,B33,1,0,,2349,0,0,,2349,
1644418392,in27,1,0,,2350,0,0,,2350,
1644418392,B14,1,0,,2350,0,0,,2350,
1644418392,B11,1,0,,2350,0,0,,2350,
1644418392,cn12,1,0,,2350,0,0,,2350,
1644418392,B54,1,1,job905_scenario0_2298,2350,0,0,,2350,
1644418392,B51,1,0,,2350,0,0,,2350,
1644418392,os4,1,0,,2350,0,0,,2350,
1644418392,in4,1,0,,2350,0,0,,2350,
1644418392,B33,1,0,,2350,0,0,,2350,
1644418392,in27,1,0,,2351,0,0,,2351,
1644418392,B14,1,0,,2351,0,0,,2351,
1644418392,B11,1,0,,2351,0,0,,2351,
1644418392,cn12,1,0,,2351,0,0,,2351,
1644418392,B54,1,0,,2351,0,0,,2351,
1644418392,B51,1,0,,2351,0,0,,2351,
1644418392,os4,1,0,,2351,0,0,,2351,
1644418392,in4,1,0,,2351,0,0,,2351,
1644418392,B33,1,0,,2351,0,0,,2351,
1644418392,in27,1,0,,2352,0,0,,2352,
1644418392,B14,1,0,,2352,0,0,,2352,
1644418392,B11,1,0,,2352,0,0,,2352,
1644418392,cn12,1,0,,2352,0,0,,2352,
1644418392,B54,1,0,,2352,0,0,,2352,
1644418392,B51,1,0,,2352,0,0,,2352,
1644418392,os4,1,0,,2352,0,0,,2352,
1644418392,in4,1,0,,2352,0,0,,2352,
1644418392,B33,1,0,,2352,0,0,,2352,
1644418392,in27,1,0,,2353,0,0,,2353,
1644418392,B14,1,0,,2353,0,0,,2353,
1644418392,B11,1,0,,2353,0,0,,2353,
1644418392,cn12,1,0,,2353,0,0,,2353,
1644418392,B54,1,0,,2353,0,0,,2353,
1644418392,B51,1,0,,2353,0,0,,2353,
1644418392,os4,1,0,,2353,0,0,,2353,
1644418392,in4,1,0,,2353,0,0,,2353,
1644418392,B33,1,0,,2353,0,0,,2353,
1644418392,in27,1,0,,2354,0,0,,2354,
1644418392,B14,1,0,,2354,0,0,,2354,
1644418392,B11,1,0,,2354,0,0,,2354,
1644418392,cn12,1,0,,2354,0,0,,2354,
1644418392,B54,1,0,,2354,0,0,,2354,
1644418392,B51,1,0,,2354,0,0,,2354,
1644418392,os4,1,0,,2354,0,0,,2354,
1644418392,in4,1,0,,2354,0,0,,2354,
1644418392,B33,1,0,,2354,0,0,,2354,
1644418392,in27,1,0,,2355,0,0,,2355,
1644418392,B14,1,0,,2355,0,0,,2355,
1644418392,B11,1,0,,2355,0,0,,2355,
1644418392,cn12,1,0,,2355,0,0,,2355,
1644418392,B54,1,0,,2355,0,0,,2355,
1644418392,B51,1,0,,2355,0,0,,2355,
1644418392,os4,1,0,,2355,0,0,,2355,
1644418392,in4,1,0,,2355,0,0,,2355,
1644418392,B33,1,0,,2355,0,0,,2355,
1644418393,in27,1,0,,2356,0,0,,2356,
1644418393,B14,1,0,,2356,0,0,,2356,
1644418393,B11,1,0,,2356,0,0,,2356,
1644418393,cn12,1,0,,2356,0,0,,2356,
1644418393,B54,1,0,,2356,0,0,,2356,
1644418393,B51,1,0,,2356,0,0,,2356,
1644418393,os4,1,0,,2356,0,0,,2356,
1644418393,in4,1,0,,2356,0,0,,2356,
1644418393,B33,1,0,,2356,0,0,,2356,
1644418393,in27,1,0,,2357,0,0,,2357,
1644418393,B14,1,0,,2357,0,0,,2357,
1644418393,B11,1,0,,2357,0,0,,2357,
1644418393,cn12,1,0,,2357,0,0,,2357,
1644418393,B54,1,0,,2357,0,0,,2357,
1644418393,B51,1,0,,2357,0,0,,2357,
1644418393,os4,1,0,,2357,0,0,,2357,
1644418393,in4,1,0,,2357,0,0,,2357,
1644418393,B33,1,0,,2357,0,0,,2357,
1644418393,in27,1,0,,2358,0,0,,2358,
1644418393,B14,1,0,,2358,0,0,,2358,
1644418393,B11,1,0,,2358,0,0,,2358,
1644418393,cn12,1,0,,2358,0,0,,2358,
1644418393,B54,1,0,,2358,0,0,,2358,
1644418393,B51,1,0,,2358,0,0,,2358,
1644418393,os4,1,0,,2358,0,0,,2358,
1644418393,in4,1,0,,2358,0,0,,2358,
1644418393,B33,1,0,,2358,0,0,,2358,
1644418394,in27,1,0,,2359,0,0,,2359,
1644418394,B14,1,0,,2359,0,0,,2359,
1644418394,B11,1,1,job910_scenario3_2356,2359,0,0,,2359,
1644418394,cn12,1,0,,2359,0,0,,2359,
1644418394,B54,1,0,,2359,0,0,,2359,
1644418394,B51,1,0,,2359,0,0,,2359,
1644418394,os4,1,0,,2359,0,0,,2359,
1644418394,in4,1,0,,2359,0,0,,2359,
1644418394,B33,1,0,,2359,0,0,,2359,
1644418394,in27,1,0,,2360,0,0,,2360,
1644418394,B14,1,0,,2360,0,0,,2360,
1644418394,B11,1,1,job910_scenario3_2356,2360,0,0,,2360,
1644418394,cn12,1,0,,2360,0,0,,2360,
1644418394,B54,1,0,,2360,0,0,,2360,
1644418394,B51,1,0,,2360,0,0,,2360,
1644418394,os4,1,0,,2360,0,0,,2360,
1644418394,in4,1,0,,2360,0,0,,2360,
1644418394,B33,1,0,,2360,0,0,,2360,
1644418394,in27,1,0,,2361,0,0,,2361,
1644418394,B14,1,0,,2361,0,0,,2361,
1644418394,B11,1,1,job910_scenario3_2356,2361,0,0,,2361,
1644418394,cn12,1,0,,2361,0,0,,2361,
1644418394,B54,1,0,,2361,0,0,,2361,
1644418394,B51,1,0,,2361,0,0,,2361,
1644418394,os4,1,0,,2361,0,0,,2361,
1644418394,in4,1,0,,2361,0,0,,2361,
1644418394,B33,1,0,,2361,0,0,,2361,
1644418394,in27,1,0,,2362,0,0,,2362,
1644418394,B14,1,0,,2362,0,0,,2362,
1644418394,B11,1,1,job910_scenario3_2356,2362,0,0,,2362,
1644418394,cn12,1,0,,2362,0,0,,2362,
1644418394,B54,1,0,,2362,0,0,,2362,
1644418394,B51,1,0,,2362,0,0,,2362,
1644418394,os4,1,0,,2362,0,0,,2362,
1644418394,in4,1,0,,2362,0,0,,2362,
1644418394,B33,1,0,,2362,0,0,,2362,
1644418394,in27,1,0,,2363,0,0,,2363,
1644418394,B14,1,0,,2363,0,0,,2363,
1644418394,B11,1,1,job910_scenario3_2356,2363,0,0,,2363,
1644418394,cn12,1,0,,2363,0,0,,2363,
1644418394,B54,1,0,,2363,0,0,,2363,
1644418394,B51,1,0,,2363,0,0,,2363,
1644418394,os4,1,0,,2363,0,0,,2363,
1644418394,in4,1,0,,2363,0,0,,2363,
1644418394,B33,1,0,,2363,0,0,,2363,
1644418394,in27,1,0,,2364,0,0,,2364,
1644418394,B14,1,0,,2364,0,0,,2364,
1644418394,B11,1,0,,2364,0,0,,2364,
1644418394,cn12,1,0,,2364,0,0,,2364,
1644418394,B54,1,0,,2364,0,0,,2364,
1644418394,B51,1,0,,2364,0,0,,2364,
1644418394,os4,1,0,,2364,0,0,,2364,
1644418394,in4,1,0,,2364,0,0,,2364,
1644418394,B33,1,0,,2364,0,0,,2364,
1644418394,in27,1,0,,2365,0,0,,2365,
1644418394,B14,1,0,,2365,0,0,,2365,
1644418394,B11,1,0,,2365,0,0,,2365,
1644418394,cn12,1,0,,2365,0,0,,2365,
1644418394,B54,1,0,,2365,0,0,,2365,
1644418394,B51,1,0,,2365,0,0,,2365,
1644418394,os4,1,0,,2365,0,0,,2365,
1644418394,in4,1,0,,2365,0,0,,2365,
1644418394,B33,1,0,,2365,0,0,,2365,
1644418394,in27,1,0,,2366,0,0,,2366,
1644418394,B14,1,0,,2366,0,0,,2366,
1644418394,B11,1,0,,2366,0,0,,2366,
1644418394,cn12,1,0,,2366,0,0,,2366,
1644418394,B54,1,0,,2366,0,0,,2366,
1644418394,B51,1,0,,2366,0,0,,2366,
1644418394,os4,1,0,,2366,0,0,,2366,
1644418394,in4,1,0,,2366,0,0,,2366,
1644418394,B33,1,0,,2366,0,0,,2366,
1644418394,in27,1,0,,2367,0,0,,2367,
1644418394,B14,1,0,,2367,0,0,,2367,
1644418394,B11,1,0,,2367,0,0,,2367,
1644418394,cn12,1,0,,2367,0,0,,2367,
1644418394,B54,1,0,,2367,0,0,,2367,
1644418394,B51,1,0,,2367,0,0,,2367,
1644418394,os4,1,0,,2367,0,0,,2367,
1644418394,in4,1,0,,2367,0,0,,2367,
1644418394,B33,1,0,,2367,0,0,,2367,
1644418394,in27,1,0,,2368,0,0,,2368,
1644418394,B14,1,0,,2368,0,0,,2368,
1644418394,B11,1,0,,2368,0,0,,2368,
1644418394,cn12,1,0,,2368,0,0,,2368,
1644418394,B54,1,0,,2368,0,0,,2368,
1644418394,B51,1,0,,2368,0,0,,2368,
1644418394,os4,1,0,,2368,0,0,,2368,
1644418394,in4,1,0,,2368,0,0,,2368,
1644418394,B33,1,0,,2368,0,0,,2368,
1644418394,in27,1,0,,2369,0,0,,2369,
1644418394,B14,1,0,,2369,0,0,,2369,
1644418394,B11,1,0,,2369,0,0,,2369,
1644418394,cn12,1,0,,2369,0,0,,2369,
1644418394,B54,1,0,,2369,0,0,,2369,
1644418394,B51,1,0,,2369,0,0,,2369,
1644418394,os4,1,0,,2369,0,0,,2369,
1644418394,in4,1,0,,2369,0,0,,2369,
1644418394,B33,1,0,,2369,0,0,,2369,
1644418395,in27,1,0,,2370,0,0,,2370,
1644418395,B14,1,0,,2370,0,0,,2370,
1644418395,B11,1,0,,2370,0,0,,2370,
1644418395,cn12,1,0,,2370,0,0,,2370,
1644418395,B54,1,0,,2370,0,0,,2370,
1644418395,B51,1,0,,2370,0,0,,2370,
1644418395,os4,1,0,,2370,0,0,,2370,
1644418395,in4,1,0,,2370,0,0,,2370,
1644418395,B33,1,1,job911_scenario2_2369,2370,0,0,,2370,
1644418395,in27,1,0,,2371,0,0,,2371,
1644418395,B14,1,0,,2371,0,0,,2371,
1644418395,B11,1,0,,2371,0,0,,2371,
1644418395,cn12,1,0,,2371,0,0,,2371,
1644418395,B54,1,0,,2371,0,0,,2371,
1644418395,B51,1,0,,2371,0,0,,2371,
1644418395,os4,1,0,,2371,0,0,,2371,
1644418395,in4,1,0,,2371,0,0,,2371,
1644418395,B33,1,1,job911_scenario2_2369,2371,0,0,,2371,
1644418395,in27,1,0,,2372,0,0,,2372,
1644418395,B14,1,0,,2372,0,0,,2372,
1644418395,B11,1,0,,2372,0,0,,2372,
1644418395,cn12,1,0,,2372,0,0,,2372,
1644418395,B54,1,0,,2372,0,0,,2372,
1644418395,B51,1,0,,2372,0,0,,2372,
1644418395,os4,1,0,,2372,0,0,,2372,
1644418395,in4,1,0,,2372,0,0,,2372,
1644418395,B33,1,1,job911_scenario2_2369,2372,0,0,,2372,
1644418395,in27,1,0,,2373,0,0,,2373,
1644418395,B14,1,0,,2373,0,0,,2373,
1644418395,B11,1,0,,2373,0,0,,2373,
1644418395,cn12,1,0,,2373,0,0,,2373,
1644418395,B54,1,0,,2373,0,0,,2373,
1644418395,B51,1,0,,2373,0,0,,2373,
1644418395,os4,1,0,,2373,0,0,,2373,
1644418395,in4,1,0,,2373,0,0,,2373,
1644418395,B33,1,0,,2373,0,0,,2373,
1644418395,in27,1,0,,2374,0,0,,2374,
1644418395,B14,1,0,,2374,0,0,,2374,
1644418395,B11,1,0,,2374,0,0,,2374,
1644418395,cn12,1,0,,2374,0,0,,2374,
1644418395,B54,1,0,,2374,0,0,,2374,
1644418395,B51,1,0,,2374,0,0,,2374,
1644418395,os4,1,0,,2374,0,0,,2374,
1644418395,in4,1,0,,2374,0,0,,2374,
1644418395,B33,1,0,,2374,0,0,,2374,
1644418395,in27,1,0,,2375,0,0,,2375,
1644418395,B14,1,0,,2375,0,0,,2375,
1644418395,B11,1,0,,2375,0,0,,2375,
1644418395,cn12,1,0,,2375,0,0,,2375,
1644418395,B54,1,0,,2375,0,0,,2375,
1644418395,B51,1,0,,2375,0,0,,2375,
1644418395,os4,1,0,,2375,0,0,,2375,
1644418395,in4,1,0,,2375,0,0,,2375,
1644418395,B33,1,0,,2375,0,0,,2375,
1644418396,in27,1,0,,2376,0,0,,2376,
1644418396,B14,1,0,,2376,0,0,,2376,
1644418396,B11,1,0,,2376,0,0,,2376,
1644418396,cn12,1,0,,2376,0,0,,2376,
1644418396,B54,1,0,,2376,0,0,,2376,
1644418396,B51,1,1,job912_scenario0_2375,2376,0,0,,2376,
1644418396,os4,1,0,,2376,0,0,,2376,
1644418396,in4,1,0,,2376,0,0,,2376,
1644418396,B33,1,0,,2376,0,0,,2376,
1644418396,in27,1,0,,2377,0,0,,2377,
1644418396,B14,1,0,,2377,0,0,,2377,
1644418396,B11,1,0,,2377,0,0,,2377,
1644418396,cn12,1,0,,2377,0,0,,2377,
1644418396,B54,1,0,,2377,0,0,,2377,
1644418396,B51,1,1,job912_scenario0_2375,2377,0,0,,2377,
1644418396,os4,1,0,,2377,0,0,,2377,
1644418396,in4,1,0,,2377,0,0,,2377,
1644418396,B33,1,0,,2377,0,0,,2377,
1644418397,in27,1,0,,2378,0,0,,2378,
1644418397,B14,1,0,,2378,0,0,,2378,
1644418397,B11,1,0,,2378,0,0,,2378,
1644418397,cn12,1,0,,2378,0,0,,2378,
1644418397,B54,1,0,,2378,0,0,,2378,
1644418397,B51,1,1,job912_scenario0_2375,2378,0,0,,2378,
1644418397,os4,1,0,,2378,0,0,,2378,
1644418397,in4,1,0,,2378,0,0,,2378,
1644418397,B33,1,1,job913_scenario2_2377,2378,0,0,,2378,
1644418397,in27,1,0,,2379,0,0,,2379,
1644418397,B14,1,0,,2379,0,0,,2379,
1644418397,B11,1,0,,2379,0,0,,2379,
1644418397,cn12,1,0,,2379,0,0,,2379,
1644418397,B54,1,0,,2379,0,0,,2379,
1644418397,B51,1,1,job912_scenario0_2375,2379,0,0,,2379,
1644418397,os4,1,0,,2379,0,0,,2379,
1644418397,in4,1,0,,2379,0,0,,2379,
1644418397,B33,1,1,job913_scenario2_2377,2379,0,0,,2379,
1644418397,in27,1,0,,2380,0,0,,2380,
1644418397,B14,1,0,,2380,0,0,,2380,
1644418397,B11,1,0,,2380,0,0,,2380,
1644418397,cn12,1,0,,2380,0,0,,2380,
1644418397,B54,1,0,,2380,0,0,,2380,
1644418397,B51,1,1,job912_scenario0_2375,2380,0,0,,2380,
1644418397,os4,1,0,,2380,0,0,,2380,
1644418397,in4,1,0,,2380,0,0,,2380,
1644418397,B33,1,0,,2380,0,0,,2380,
1644418398,in27,1,0,,2381,0,0,,2381,
1644418398,B14,1,0,,2381,0,0,,2381,
1644418398,B11,1,0,,2381,0,0,,2381,
1644418398,cn12,1,0,,2381,0,0,,2381,
1644418398,B54,1,0,,2381,0,0,,2381,
1644418398,B51,1,1,job912_scenario0_2375,2381,0,0,,2381,
1644418398,os4,1,0,,2381,0,0,,2381,
1644418398,in4,1,0,,2381,0,0,,2381,
1644418398,B33,1,0,,2381,0,0,,2381,
1644418398,in27,1,0,,2382,0,0,,2382,
1644418398,B14,1,0,,2382,0,0,,2382,
1644418398,B11,1,0,,2382,0,0,,2382,
1644418398,cn12,1,0,,2382,0,0,,2382,
1644418398,B54,1,0,,2382,0,0,,2382,
1644418398,B51,1,1,job912_scenario0_2375,2382,0,0,,2382,
1644418398,os4,1,0,,2382,0,0,,2382,
1644418398,in4,1,0,,2382,0,0,,2382,
1644418398,B33,1,0,,2382,0,0,,2382,
1644418398,in27,1,0,,2383,0,0,,2383,
1644418398,B14,1,0,,2383,0,0,,2383,
1644418398,B11,1,0,,2383,0,0,,2383,
1644418398,cn12,1,0,,2383,0,0,,2383,
1644418398,B54,1,0,,2383,0,0,,2383,
1644418398,B51,1,1,job912_scenario0_2375,2383,0,0,,2383,
1644418398,os4,1,0,,2383,0,0,,2383,
1644418398,in4,1,0,,2383,0,0,,2383,
1644418398,B33,1,0,,2383,0,0,,2383,
1644418398,in27,1,0,,2384,0,0,,2384,
1644418398,B14,1,0,,2384,0,0,,2384,
1644418398,B11,1,0,,2384,0,0,,2384,
1644418398,cn12,1,0,,2384,0,0,,2384,
1644418398,B54,1,0,,2384,0,0,,2384,
1644418398,B51,1,1,job912_scenario0_2375,2384,0,0,,2384,
1644418398,os4,1,0,,2384,0,0,,2384,
1644418398,in4,1,0,,2384,0,0,,2384,
1644418398,B33,1,0,,2384,0,0,,2384,
1644418398,in27,1,0,,2385,0,0,,2385,
1644418398,B14,1,0,,2385,0,0,,2385,
1644418398,B11,1,0,,2385,0,0,,2385,
1644418398,cn12,1,0,,2385,0,0,,2385,
1644418398,B54,1,0,,2385,0,0,,2385,
1644418398,B51,1,1,job912_scenario0_2375,2385,0,0,,2385,
1644418398,os4,1,0,,2385,0,0,,2385,
1644418398,in4,1,0,,2385,0,0,,2385,
1644418398,B33,1,0,,2385,0,0,,2385,
1644418398,in27,1,0,,2386,0,0,,2386,
1644418398,B14,1,0,,2386,0,0,,2386,
1644418398,B11,1,0,,2386,0,0,,2386,
1644418398,cn12,1,0,,2386,0,0,,2386,
1644418398,B54,1,0,,2386,0,0,,2386,
1644418398,B51,1,1,job912_scenario0_2375,2386,0,0,,2386,
1644418398,os4,1,0,,2386,0,0,,2386,
1644418398,in4,1,0,,2386,0,0,,2386,
1644418398,B33,1,0,,2386,0,0,,2386,
1644418398,in27,1,0,,2387,0,0,,2387,
1644418398,B14,1,0,,2387,0,0,,2387,
1644418398,B11,1,0,,2387,0,0,,2387,
1644418398,cn12,1,0,,2387,0,0,,2387,
1644418398,B54,1,0,,2387,0,0,,2387,
1644418398,B51,1,1,job912_scenario0_2375,2387,0,0,,2387,
1644418398,os4,1,0,,2387,0,0,,2387,
1644418398,in4,1,0,,2387,0,0,,2387,
1644418398,B33,1,0,,2387,0,0,,2387,
1644418399,in27,1,0,,2388,0,0,,2388,
1644418399,B14,1,0,,2388,0,0,,2388,
1644418399,B11,1,1,job915_scenario3_2385,2388,0,0,,2388,
1644418399,cn12,1,0,,2388,0,0,,2388,
1644418399,B54,1,0,,2388,0,0,,2388,
1644418399,B51,1,0,,2388,0,0,,2388,
1644418399,os4,1,0,,2388,0,0,,2388,
1644418399,in4,1,0,,2388,0,0,,2388,
1644418399,B33,1,0,,2388,0,0,,2388,
1644418399,in27,1,0,,2389,0,0,,2389,
1644418399,B14,1,0,,2389,0,0,,2389,
1644418399,B11,1,1,job915_scenario3_2385,2389,0,0,,2389,
1644418399,cn12,1,0,,2389,0,0,,2389,
1644418399,B54,1,0,,2389,0,0,,2389,
1644418399,B51,1,0,,2389,0,0,,2389,
1644418399,os4,1,0,,2389,0,0,,2389,
1644418399,in4,1,0,,2389,0,0,,2389,
1644418399,B33,1,0,,2389,0,0,,2389,
1644418400,in27,1,0,,2390,0,0,,2390,
1644418400,B14,1,0,,2390,0,0,,2390,
1644418400,B11,1,0,,2390,0,0,,2390,
1644418400,cn12,1,0,,2390,0,0,,2390,
1644418400,B54,1,1,job916_scenario1_2388,2390,0,0,,2390,
1644418400,B51,1,0,,2390,0,0,,2390,
1644418400,os4,1,0,,2390,0,0,,2390,
1644418400,in4,1,0,,2390,0,0,,2390,
1644418400,B33,1,0,,2390,0,0,,2390,
1644418401,in27,1,0,,2391,0,0,,2391,
1644418401,B14,1,0,,2391,0,0,,2391,
1644418401,B11,1,0,,2391,0,0,,2391,
1644418401,cn12,1,0,,2391,0,0,,2391,
1644418401,B54,1,1,job916_scenario1_2388,2391,0,0,,2391,
1644418401,B51,1,0,,2391,0,0,,2391,
1644418401,os4,1,0,,2391,0,0,,2391,
1644418401,in4,1,0,,2391,0,0,,2391,
1644418401,B33,1,0,,2391,0,0,,2391,
1644418401,in27,1,0,,2392,0,0,,2392,
1644418401,B14,1,0,,2392,0,0,,2392,
1644418401,B11,1,0,,2392,0,0,,2392,
1644418401,cn12,1,0,,2392,0,0,,2392,
1644418401,B54,1,0,,2392,0,0,,2392,
1644418401,B51,1,0,,2392,0,0,,2392,
1644418401,os4,1,0,,2392,0,0,,2392,
1644418401,in4,1,0,,2392,0,0,,2392,
1644418401,B33,1,0,,2392,0,0,,2392,
1644418401,in27,1,0,,2393,0,0,,2393,
1644418401,B14,1,0,,2393,0,0,,2393,
1644418401,B11,1,0,,2393,0,0,,2393,
1644418401,cn12,1,0,,2393,0,0,,2393,
1644418401,B54,1,0,,2393,0,0,,2393,
1644418401,B51,1,0,,2393,0,0,,2393,
1644418401,os4,1,0,,2393,0,0,,2393,
1644418401,in4,1,0,,2393,0,0,,2393,
1644418401,B33,1,0,,2393,0,0,,2393,
1644418401,in27,1,0,,2394,0,0,,2394,
1644418401,B14,1,0,,2394,0,0,,2394,
1644418401,B11,1,0,,2394,0,0,,2394,
1644418401,cn12,1,0,,2394,0,0,,2394,
1644418401,B54,1,0,,2394,0,0,,2394,
1644418401,B51,1,0,,2394,0,0,,2394,
1644418401,os4,1,0,,2394,0,0,,2394,
1644418401,in4,1,0,,2394,0,0,,2394,
1644418401,B33,1,0,,2394,0,0,,2394,
1644418401,in27,1,0,,2395,0,0,,2395,
1644418401,B14,1,0,,2395,0,0,,2395,
1644418401,B11,1,0,,2395,0,0,,2395,
1644418401,cn12,1,0,,2395,0,0,,2395,
1644418401,B54,1,0,,2395,0,0,,2395,
1644418401,B51,1,0,,2395,0,0,,2395,
1644418401,os4,1,0,,2395,0,0,,2395,
1644418401,in4,1,0,,2395,0,0,,2395,
1644418401,B33,1,0,,2395,0,0,,2395,
1644418401,in27,1,0,,2396,0,0,,2396,
1644418401,B14,1,0,,2396,0,0,,2396,
1644418401,B11,1,0,,2396,0,0,,2396,
1644418401,cn12,1,0,,2396,0,0,,2396,
1644418401,B54,1,0,,2396,0,0,,2396,
1644418401,B51,1,0,,2396,0,0,,2396,
1644418401,os4,1,0,,2396,0,0,,2396,
1644418401,in4,1,0,,2396,0,0,,2396,
1644418401,B33,1,0,,2396,0,0,,2396,
1644418401,in27,1,0,,2397,0,0,,2397,
1644418401,B14,1,0,,2397,0,0,,2397,
1644418401,B11,1,0,,2397,0,0,,2397,
1644418401,cn12,1,0,,2397,0,0,,2397,
1644418401,B54,1,0,,2397,0,0,,2397,
1644418401,B51,1,0,,2397,0,0,,2397,
1644418401,os4,1,0,,2397,0,0,,2397,
1644418401,in4,1,0,,2397,0,0,,2397,
1644418401,B33,1,0,,2397,0,0,,2397,
1644418401,in27,1,0,,2398,0,0,,2398,
1644418401,B14,1,0,,2398,0,0,,2398,
1644418401,B11,1,0,,2398,0,0,,2398,
1644418401,cn12,1,0,,2398,0,0,,2398,
1644418401,B54,1,0,,2398,0,0,,2398,
1644418401,B51,1,0,,2398,0,0,,2398,
1644418401,os4,1,0,,2398,0,0,,2398,
1644418401,in4,1,0,,2398,0,0,,2398,
1644418401,B33,1,0,,2398,0,0,,2398,
1644418401,in27,1,0,,2399,0,0,,2399,
1644418401,B14,1,0,,2399,0,0,,2399,
1644418401,B11,1,0,,2399,0,0,,2399,
1644418401,cn12,1,0,,2399,0,0,,2399,
1644418401,B54,1,0,,2399,0,0,,2399,
1644418401,B51,1,0,,2399,0,0,,2399,
1644418401,os4,1,0,,2399,0,0,,2399,
1644418401,in4,1,0,,2399,0,0,,2399,
1644418401,B33,1,0,,2399,0,0,,2399,
1644418401,in27,1,0,,2400,0,0,,2400,
1644418401,B14,1,0,,2400,0,0,,2400,
1644418401,B11,1,0,,2400,0,0,,2400,
1644418401,cn12,1,0,,2400,0,0,,2400,
1644418401,B54,1,0,,2400,0,0,,2400,
1644418401,B51,1,0,,2400,0,0,,2400,
1644418401,os4,1,0,,2400,0,0,,2400,
1644418401,in4,1,0,,2400,0,0,,2400,
1644418401,B33,1,0,,2400,0,0,,2400,
1644418401,in27,1,0,,2401,0,0,,2401,
1644418401,B14,1,0,,2401,0,0,,2401,
1644418401,B11,1,0,,2401,0,0,,2401,
1644418401,cn12,1,0,,2401,0,0,,2401,
1644418401,B54,1,0,,2401,0,0,,2401,
1644418401,B51,1,0,,2401,0,0,,2401,
1644418401,os4,1,0,,2401,0,0,,2401,
1644418401,in4,1,0,,2401,0,0,,2401,
1644418401,B33,1,0,,2401,0,0,,2401,
1644418401,in27,1,0,,2402,0,0,,2402,
1644418401,B14,1,0,,2402,0,0,,2402,
1644418401,B11,1,0,,2402,0,0,,2402,
1644418401,cn12,1,0,,2402,0,0,,2402,
1644418401,B54,1,0,,2402,0,0,,2402,
1644418401,B51,1,0,,2402,0,0,,2402,
1644418401,os4,1,0,,2402,0,0,,2402,
1644418401,in4,1,0,,2402,0,0,,2402,
1644418401,B33,1,0,,2402,0,0,,2402,
1644418401,in27,1,0,,2403,0,0,,2403,
1644418401,B14,1,0,,2403,0,0,,2403,
1644418401,B11,1,0,,2403,0,0,,2403,
1644418401,cn12,1,0,,2403,0,0,,2403,
1644418401,B54,1,0,,2403,0,0,,2403,
1644418401,B51,1,0,,2403,0,0,,2403,
1644418401,os4,1,0,,2403,0,0,,2403,
1644418401,in4,1,0,,2403,0,0,,2403,
1644418401,B33,1,0,,2403,0,0,,2403,
1644418402,in27,1,0,,2404,0,0,,2404,
1644418402,B14,1,0,,2404,0,0,,2404,
1644418402,B11,1,0,,2404,0,0,,2404,
1644418402,cn12,1,0,,2404,0,0,,2404,
1644418402,B54,1,0,,2404,0,0,,2404,
1644418402,B51,1,0,,2404,0,0,,2404,
1644418402,os4,1,0,,2404,0,0,,2404,
1644418402,in4,1,0,,2404,0,0,,2404,
1644418402,B33,1,0,,2404,0,0,,2404,
1644418402,in27,1,0,,2405,0,0,,2405,
1644418402,B14,1,0,,2405,0,0,,2405,
1644418402,B11,1,0,,2405,0,0,,2405,
1644418402,cn12,1,0,,2405,0,0,,2405,
1644418402,B54,1,0,,2405,0,0,,2405,
1644418402,B51,1,0,,2405,0,0,,2405,
1644418402,os4,1,0,,2405,0,0,,2405,
1644418402,in4,1,0,,2405,0,0,,2405,
1644418402,B33,1,0,,2405,0,0,,2405,
1644418402,in27,1,0,,2406,0,0,,2406,
1644418402,B14,1,0,,2406,0,0,,2406,
1644418402,B11,1,0,,2406,0,0,,2406,
1644418402,cn12,1,0,,2406,0,0,,2406,
1644418402,B54,1,0,,2406,0,0,,2406,
1644418402,B51,1,0,,2406,0,0,,2406,
1644418402,os4,1,0,,2406,0,0,,2406,
1644418402,in4,1,0,,2406,0,0,,2406,
1644418402,B33,1,0,,2406,0,0,,2406,
1644418402,in27,1,0,,2407,0,0,,2407,
1644418402,B14,1,0,,2407,0,0,,2407,
1644418402,B11,1,0,,2407,0,0,,2407,
1644418402,cn12,1,0,,2407,0,0,,2407,
1644418402,B54,1,0,,2407,0,0,,2407,
1644418402,B51,1,0,,2407,0,0,,2407,
1644418402,os4,1,0,,2407,0,0,,2407,
1644418402,in4,1,0,,2407,0,0,,2407,
1644418402,B33,1,0,,2407,0,0,,2407,
1644418402,in27,1,0,,2408,0,0,,2408,
1644418402,B14,1,0,,2408,0,0,,2408,
1644418402,B11,1,0,,2408,0,0,,2408,
1644418402,cn12,1,0,,2408,0,0,,2408,
1644418402,B54,1,0,,2408,0,0,,2408,
1644418402,B51,1,0,,2408,0,0,,2408,
1644418402,os4,1,0,,2408,0,0,,2408,
1644418402,in4,1,0,,2408,0,0,,2408,
1644418402,B33,1,0,,2408,0,0,,2408,
1644418402,in27,1,0,,2409,0,0,,2409,
1644418402,B14,1,0,,2409,0,0,,2409,
1644418402,B11,1,0,,2409,0,0,,2409,
1644418402,cn12,1,0,,2409,0,0,,2409,
1644418402,B54,1,0,,2409,0,0,,2409,
1644418402,B51,1,0,,2409,0,0,,2409,
1644418402,os4,1,0,,2409,0,0,,2409,
1644418402,in4,1,0,,2409,0,0,,2409,
1644418402,B33,1,0,,2409,0,0,,2409,
1644418402,in27,1,0,,2410,0,0,,2410,
1644418402,B14,1,0,,2410,0,0,,2410,
1644418402,B11,1,0,,2410,0,0,,2410,
1644418402,cn12,1,0,,2410,0,0,,2410,
1644418402,B54,1,0,,2410,0,0,,2410,
1644418402,B51,1,0,,2410,0,0,,2410,
1644418402,os4,1,0,,2410,0,0,,2410,
1644418402,in4,1,0,,2410,0,0,,2410,
1644418402,B33,1,0,,2410,0,0,,2410,
1644418402,in27,1,0,,2411,0,0,,2411,
1644418402,B14,1,0,,2411,0,0,,2411,
1644418402,B11,1,0,,2411,0,0,,2411,
1644418402,cn12,1,0,,2411,0,0,,2411,
1644418402,B54,1,0,,2411,0,0,,2411,
1644418402,B51,1,0,,2411,0,0,,2411,
1644418402,os4,1,0,,2411,0,0,,2411,
1644418402,in4,1,0,,2411,0,0,,2411,
1644418402,B33,1,0,,2411,0,0,,2411,
1644418402,in27,1,0,,2412,0,0,,2412,
1644418402,B14,1,0,,2412,0,0,,2412,
1644418402,B11,1,0,,2412,0,0,,2412,
1644418402,cn12,1,0,,2412,0,0,,2412,
1644418402,B54,1,0,,2412,0,0,,2412,
1644418402,B51,1,0,,2412,0,0,,2412,
1644418402,os4,1,0,,2412,0,0,,2412,
1644418402,in4,1,0,,2412,0,0,,2412,
1644418402,B33,1,0,,2412,0,0,,2412,
1644418402,in27,1,0,,2413,0,0,,2413,
1644418402,B14,1,0,,2413,0,0,,2413,
1644418402,B11,1,0,,2413,0,0,,2413,
1644418402,cn12,1,0,,2413,0,0,,2413,
1644418402,B54,1,0,,2413,0,0,,2413,
1644418402,B51,1,0,,2413,0,0,,2413,
1644418402,os4,1,0,,2413,0,0,,2413,
1644418402,in4,1,0,,2413,0,0,,2413,
1644418402,B33,1,0,,2413,0,0,,2413,
1644418403,in27,1,0,,2414,0,0,,2414,
1644418403,B14,1,0,,2414,0,0,,2414,
1644418403,B11,1,0,,2414,0,0,,2414,
1644418403,cn12,1,0,,2414,0,0,,2414,
1644418403,B54,1,0,,2414,0,0,,2414,
1644418403,B51,1,0,,2414,0,0,,2414,
1644418403,os4,1,1,job922_scenario4_2410,2414,0,0,,2414,
1644418403,in4,1,0,,2414,0,0,,2414,
1644418403,B33,1,0,,2414,0,0,,2414,
1644418403,in27,1,0,,2415,0,0,,2415,
1644418403,B14,1,0,,2415,0,0,,2415,
1644418403,B11,1,0,,2415,0,0,,2415,
1644418403,cn12,1,0,,2415,0,0,,2415,
1644418403,B54,1,0,,2415,0,0,,2415,
1644418403,B51,1,0,,2415,0,0,,2415,
1644418403,os4,1,1,job922_scenario4_2410,2415,0,0,,2415,
1644418403,in4,1,0,,2415,0,0,,2415,
1644418403,B33,1,0,,2415,0,0,,2415,
1644418403,in27,1,0,,2416,0,0,,2416,
1644418403,B14,1,0,,2416,0,0,,2416,
1644418403,B11,1,0,,2416,0,0,,2416,
1644418403,cn12,1,0,,2416,0,0,,2416,
1644418403,B54,1,0,,2416,0,0,,2416,
1644418403,B51,1,0,,2416,0,0,,2416,
1644418403,os4,1,1,job922_scenario4_2410,2416,0,0,,2416,
1644418403,in4,1,0,,2416,0,0,,2416,
1644418403,B33,1,0,,2416,0,0,,2416,
1644418403,in27,1,0,,2417,0,0,,2417,
1644418403,B14,1,0,,2417,0,0,,2417,
1644418403,B11,1,0,,2417,0,0,,2417,
1644418403,cn12,1,0,,2417,0,0,,2417,
1644418403,B54,1,0,,2417,0,0,,2417,
1644418403,B51,1,0,,2417,0,0,,2417,
1644418403,os4,1,1,job922_scenario4_2410,2417,0,0,,2417,
1644418403,in4,1,0,,2417,0,0,,2417,
1644418403,B33,1,0,,2417,0,0,,2417,
1644418403,in27,1,0,,2418,0,0,,2418,
1644418403,B14,1,0,,2418,0,0,,2418,
1644418403,B11,1,0,,2418,0,0,,2418,
1644418403,cn12,1,0,,2418,0,0,,2418,
1644418403,B54,1,0,,2418,0,0,,2418,
1644418403,B51,1,0,,2418,0,0,,2418,
1644418403,os4,1,1,job922_scenario4_2410,2418,0,0,,2418,
1644418403,in4,1,0,,2418,0,0,,2418,
1644418403,B33,1,0,,2418,0,0,,2418,
1644418404,in27,1,0,,2419,0,0,,2419,
1644418404,B14,1,0,,2419,0,0,,2419,
1644418404,B11,1,1,job924_scenario3_2416,2419,0,0,,2419,
1644418404,cn12,1,0,,2419,0,0,,2419,
1644418404,B54,1,0,,2419,0,0,,2419,
1644418404,B51,1,0,,2419,0,0,,2419,
1644418404,os4,1,1,job922_scenario4_2410,2419,0,0,,2419,
1644418404,in4,1,0,,2419,0,0,,2419,
1644418404,B33,1,0,,2419,0,0,,2419,
1644418404,in27,1,0,,2420,0,0,,2420,
1644418404,B14,1,0,,2420,0,0,,2420,
1644418404,B11,1,1,job924_scenario3_2416,2420,0,0,,2420,
1644418404,cn12,1,0,,2420,0,0,,2420,
1644418404,B54,1,0,,2420,0,0,,2420,
1644418404,B51,1,0,,2420,0,0,,2420,
1644418404,os4,1,1,job922_scenario4_2410,2420,0,0,,2420,
1644418404,in4,1,0,,2420,0,0,,2420,
1644418404,B33,1,0,,2420,0,0,,2420,
1644418404,in27,1,0,,2421,0,0,,2421,
1644418404,B14,1,0,,2421,0,0,,2421,
1644418404,B11,1,1,job924_scenario3_2416,2421,0,0,,2421,
1644418404,cn12,1,0,,2421,0,0,,2421,
1644418404,B54,1,0,,2421,0,0,,2421,
1644418404,B51,1,0,,2421,0,0,,2421,
1644418404,os4,1,0,,2421,0,0,,2421,
1644418404,in4,1,0,,2421,0,0,,2421,
1644418404,B33,1,0,,2421,0,0,,2421,
1644418404,in27,1,0,,2422,0,0,,2422,
1644418404,B14,1,0,,2422,0,0,,2422,
1644418404,B11,1,0,,2422,0,0,,2422,
1644418404,cn12,1,0,,2422,0,0,,2422,
1644418404,B54,1,0,,2422,0,0,,2422,
1644418404,B51,1,0,,2422,0,0,,2422,
1644418404,os4,1,0,,2422,0,0,,2422,
1644418404,in4,1,0,,2422,0,0,,2422,
1644418404,B33,1,0,,2422,0,0,,2422,
1644418404,in27,1,0,,2423,0,0,,2423,
1644418404,B14,1,0,,2423,0,0,,2423,
1644418404,B11,1,0,,2423,0,0,,2423,
1644418404,cn12,1,0,,2423,0,0,,2423,
1644418404,B54,1,0,,2423,0,0,,2423,
1644418404,B51,1,0,,2423,0,0,,2423,
1644418404,os4,1,0,,2423,0,0,,2423,
1644418404,in4,1,0,,2423,0,0,,2423,
1644418404,B33,1,0,,2423,0,0,,2423,
1644418404,in27,1,0,,2424,0,0,,2424,
1644418404,B14,1,0,,2424,0,0,,2424,
1644418404,B11,1,0,,2424,0,0,,2424,
1644418404,cn12,1,0,,2424,0,0,,2424,
1644418404,B54,1,0,,2424,0,0,,2424,
1644418404,B51,1,0,,2424,0,0,,2424,
1644418404,os4,1,0,,2424,0,0,,2424,
1644418404,in4,1,0,,2424,0,0,,2424,
1644418404,B33,1,0,,2424,0,0,,2424,
1644418404,in27,1,0,,2425,0,0,,2425,
1644418404,B14,1,0,,2425,0,0,,2425,
1644418404,B11,1,0,,2425,0,0,,2425,
1644418404,cn12,1,0,,2425,0,0,,2425,
1644418404,B54,1,0,,2425,0,0,,2425,
1644418404,B51,1,0,,2425,0,0,,2425,
1644418404,os4,1,0,,2425,0,0,,2425,
1644418404,in4,1,0,,2425,0,0,,2425,
1644418404,B33,1,0,,2425,0,0,,2425,
1644418404,in27,1,0,,2426,0,0,,2426,
1644418404,B14,1,0,,2426,0,0,,2426,
1644418404,B11,1,0,,2426,0,0,,2426,
1644418404,cn12,1,0,,2426,0,0,,2426,
1644418404,B54,1,0,,2426,0,0,,2426,
1644418404,B51,1,0,,2426,0,0,,2426,
1644418404,os4,1,0,,2426,0,0,,2426,
1644418404,in4,1,0,,2426,0,0,,2426,
1644418404,B33,1,0,,2426,0,0,,2426,
1644418406,in27,1,0,,2427,0,0,,2427,
1644418406,B14,1,0,,2427,0,0,,2427,
1644418406,B11,1,0,,2427,0,0,,2427,
1644418406,cn12,1,0,,2427,0,0,,2427,
1644418406,B54,1,0,,2427,0,0,,2427,
1644418406,B51,1,0,,2427,0,0,,2427,
1644418406,os4,1,1,job925_scenario4_2423,2427,0,0,,2427,
1644418406,in4,1,0,,2427,0,0,,2427,
1644418406,B33,1,0,,2427,0,0,,2427,
1644418406,in27,1,0,,2428,0,0,,2428,
1644418406,B14,1,0,,2428,0,0,,2428,
1644418406,B11,1,0,,2428,0,0,,2428,
1644418406,cn12,1,0,,2428,0,0,,2428,
1644418406,B54,1,0,,2428,0,0,,2428,
1644418406,B51,1,0,,2428,0,0,,2428,
1644418406,os4,1,1,job925_scenario4_2423,2428,0,0,,2428,
1644418406,in4,1,0,,2428,0,0,,2428,
1644418406,B33,1,0,,2428,0,0,,2428,
1644418406,in27,1,0,,2429,0,0,,2429,
1644418406,B14,1,0,,2429,0,0,,2429,
1644418406,B11,1,0,,2429,0,0,,2429,
1644418406,cn12,1,0,,2429,0,0,,2429,
1644418406,B54,1,0,,2429,0,0,,2429,
1644418406,B51,1,0,,2429,0,0,,2429,
1644418406,os4,1,1,job925_scenario4_2423,2429,0,0,,2429,
1644418406,in4,1,0,,2429,0,0,,2429,
1644418406,B33,1,0,,2429,0,0,,2429,
1644418406,in27,1,0,,2430,0,0,,2430,
1644418406,B14,1,0,,2430,0,0,,2430,
1644418406,B11,1,0,,2430,0,0,,2430,
1644418406,cn12,1,0,,2430,0,0,,2430,
1644418406,B54,1,0,,2430,0,0,,2430,
1644418406,B51,1,0,,2430,0,0,,2430,
1644418406,os4,1,1,job925_scenario4_2423,2430,0,0,,2430,
1644418406,in4,1,0,,2430,0,0,,2430,
1644418406,B33,1,0,,2430,0,0,,2430,
1644418406,in27,1,0,,2431,0,0,,2431,
1644418406,B14,1,0,,2431,0,0,,2431,
1644418406,B11,1,0,,2431,0,0,,2431,
1644418406,cn12,1,0,,2431,0,0,,2431,
1644418406,B54,1,0,,2431,0,0,,2431,
1644418406,B51,1,0,,2431,0,0,,2431,
1644418406,os4,1,1,job925_scenario4_2423,2431,0,0,,2431,
1644418406,in4,1,0,,2431,0,0,,2431,
1644418406,B33,1,0,,2431,0,0,,2431,
1644418407,in27,1,0,,2432,0,0,,2432,
1644418407,B14,1,0,,2432,0,0,,2432,
1644418407,B11,1,0,,2432,0,0,,2432,
1644418407,cn12,1,0,,2432,0,0,,2432,
1644418407,B54,1,1,job921_scenario1_2404,2432,0,0,,2432,
1644418407,B51,1,0,,2432,0,0,,2432,
1644418407,os4,1,1,job925_scenario4_2423,2432,0,0,,2432,
1644418407,in4,1,0,,2432,0,0,,2432,
1644418407,B33,1,0,,2432,0,0,,2432,
1644418407,in27,1,0,,2433,0,0,,2433,
1644418407,B14,1,0,,2433,0,0,,2433,
1644418407,B11,1,0,,2433,0,0,,2433,
1644418407,cn12,1,0,,2433,0,0,,2433,
1644418407,B54,1,1,job921_scenario1_2404,2433,0,0,,2433,
1644418407,B51,1,0,,2433,0,0,,2433,
1644418407,os4,1,0,,2433,0,0,,2433,
1644418407,in4,1,0,,2433,0,0,,2433,
1644418407,B33,1,0,,2433,0,0,,2433,
1644418407,in27,1,0,,2434,0,0,,2434,
1644418407,B14,1,0,,2434,0,0,,2434,
1644418407,B11,1,0,,2434,0,0,,2434,
1644418407,cn12,1,0,,2434,0,0,,2434,
1644418407,B54,1,1,job921_scenario1_2404,2434,0,0,,2434,
1644418407,B51,1,0,,2434,0,0,,2434,
1644418407,os4,1,0,,2434,0,0,,2434,
1644418407,in4,1,0,,2434,0,0,,2434,
1644418407,B33,1,0,,2434,0,0,,2434,
1644418407,in27,1,0,,2435,0,0,,2435,
1644418407,B14,1,0,,2435,0,0,,2435,
1644418407,B11,1,0,,2435,0,0,,2435,
1644418407,cn12,1,0,,2435,0,0,,2435,
1644418407,B54,1,1,job921_scenario1_2404,2435,0,0,,2435,
1644418407,B51,1,0,,2435,0,0,,2435,
1644418407,os4,1,0,,2435,0,0,,2435,
1644418407,in4,1,0,,2435,0,0,,2435,
1644418407,B33,1,0,,2435,0,0,,2435,
1644418407,in27,1,0,,2436,0,0,,2436,
1644418407,B14,1,0,,2436,0,0,,2436,
1644418407,B11,1,0,,2436,0,0,,2436,
1644418407,cn12,1,0,,2436,0,0,,2436,
1644418407,B54,1,1,job921_scenario1_2404,2436,0,0,,2436,
1644418407,B51,1,0,,2436,0,0,,2436,
1644418407,os4,1,0,,2436,0,0,,2436,
1644418407,in4,1,0,,2436,0,0,,2436,
1644418407,B33,1,0,,2436,0,0,,2436,
1644418407,in27,1,0,,2437,0,0,,2437,
1644418407,B14,1,0,,2437,0,0,,2437,
1644418407,B11,1,0,,2437,0,0,,2437,
1644418407,cn12,1,0,,2437,0,0,,2437,
1644418407,B54,1,0,,2437,0,0,,2437,
1644418407,B51,1,0,,2437,0,0,,2437,
1644418407,os4,1,0,,2437,0,0,,2437,
1644418407,in4,1,0,,2437,0,0,,2437,
1644418407,B33,1,0,,2437,0,0,,2437,
1644418407,in27,1,0,,2438,0,0,,2438,
1644418407,B14,1,0,,2438,0,0,,2438,
1644418407,B11,1,0,,2438,0,0,,2438,
1644418407,cn12,1,0,,2438,0,0,,2438,
1644418407,B54,1,0,,2438,0,0,,2438,
1644418407,B51,1,0,,2438,0,0,,2438,
1644418407,os4,1,0,,2438,0,0,,2438,
1644418407,in4,1,0,,2438,0,0,,2438,
1644418407,B33,1,0,,2438,0,0,,2438,
1644418407,in27,1,0,,2439,0,0,,2439,
1644418407,B14,1,0,,2439,0,0,,2439,
1644418407,B11,1,0,,2439,0,0,,2439,
1644418407,cn12,1,0,,2439,0,0,,2439,
1644418407,B54,1,0,,2439,0,0,,2439,
1644418407,B51,1,0,,2439,0,0,,2439,
1644418407,os4,1,0,,2439,0,0,,2439,
1644418407,in4,1,0,,2439,0,0,,2439,
1644418407,B33,1,0,,2439,0,0,,2439,
1644418407,in27,1,0,,2440,0,0,,2440,
1644418407,B14,1,0,,2440,0,0,,2440,
1644418407,B11,1,0,,2440,0,0,,2440,
1644418407,cn12,1,0,,2440,0,0,,2440,
1644418407,B54,1,0,,2440,0,0,,2440,
1644418407,B51,1,0,,2440,0,0,,2440,
1644418407,os4,1,0,,2440,0,0,,2440,
1644418407,in4,1,0,,2440,0,0,,2440,
1644418407,B33,1,0,,2440,0,0,,2440,
1644418407,in27,1,0,,2441,0,0,,2441,
1644418407,B14,1,0,,2441,0,0,,2441,
1644418407,B11,1,0,,2441,0,0,,2441,
1644418407,cn12,1,0,,2441,0,0,,2441,
1644418407,B54,1,0,,2441,0,0,,2441,
1644418407,B51,1,0,,2441,0,0,,2441,
1644418407,os4,1,0,,2441,0,0,,2441,
1644418407,in4,1,0,,2441,0,0,,2441,
1644418407,B33,1,0,,2441,0,0,,2441,
1644418409,in27,1,0,,2442,0,0,,2442,
1644418409,B14,1,0,,2442,0,0,,2442,
1644418409,B11,1,0,,2442,0,0,,2442,
1644418409,cn12,1,0,,2442,0,0,,2442,
1644418409,B54,1,0,,2442,0,0,,2442,
1644418409,B51,1,0,,2442,0,0,,2442,
1644418409,os4,1,0,,2442,0,0,,2442,
1644418409,in4,1,0,,2442,0,0,,2442,
1644418409,B33,1,0,,2442,0,0,,2442,
1644418411,in27,1,0,,2443,0,0,,2443,
1644418411,B14,1,0,,2443,0,0,,2443,
1644418411,B11,1,0,,2443,0,0,,2443,
1644418411,cn12,1,0,,2443,0,0,,2443,
1644418411,B54,1,1,job920_scenario0_2403,2443,0,0,,2443,
1644418411,B51,1,0,,2443,0,0,,2443,
1644418411,os4,1,0,,2443,0,0,,2443,
1644418411,in4,1,0,,2443,0,0,,2443,
1644418411,B33,1,1,job930_scenario2_2442,2443,0,0,,2443,
1644418411,in27,1,0,,2444,0,0,,2444,
1644418411,B14,1,0,,2444,0,0,,2444,
1644418411,B11,1,0,,2444,0,0,,2444,
1644418411,cn12,1,0,,2444,0,0,,2444,
1644418411,B54,1,1,job920_scenario0_2403,2444,0,0,,2444,
1644418411,B51,1,0,,2444,0,0,,2444,
1644418411,os4,1,0,,2444,0,0,,2444,
1644418411,in4,1,0,,2444,0,0,,2444,
1644418411,B33,1,1,job930_scenario2_2442,2444,0,0,,2444,
1644418411,in27,1,0,,2445,0,0,,2445,
1644418411,B14,1,0,,2445,0,0,,2445,
1644418411,B11,1,0,,2445,0,0,,2445,
1644418411,cn12,1,0,,2445,0,0,,2445,
1644418411,B54,1,1,job920_scenario0_2403,2445,0,0,,2445,
1644418411,B51,1,0,,2445,0,0,,2445,
1644418411,os4,1,0,,2445,0,0,,2445,
1644418411,in4,1,0,,2445,0,0,,2445,
1644418411,B33,1,0,,2445,0,0,,2445,
1644418411,in27,1,0,,2446,0,0,,2446,
1644418411,B14,1,0,,2446,0,0,,2446,
1644418411,B11,1,0,,2446,0,0,,2446,
1644418411,cn12,1,0,,2446,0,0,,2446,
1644418411,B54,1,1,job920_scenario0_2403,2446,0,0,,2446,
1644418411,B51,1,0,,2446,0,0,,2446,
1644418411,os4,1,0,,2446,0,0,,2446,
1644418411,in4,1,0,,2446,0,0,,2446,
1644418411,B33,1,0,,2446,0,0,,2446,
1644418411,in27,1,0,,2447,0,0,,2447,
1644418411,B14,1,0,,2447,0,0,,2447,
1644418411,B11,1,0,,2447,0,0,,2447,
1644418411,cn12,1,0,,2447,0,0,,2447,
1644418411,B54,1,1,job920_scenario0_2403,2447,0,0,,2447,
1644418411,B51,1,0,,2447,0,0,,2447,
1644418411,os4,1,0,,2447,0,0,,2447,
1644418411,in4,1,0,,2447,0,0,,2447,
1644418411,B33,1,0,,2447,0,0,,2447,
1644418411,in27,1,0,,2448,0,0,,2448,
1644418411,B14,1,0,,2448,0,0,,2448,
1644418411,B11,1,0,,2448,0,0,,2448,
1644418411,cn12,1,0,,2448,0,0,,2448,
1644418411,B54,1,1,job920_scenario0_2403,2448,0,0,,2448,
1644418411,B51,1,0,,2448,0,0,,2448,
1644418411,os4,1,0,,2448,0,0,,2448,
1644418411,in4,1,0,,2448,0,0,,2448,
1644418411,B33,1,0,,2448,0,0,,2448,
1644418411,in27,1,0,,2449,0,0,,2449,
1644418411,B14,1,0,,2449,0,0,,2449,
1644418411,B11,1,0,,2449,0,0,,2449,
1644418411,cn12,1,0,,2449,0,0,,2449,
1644418411,B54,1,1,job920_scenario0_2403,2449,0,0,,2449,
1644418411,B51,1,0,,2449,0,0,,2449,
1644418411,os4,1,0,,2449,0,0,,2449,
1644418411,in4,1,0,,2449,0,0,,2449,
1644418411,B33,1,0,,2449,0,0,,2449,
1644418411,in27,1,0,,2450,0,0,,2450,
1644418411,B14,1,0,,2450,0,0,,2450,
1644418411,B11,1,0,,2450,0,0,,2450,
1644418411,cn12,1,0,,2450,0,0,,2450,
1644418411,B54,1,1,job920_scenario0_2403,2450,0,0,,2450,
1644418411,B51,1,0,,2450,0,0,,2450,
1644418411,os4,1,0,,2450,0,0,,2450,
1644418411,in4,1,0,,2450,0,0,,2450,
1644418411,B33,1,0,,2450,0,0,,2450,
1644418411,in27,1,0,,2451,0,0,,2451,
1644418411,B14,1,0,,2451,0,0,,2451,
1644418411,B11,1,0,,2451,0,0,,2451,
1644418411,cn12,1,0,,2451,0,0,,2451,
1644418411,B54,1,1,job920_scenario0_2403,2451,0,0,,2451,
1644418411,B51,1,0,,2451,0,0,,2451,
1644418411,os4,1,0,,2451,0,0,,2451,
1644418411,in4,1,0,,2451,0,0,,2451,
1644418411,B33,1,0,,2451,0,0,,2451,
1644418411,in27,1,0,,2452,0,0,,2452,
1644418411,B14,1,0,,2452,0,0,,2452,
1644418411,B11,1,0,,2452,0,0,,2452,
1644418411,cn12,1,0,,2452,0,0,,2452,
1644418411,B54,1,1,job920_scenario0_2403,2452,0,0,,2452,
1644418411,B51,1,0,,2452,0,0,,2452,
1644418411,os4,1,0,,2452,0,0,,2452,
1644418411,in4,1,0,,2452,0,0,,2452,
1644418411,B33,1,0,,2452,0,0,,2452,
1644418411,in27,1,0,,2453,0,0,,2453,
1644418411,B14,1,0,,2453,0,0,,2453,
1644418411,B11,1,0,,2453,0,0,,2453,
1644418411,cn12,1,0,,2453,0,0,,2453,
1644418411,B54,1,1,job920_scenario0_2403,2453,0,0,,2453,
1644418411,B51,1,0,,2453,0,0,,2453,
1644418411,os4,1,0,,2453,0,0,,2453,
1644418411,in4,1,0,,2453,0,0,,2453,
1644418411,B33,1,0,,2453,0,0,,2453,
1644418411,in27,1,0,,2454,0,0,,2454,
1644418411,B14,1,0,,2454,0,0,,2454,
1644418411,B11,1,0,,2454,0,0,,2454,
1644418411,cn12,1,0,,2454,0,0,,2454,
1644418411,B54,1,1,job920_scenario0_2403,2454,0,0,,2454,
1644418411,B51,1,0,,2454,0,0,,2454,
1644418411,os4,1,0,,2454,0,0,,2454,
1644418411,in4,1,0,,2454,0,0,,2454,
1644418411,B33,1,0,,2454,0,0,,2454,
1644418411,in27,1,0,,2455,0,0,,2455,
1644418411,B14,1,0,,2455,0,0,,2455,
1644418411,B11,1,0,,2455,0,0,,2455,
1644418411,cn12,1,0,,2455,0,0,,2455,
1644418411,B54,1,1,job920_scenario0_2403,2455,0,0,,2455,
1644418411,B51,1,0,,2455,0,0,,2455,
1644418411,os4,1,0,,2455,0,0,,2455,
1644418411,in4,1,0,,2455,0,0,,2455,
1644418411,B33,1,0,,2455,0,0,,2455,
1644418411,in27,1,0,,2456,0,0,,2456,
1644418411,B14,1,0,,2456,0,0,,2456,
1644418411,B11,1,0,,2456,0,0,,2456,
1644418411,cn12,1,0,,2456,0,0,,2456,
1644418411,B54,1,0,,2456,0,0,,2456,
1644418411,B51,1,0,,2456,0,0,,2456,
1644418411,os4,1,0,,2456,0,0,,2456,
1644418411,in4,1,0,,2456,0,0,,2456,
1644418411,B33,1,0,,2456,0,0,,2456,
1644418411,in27,1,0,,2457,0,0,,2457,
1644418411,B14,1,0,,2457,0,0,,2457,
1644418411,B11,1,0,,2457,0,0,,2457,
1644418411,cn12,1,0,,2457,0,0,,2457,
1644418411,B54,1,0,,2457,0,0,,2457,
1644418411,B51,1,0,,2457,0,0,,2457,
1644418411,os4,1,0,,2457,0,0,,2457,
1644418411,in4,1,0,,2457,0,0,,2457,
1644418411,B33,1,0,,2457,0,0,,2457,
1644418411,in27,1,0,,2458,0,0,,2458,
1644418411,B14,1,0,,2458,0,0,,2458,
1644418411,B11,1,0,,2458,0,0,,2458,
1644418411,cn12,1,0,,2458,0,0,,2458,
1644418411,B54,1,0,,2458,0,0,,2458,
1644418411,B51,1,0,,2458,0,0,,2458,
1644418411,os4,1,0,,2458,0,0,,2458,
1644418411,in4,1,0,,2458,0,0,,2458,
1644418411,B33,1,0,,2458,0,0,,2458,
1644418411,in27,1,0,,2459,0,0,,2459,
1644418411,B14,1,0,,2459,0,0,,2459,
1644418411,B11,1,0,,2459,0,0,,2459,
1644418411,cn12,1,0,,2459,0,0,,2459,
1644418411,B54,1,0,,2459,0,0,,2459,
1644418411,B51,1,0,,2459,0,0,,2459,
1644418411,os4,1,0,,2459,0,0,,2459,
1644418411,in4,1,0,,2459,0,0,,2459,
1644418411,B33,1,0,,2459,0,0,,2459,
1644418411,in27,1,0,,2460,0,0,,2460,
1644418411,B14,1,0,,2460,0,0,,2460,
1644418411,B11,1,0,,2460,0,0,,2460,
1644418411,cn12,1,0,,2460,0,0,,2460,
1644418411,B54,1,0,,2460,0,0,,2460,
1644418411,B51,1,0,,2460,0,0,,2460,
1644418411,os4,1,0,,2460,0,0,,2460,
1644418411,in4,1,0,,2460,0,0,,2460,
1644418411,B33,1,0,,2460,0,0,,2460,
1644418411,in27,1,0,,2461,0,0,,2461,
1644418411,B14,1,0,,2461,0,0,,2461,
1644418411,B11,1,0,,2461,0,0,,2461,
1644418411,cn12,1,0,,2461,0,0,,2461,
1644418411,B54,1,0,,2461,0,0,,2461,
1644418411,B51,1,0,,2461,0,0,,2461,
1644418411,os4,1,0,,2461,0,0,,2461,
1644418411,in4,1,0,,2461,0,0,,2461,
1644418411,B33,1,0,,2461,0,0,,2461,
1644418411,in27,1,0,,2462,0,0,,2462,
1644418411,B14,1,0,,2462,0,0,,2462,
1644418411,B11,1,0,,2462,0,0,,2462,
1644418411,cn12,1,0,,2462,0,0,,2462,
1644418411,B54,1,0,,2462,0,0,,2462,
1644418411,B51,1,0,,2462,0,0,,2462,
1644418411,os4,1,0,,2462,0,0,,2462,
1644418411,in4,1,0,,2462,0,0,,2462,
1644418411,B33,1,0,,2462,0,0,,2462,
1644418411,in27,1,0,,2463,0,0,,2463,
1644418411,B14,1,0,,2463,0,0,,2463,
1644418411,B11,1,0,,2463,0,0,,2463,
1644418411,cn12,1,0,,2463,0,0,,2463,
1644418411,B54,1,0,,2463,0,0,,2463,
1644418411,B51,1,0,,2463,0,0,,2463,
1644418411,os4,1,0,,2463,0,0,,2463,
1644418411,in4,1,0,,2463,0,0,,2463,
1644418411,B33,1,0,,2463,0,0,,2463,
1644418411,in27,1,0,,2464,0,0,,2464,
1644418411,B14,1,0,,2464,0,0,,2464,
1644418411,B11,1,0,,2464,0,0,,2464,
1644418411,cn12,1,0,,2464,0,0,,2464,
1644418411,B54,1,0,,2464,0,0,,2464,
1644418411,B51,1,0,,2464,0,0,,2464,
1644418411,os4,1,0,,2464,0,0,,2464,
1644418411,in4,1,0,,2464,0,0,,2464,
1644418411,B33,1,0,,2464,0,0,,2464,
1644418411,in27,1,0,,2465,0,0,,2465,
1644418411,B14,1,0,,2465,0,0,,2465,
1644418411,B11,1,0,,2465,0,0,,2465,
1644418411,cn12,1,0,,2465,0,0,,2465,
1644418411,B54,1,0,,2465,0,0,,2465,
1644418411,B51,1,0,,2465,0,0,,2465,
1644418411,os4,1,0,,2465,0,0,,2465,
1644418411,in4,1,0,,2465,0,0,,2465,
1644418411,B33,1,0,,2465,0,0,,2465,
1644418411,in27,1,0,,2466,0,0,,2466,
1644418411,B14,1,0,,2466,0,0,,2466,
1644418411,B11,1,0,,2466,0,0,,2466,
1644418411,cn12,1,0,,2466,0,0,,2466,
1644418411,B54,1,0,,2466,0,0,,2466,
1644418411,B51,1,0,,2466,0,0,,2466,
1644418411,os4,1,0,,2466,0,0,,2466,
1644418411,in4,1,0,,2466,0,0,,2466,
1644418411,B33,1,0,,2466,0,0,,2466,
1644418411,in27,1,0,,2467,0,0,,2467,
1644418411,B14,1,0,,2467,0,0,,2467,
1644418411,B11,1,0,,2467,0,0,,2467,
1644418411,cn12,1,0,,2467,0,0,,2467,
1644418411,B54,1,0,,2467,0,0,,2467,
1644418411,B51,1,0,,2467,0,0,,2467,
1644418411,os4,1,0,,2467,0,0,,2467,
1644418411,in4,1,0,,2467,0,0,,2467,
1644418411,B33,1,0,,2467,0,0,,2467,
1644418411,in27,1,0,,2468,0,0,,2468,
1644418411,B14,1,0,,2468,0,0,,2468,
1644418411,B11,1,0,,2468,0,0,,2468,
1644418411,cn12,1,0,,2468,0,0,,2468,
1644418411,B54,1,0,,2468,0,0,,2468,
1644418411,B51,1,0,,2468,0,0,,2468,
1644418411,os4,1,0,,2468,0,0,,2468,
1644418411,in4,1,0,,2468,0,0,,2468,
1644418411,B33,1,0,,2468,0,0,,2468,
1644418411,in27,1,0,,2469,0,0,,2469,
1644418411,B14,1,0,,2469,0,0,,2469,
1644418411,B11,1,0,,2469,0,0,,2469,
1644418411,cn12,1,0,,2469,0,0,,2469,
1644418411,B54,1,0,,2469,0,0,,2469,
1644418411,B51,1,0,,2469,0,0,,2469,
1644418411,os4,1,0,,2469,0,0,,2469,
1644418411,in4,1,0,,2469,0,0,,2469,
1644418411,B33,1,0,,2469,0,0,,2469,
1644418411,in27,1,0,,2470,0,0,,2470,
1644418411,B14,1,0,,2470,0,0,,2470,
1644418411,B11,1,0,,2470,0,0,,2470,
1644418411,cn12,1,0,,2470,0,0,,2470,
1644418411,B54,1,0,,2470,0,0,,2470,
1644418411,B51,1,0,,2470,0,0,,2470,
1644418411,os4,1,0,,2470,0,0,,2470,
1644418411,in4,1,0,,2470,0,0,,2470,
1644418411,B33,1,0,,2470,0,0,,2470,
1644418411,in27,1,0,,2471,0,0,,2471,
1644418411,B14,1,0,,2471,0,0,,2471,
1644418411,B11,1,0,,2471,0,0,,2471,
1644418411,cn12,1,0,,2471,0,0,,2471,
1644418411,B54,1,0,,2471,0,0,,2471,
1644418411,B51,1,0,,2471,0,0,,2471,
1644418411,os4,1,0,,2471,0,0,,2471,
1644418411,in4,1,0,,2471,0,0,,2471,
1644418411,B33,1,0,,2471,0,0,,2471,
1644418412,in27,1,0,,2472,0,0,,2472,
1644418412,B14,1,0,,2472,0,0,,2472,
1644418412,B11,1,0,,2472,0,0,,2472,
1644418412,cn12,1,0,,2472,0,0,,2472,
1644418412,B54,1,1,job927_scenario1_2432,2472,0,0,,2472,
1644418412,B51,1,0,,2472,0,0,,2472,
1644418412,os4,1,0,,2472,0,0,,2472,
1644418412,in4,1,0,,2472,0,0,,2472,
1644418412,B33,1,0,,2472,0,0,,2472,
1644418412,in27,1,0,,2473,0,0,,2473,
1644418412,B14,1,0,,2473,0,0,,2473,
1644418412,B11,1,0,,2473,0,0,,2473,
1644418412,cn12,1,0,,2473,0,0,,2473,
1644418412,B54,1,1,job927_scenario1_2432,2473,0,0,,2473,
1644418412,B51,1,0,,2473,0,0,,2473,
1644418412,os4,1,0,,2473,0,0,,2473,
1644418412,in4,1,0,,2473,0,0,,2473,
1644418412,B33,1,0,,2473,0,0,,2473,
1644418412,in27,1,0,,2474,0,0,,2474,
1644418412,B14,1,0,,2474,0,0,,2474,
1644418412,B11,1,0,,2474,0,0,,2474,
1644418412,cn12,1,0,,2474,0,0,,2474,
1644418412,B54,1,1,job927_scenario1_2432,2474,0,0,,2474,
1644418412,B51,1,0,,2474,0,0,,2474,
1644418412,os4,1,0,,2474,0,0,,2474,
1644418412,in4,1,0,,2474,0,0,,2474,
1644418412,B33,1,0,,2474,0,0,,2474,
1644418412,in27,1,0,,2475,0,0,,2475,
1644418412,B14,1,0,,2475,0,0,,2475,
1644418412,B11,1,0,,2475,0,0,,2475,
1644418412,cn12,1,0,,2475,0,0,,2475,
1644418412,B54,1,1,job927_scenario1_2432,2475,0,0,,2475,
1644418412,B51,1,0,,2475,0,0,,2475,
1644418412,os4,1,0,,2475,0,0,,2475,
1644418412,in4,1,0,,2475,0,0,,2475,
1644418412,B33,1,0,,2475,0,0,,2475,
1644418412,in27,1,0,,2476,0,0,,2476,
1644418412,B14,1,0,,2476,0,0,,2476,
1644418412,B11,1,0,,2476,0,0,,2476,
1644418412,cn12,1,0,,2476,0,0,,2476,
1644418412,B54,1,1,job927_scenario1_2432,2476,0,0,,2476,
1644418412,B51,1,0,,2476,0,0,,2476,
1644418412,os4,1,0,,2476,0,0,,2476,
1644418412,in4,1,0,,2476,0,0,,2476,
1644418412,B33,1,0,,2476,0,0,,2476,
1644418412,in27,1,0,,2477,0,0,,2477,
1644418412,B14,1,0,,2477,0,0,,2477,
1644418412,B11,1,0,,2477,0,0,,2477,
1644418412,cn12,1,0,,2477,0,0,,2477,
1644418412,B54,1,0,,2477,0,0,,2477,
1644418412,B51,1,0,,2477,0,0,,2477,
1644418412,os4,1,0,,2477,0,0,,2477,
1644418412,in4,1,0,,2477,0,0,,2477,
1644418412,B33,1,0,,2477,0,0,,2477,
1644418412,in27,1,0,,2478,0,0,,2478,
1644418412,B14,1,0,,2478,0,0,,2478,
1644418412,B11,1,0,,2478,0,0,,2478,
1644418412,cn12,1,0,,2478,0,0,,2478,
1644418412,B54,1,0,,2478,0,0,,2478,
1644418412,B51,1,0,,2478,0,0,,2478,
1644418412,os4,1,0,,2478,0,0,,2478,
1644418412,in4,1,0,,2478,0,0,,2478,
1644418412,B33,1,0,,2478,0,0,,2478,
1644418412,in27,1,0,,2479,0,0,,2479,
1644418412,B14,1,0,,2479,0,0,,2479,
1644418412,B11,1,0,,2479,0,0,,2479,
1644418412,cn12,1,0,,2479,0,0,,2479,
1644418412,B54,1,0,,2479,0,0,,2479,
1644418412,B51,1,0,,2479,0,0,,2479,
1644418412,os4,1,0,,2479,0,0,,2479,
1644418412,in4,1,0,,2479,0,0,,2479,
1644418412,B33,1,0,,2479,0,0,,2479,
1644418412,in27,1,0,,2480,0,0,,2480,
1644418412,B14,1,0,,2480,0,0,,2480,
1644418412,B11,1,0,,2480,0,0,,2480,
1644418412,cn12,1,0,,2480,0,0,,2480,
1644418412,B54,1,0,,2480,0,0,,2480,
1644418412,B51,1,0,,2480,0,0,,2480,
1644418412,os4,1,0,,2480,0,0,,2480,
1644418412,in4,1,0,,2480,0,0,,2480,
1644418412,B33,1,0,,2480,0,0,,2480,
1644418412,in27,1,0,,2481,0,0,,2481,
1644418412,B14,1,0,,2481,0,0,,2481,
1644418412,B11,1,0,,2481,0,0,,2481,
1644418412,cn12,1,0,,2481,0,0,,2481,
1644418412,B54,1,0,,2481,0,0,,2481,
1644418412,B51,1,0,,2481,0,0,,2481,
1644418412,os4,1,0,,2481,0,0,,2481,
1644418412,in4,1,0,,2481,0,0,,2481,
1644418412,B33,1,0,,2481,0,0,,2481,
1644418412,in27,1,0,,2482,0,0,,2482,
1644418412,B14,1,0,,2482,0,0,,2482,
1644418412,B11,1,0,,2482,0,0,,2482,
1644418412,cn12,1,0,,2482,0,0,,2482,
1644418412,B54,1,0,,2482,0,0,,2482,
1644418412,B51,1,0,,2482,0,0,,2482,
1644418412,os4,1,0,,2482,0,0,,2482,
1644418412,in4,1,0,,2482,0,0,,2482,
1644418412,B33,1,0,,2482,0,0,,2482,
1644418412,in27,1,0,,2483,0,0,,2483,
1644418412,B14,1,0,,2483,0,0,,2483,
1644418412,B11,1,0,,2483,0,0,,2483,
1644418412,cn12,1,0,,2483,0,0,,2483,
1644418412,B54,1,0,,2483,0,0,,2483,
1644418412,B51,1,0,,2483,0,0,,2483,
1644418412,os4,1,0,,2483,0,0,,2483,
1644418412,in4,1,0,,2483,0,0,,2483,
1644418412,B33,1,0,,2483,0,0,,2483,
1644418412,in27,1,0,,2484,0,0,,2484,
1644418412,B14,1,0,,2484,0,0,,2484,
1644418412,B11,1,0,,2484,0,0,,2484,
1644418412,cn12,1,0,,2484,0,0,,2484,
1644418412,B54,1,0,,2484,0,0,,2484,
1644418412,B51,1,0,,2484,0,0,,2484,
1644418412,os4,1,0,,2484,0,0,,2484,
1644418412,in4,1,0,,2484,0,0,,2484,
1644418412,B33,1,0,,2484,0,0,,2484,
1644418413,in27,1,0,,2485,0,0,,2485,
1644418413,B14,1,0,,2485,0,0,,2485,
1644418413,B11,1,0,,2485,0,0,,2485,
1644418413,cn12,1,0,,2485,0,0,,2485,
1644418413,B54,1,1,job931_scenario1_2444,2485,0,0,,2485,
1644418413,B51,1,0,,2485,0,0,,2485,
1644418413,os4,1,0,,2485,0,0,,2485,
1644418413,in4,1,0,,2485,0,0,,2485,
1644418413,B33,1,0,,2485,0,0,,2485,
1644418413,in27,1,0,,2486,0,0,,2486,
1644418413,B14,1,0,,2486,0,0,,2486,
1644418413,B11,1,0,,2486,0,0,,2486,
1644418413,cn12,1,0,,2486,0,0,,2486,
1644418413,B54,1,1,job931_scenario1_2444,2486,0,0,,2486,
1644418413,B51,1,0,,2486,0,0,,2486,
1644418413,os4,1,0,,2486,0,0,,2486,
1644418413,in4,1,0,,2486,0,0,,2486,
1644418413,B33,1,0,,2486,0,0,,2486,
1644418413,in27,1,0,,2487,0,0,,2487,
1644418413,B14,1,0,,2487,0,0,,2487,
1644418413,B11,1,0,,2487,0,0,,2487,
1644418413,cn12,1,0,,2487,0,0,,2487,
1644418413,B54,1,1,job931_scenario1_2444,2487,0,0,,2487,
1644418413,B51,1,0,,2487,0,0,,2487,
1644418413,os4,1,0,,2487,0,0,,2487,
1644418413,in4,1,0,,2487,0,0,,2487,
1644418413,B33,1,0,,2487,0,0,,2487,
1644418413,in27,1,0,,2488,0,0,,2488,
1644418413,B14,1,0,,2488,0,0,,2488,
1644418413,B11,1,0,,2488,0,0,,2488,
1644418413,cn12,1,0,,2488,0,0,,2488,
1644418413,B54,1,1,job931_scenario1_2444,2488,0,0,,2488,
1644418413,B51,1,0,,2488,0,0,,2488,
1644418413,os4,1,0,,2488,0,0,,2488,
1644418413,in4,1,0,,2488,0,0,,2488,
1644418413,B33,1,0,,2488,0,0,,2488,
1644418414,in27,1,0,,2489,0,0,,2489,
1644418414,B14,1,0,,2489,0,0,,2489,
1644418414,B11,1,0,,2489,0,0,,2489,
1644418414,cn12,1,0,,2489,0,0,,2489,
1644418414,B54,1,0,,2489,0,0,,2489,
1644418414,B51,1,0,,2489,0,0,,2489,
1644418414,os4,1,0,,2489,0,0,,2489,
1644418414,in4,1,0,,2489,0,0,,2489,
1644418414,B33,1,0,,2489,0,0,,2489,
1644418414,in27,1,0,,2490,0,0,,2490,
1644418414,B14,1,0,,2490,0,0,,2490,
1644418414,B11,1,0,,2490,0,0,,2490,
1644418414,cn12,1,0,,2490,0,0,,2490,
1644418414,B54,1,0,,2490,0,0,,2490,
1644418414,B51,1,0,,2490,0,0,,2490,
1644418414,os4,1,0,,2490,0,0,,2490,
1644418414,in4,1,0,,2490,0,0,,2490,
1644418414,B33,1,0,,2490,0,0,,2490,
1644418414,in27,1,0,,2491,0,0,,2491,
1644418414,B14,1,0,,2491,0,0,,2491,
1644418414,B11,1,0,,2491,0,0,,2491,
1644418414,cn12,1,0,,2491,0,0,,2491,
1644418414,B54,1,0,,2491,0,0,,2491,
1644418414,B51,1,0,,2491,0,0,,2491,
1644418414,os4,1,0,,2491,0,0,,2491,
1644418414,in4,1,0,,2491,0,0,,2491,
1644418414,B33,1,0,,2491,0,0,,2491,
1644418414,in27,1,0,,2492,0,0,,2492,
1644418414,B14,1,0,,2492,0,0,,2492,
1644418414,B11,1,0,,2492,0,0,,2492,
1644418414,cn12,1,0,,2492,0,0,,2492,
1644418414,B54,1,0,,2492,0,0,,2492,
1644418414,B51,1,0,,2492,0,0,,2492,
1644418414,os4,1,0,,2492,0,0,,2492,
1644418414,in4,1,0,,2492,0,0,,2492,
1644418414,B33,1,0,,2492,0,0,,2492,
1644418414,in27,1,0,,2493,0,0,,2493,
1644418414,B14,1,0,,2493,0,0,,2493,
1644418414,B11,1,0,,2493,0,0,,2493,
1644418414,cn12,1,0,,2493,0,0,,2493,
1644418414,B54,1,0,,2493,0,0,,2493,
1644418414,B51,1,0,,2493,0,0,,2493,
1644418414,os4,1,0,,2493,0,0,,2493,
1644418414,in4,1,0,,2493,0,0,,2493,
1644418414,B33,1,0,,2493,0,0,,2493,
1644418414,in27,1,0,,2494,0,0,,2494,
1644418414,B14,1,0,,2494,0,0,,2494,
1644418414,B11,1,0,,2494,0,0,,2494,
1644418414,cn12,1,0,,2494,0,0,,2494,
1644418414,B54,1,0,,2494,0,0,,2494,
1644418414,B51,1,0,,2494,0,0,,2494,
1644418414,os4,1,0,,2494,0,0,,2494,
1644418414,in4,1,0,,2494,0,0,,2494,
1644418414,B33,1,0,,2494,0,0,,2494,
1644418414,in27,1,0,,2495,0,0,,2495,
1644418414,B14,1,0,,2495,0,0,,2495,
1644418414,B11,1,0,,2495,0,0,,2495,
1644418414,cn12,1,0,,2495,0,0,,2495,
1644418414,B54,1,0,,2495,0,0,,2495,
1644418414,B51,1,0,,2495,0,0,,2495,
1644418414,os4,1,0,,2495,0,0,,2495,
1644418414,in4,1,0,,2495,0,0,,2495,
1644418414,B33,1,0,,2495,0,0,,2495,
1644418414,in27,1,0,,2496,0,0,,2496,
1644418414,B14,1,0,,2496,0,0,,2496,
1644418414,B11,1,0,,2496,0,0,,2496,
1644418414,cn12,1,0,,2496,0,0,,2496,
1644418414,B54,1,0,,2496,0,0,,2496,
1644418414,B51,1,0,,2496,0,0,,2496,
1644418414,os4,1,0,,2496,0,0,,2496,
1644418414,in4,1,0,,2496,0,0,,2496,
1644418414,B33,1,0,,2496,0,0,,2496,
1644418414,in27,1,0,,2497,0,0,,2497,
1644418414,B14,1,0,,2497,0,0,,2497,
1644418414,B11,1,0,,2497,0,0,,2497,
1644418414,cn12,1,0,,2497,0,0,,2497,
1644418414,B54,1,0,,2497,0,0,,2497,
1644418414,B51,1,0,,2497,0,0,,2497,
1644418414,os4,1,0,,2497,0,0,,2497,
1644418414,in4,1,0,,2497,0,0,,2497,
1644418414,B33,1,0,,2497,0,0,,2497,
1644418414,in27,1,0,,2498,0,0,,2498,
1644418414,B14,1,0,,2498,0,0,,2498,
1644418414,B11,1,0,,2498,0,0,,2498,
1644418414,cn12,1,0,,2498,0,0,,2498,
1644418414,B54,1,0,,2498,0,0,,2498,
1644418414,B51,1,0,,2498,0,0,,2498,
1644418414,os4,1,0,,2498,0,0,,2498,
1644418414,in4,1,0,,2498,0,0,,2498,
1644418414,B33,1,0,,2498,0,0,,2498,
1644418414,in27,1,0,,2499,0,0,,2499,
1644418414,B14,1,0,,2499,0,0,,2499,
1644418414,B11,1,0,,2499,0,0,,2499,
1644418414,cn12,1,0,,2499,0,0,,2499,
1644418414,B54,1,0,,2499,0,0,,2499,
1644418414,B51,1,0,,2499,0,0,,2499,
1644418414,os4,1,0,,2499,0,0,,2499,
1644418414,in4,1,0,,2499,0,0,,2499,
1644418414,B33,1,0,,2499,0,0,,2499,
1644418414,in27,1,0,,2500,0,0,,2500,
1644418414,B14,1,0,,2500,0,0,,2500,
1644418414,B11,1,0,,2500,0,0,,2500,
1644418414,cn12,1,0,,2500,0,0,,2500,
1644418414,B54,1,0,,2500,0,0,,2500,
1644418414,B51,1,0,,2500,0,0,,2500,
1644418414,os4,1,0,,2500,0,0,,2500,
1644418414,in4,1,0,,2500,0,0,,2500,
1644418414,B33,1,0,,2500,0,0,,2500,
1644418414,in27,1,0,,2501,0,0,,2501,
1644418414,B14,1,0,,2501,0,0,,2501,
1644418414,B11,1,0,,2501,0,0,,2501,
1644418414,cn12,1,0,,2501,0,0,,2501,
1644418414,B54,1,0,,2501,0,0,,2501,
1644418414,B51,1,0,,2501,0,0,,2501,
1644418414,os4,1,0,,2501,0,0,,2501,
1644418414,in4,1,0,,2501,0,0,,2501,
1644418414,B33,1,0,,2501,0,0,,2501,
1644418414,in27,1,0,,2502,0,0,,2502,
1644418414,B14,1,0,,2502,0,0,,2502,
1644418414,B11,1,0,,2502,0,0,,2502,
1644418414,cn12,1,0,,2502,0,0,,2502,
1644418414,B54,1,0,,2502,0,0,,2502,
1644418414,B51,1,0,,2502,0,0,,2502,
1644418414,os4,1,0,,2502,0,0,,2502,
1644418414,in4,1,0,,2502,0,0,,2502,
1644418414,B33,1,0,,2502,0,0,,2502,
1644418414,in27,1,0,,2503,0,0,,2503,
1644418414,B14,1,0,,2503,0,0,,2503,
1644418414,B11,1,0,,2503,0,0,,2503,
1644418414,cn12,1,0,,2503,0,0,,2503,
1644418414,B54,1,0,,2503,0,0,,2503,
1644418414,B51,1,0,,2503,0,0,,2503,
1644418414,os4,1,0,,2503,0,0,,2503,
1644418414,in4,1,0,,2503,0,0,,2503,
1644418414,B33,1,0,,2503,0,0,,2503,
1644418415,in27,1,0,,2504,0,0,,2504,
1644418415,B14,1,0,,2504,0,0,,2504,
1644418415,B11,1,0,,2504,0,0,,2504,
1644418415,cn12,1,0,,2504,0,0,,2504,
1644418415,B54,1,1,job936_scenario1_2502,2504,0,0,,2504,
1644418415,B51,1,0,,2504,0,0,,2504,
1644418415,os4,1,0,,2504,0,0,,2504,
1644418415,in4,1,0,,2504,0,0,,2504,
1644418415,B33,1,0,,2504,0,0,,2504,
1644418415,in27,1,0,,2505,0,0,,2505,
1644418415,B14,1,0,,2505,0,0,,2505,
1644418415,B11,1,0,,2505,0,0,,2505,
1644418415,cn12,1,0,,2505,0,0,,2505,
1644418415,B54,1,1,job936_scenario1_2502,2505,0,0,,2505,
1644418415,B51,1,0,,2505,0,0,,2505,
1644418415,os4,1,0,,2505,0,0,,2505,
1644418415,in4,1,0,,2505,0,0,,2505,
1644418415,B33,1,0,,2505,0,0,,2505,
1644418415,in27,1,0,,2506,0,0,,2506,
1644418415,B14,1,0,,2506,0,0,,2506,
1644418415,B11,1,0,,2506,0,0,,2506,
1644418415,cn12,1,0,,2506,0,0,,2506,
1644418415,B54,1,1,job936_scenario1_2502,2506,0,0,,2506,
1644418415,B51,1,0,,2506,0,0,,2506,
1644418415,os4,1,0,,2506,0,0,,2506,
1644418415,in4,1,0,,2506,0,0,,2506,
1644418415,B33,1,0,,2506,0,0,,2506,
1644418415,in27,1,0,,2507,0,0,,2507,
1644418415,B14,1,0,,2507,0,0,,2507,
1644418415,B11,1,0,,2507,0,0,,2507,
1644418415,cn12,1,0,,2507,0,0,,2507,
1644418415,B54,1,1,job936_scenario1_2502,2507,0,0,,2507,
1644418415,B51,1,0,,2507,0,0,,2507,
1644418415,os4,1,0,,2507,0,0,,2507,
1644418415,in4,1,0,,2507,0,0,,2507,
1644418415,B33,1,0,,2507,0,0,,2507,
1644418415,in27,1,0,,2508,0,0,,2508,
1644418415,B14,1,0,,2508,0,0,,2508,
1644418415,B11,1,0,,2508,0,0,,2508,
1644418415,cn12,1,0,,2508,0,0,,2508,
1644418415,B54,1,1,job936_scenario1_2502,2508,0,0,,2508,
1644418415,B51,1,0,,2508,0,0,,2508,
1644418415,os4,1,0,,2508,0,0,,2508,
1644418415,in4,1,0,,2508,0,0,,2508,
1644418415,B33,1,0,,2508,0,0,,2508,
1644418415,in27,1,0,,2509,0,0,,2509,
1644418415,B14,1,0,,2509,0,0,,2509,
1644418415,B11,1,0,,2509,0,0,,2509,
1644418415,cn12,1,0,,2509,0,0,,2509,
1644418415,B54,1,0,,2509,0,0,,2509,
1644418415,B51,1,0,,2509,0,0,,2509,
1644418415,os4,1,0,,2509,0,0,,2509,
1644418415,in4,1,0,,2509,0,0,,2509,
1644418415,B33,1,0,,2509,0,0,,2509,
1644418415,in27,1,0,,2510,0,0,,2510,
1644418415,B14,1,0,,2510,0,0,,2510,
1644418415,B11,1,0,,2510,0,0,,2510,
1644418415,cn12,1,0,,2510,0,0,,2510,
1644418415,B54,1,0,,2510,0,0,,2510,
1644418415,B51,1,0,,2510,0,0,,2510,
1644418415,os4,1,0,,2510,0,0,,2510,
1644418415,in4,1,0,,2510,0,0,,2510,
1644418415,B33,1,0,,2510,0,0,,2510,
1644418415,in27,1,0,,2511,0,0,,2511,
1644418415,B14,1,0,,2511,0,0,,2511,
1644418415,B11,1,0,,2511,0,0,,2511,
1644418415,cn12,1,0,,2511,0,0,,2511,
1644418415,B54,1,0,,2511,0,0,,2511,
1644418415,B51,1,0,,2511,0,0,,2511,
1644418415,os4,1,0,,2511,0,0,,2511,
1644418415,in4,1,0,,2511,0,0,,2511,
1644418415,B33,1,0,,2511,0,0,,2511,
1644418415,in27,1,0,,2512,0,0,,2512,
1644418415,B14,1,0,,2512,0,0,,2512,
1644418415,B11,1,0,,2512,0,0,,2512,
1644418415,cn12,1,0,,2512,0,0,,2512,
1644418415,B54,1,0,,2512,0,0,,2512,
1644418415,B51,1,0,,2512,0,0,,2512,
1644418415,os4,1,0,,2512,0,0,,2512,
1644418415,in4,1,0,,2512,0,0,,2512,
1644418415,B33,1,0,,2512,0,0,,2512,
1644418415,in27,1,0,,2513,0,0,,2513,
1644418415,B14,1,0,,2513,0,0,,2513,
1644418415,B11,1,0,,2513,0,0,,2513,
1644418415,cn12,1,0,,2513,0,0,,2513,
1644418415,B54,1,0,,2513,0,0,,2513,
1644418415,B51,1,0,,2513,0,0,,2513,
1644418415,os4,1,0,,2513,0,0,,2513,
1644418415,in4,1,0,,2513,0,0,,2513,
1644418415,B33,1,0,,2513,0,0,,2513,
1644418415,in27,1,0,,2514,0,0,,2514,
1644418415,B14,1,0,,2514,0,0,,2514,
1644418415,B11,1,0,,2514,0,0,,2514,
1644418415,cn12,1,0,,2514,0,0,,2514,
1644418415,B54,1,0,,2514,0,0,,2514,
1644418415,B51,1,0,,2514,0,0,,2514,
1644418415,os4,1,0,,2514,0,0,,2514,
1644418415,in4,1,0,,2514,0,0,,2514,
1644418415,B33,1,0,,2514,0,0,,2514,
1644418415,in27,1,0,,2515,0,0,,2515,
1644418415,B14,1,0,,2515,0,0,,2515,
1644418415,B11,1,0,,2515,0,0,,2515,
1644418415,cn12,1,0,,2515,0,0,,2515,
1644418415,B54,1,0,,2515,0,0,,2515,
1644418415,B51,1,0,,2515,0,0,,2515,
1644418415,os4,1,0,,2515,0,0,,2515,
1644418415,in4,1,0,,2515,0,0,,2515,
1644418415,B33,1,0,,2515,0,0,,2515,
1644418415,in27,1,0,,2516,0,0,,2516,
1644418415,B14,1,0,,2516,0,0,,2516,
1644418415,B11,1,0,,2516,0,0,,2516,
1644418415,cn12,1,0,,2516,0,0,,2516,
1644418415,B54,1,0,,2516,0,0,,2516,
1644418415,B51,1,0,,2516,0,0,,2516,
1644418415,os4,1,0,,2516,0,0,,2516,
1644418415,in4,1,0,,2516,0,0,,2516,
1644418415,B33,1,0,,2516,0,0,,2516,
1644418416,in27,1,0,,2517,0,0,,2517,
1644418416,B14,1,0,,2517,0,0,,2517,
1644418416,B11,1,0,,2517,0,0,,2517,
1644418416,cn12,1,0,,2517,0,0,,2517,
1644418416,B54,1,0,,2517,0,0,,2517,
1644418416,B51,1,0,,2517,0,0,,2517,
1644418416,os4,1,0,,2517,0,0,,2517,
1644418416,in4,1,0,,2517,0,0,,2517,
1644418416,B33,1,0,,2517,0,0,,2517,
1644418416,in27,1,0,,2518,0,0,,2518,
1644418416,B14,1,0,,2518,0,0,,2518,
1644418416,B11,1,0,,2518,0,0,,2518,
1644418416,cn12,1,0,,2518,0,0,,2518,
1644418416,B54,1,0,,2518,0,0,,2518,
1644418416,B51,1,0,,2518,0,0,,2518,
1644418416,os4,1,0,,2518,0,0,,2518,
1644418416,in4,1,0,,2518,0,0,,2518,
1644418416,B33,1,0,,2518,0,0,,2518,
1644418416,in27,1,0,,2519,0,0,,2519,
1644418416,B14,1,0,,2519,0,0,,2519,
1644418416,B11,1,0,,2519,0,0,,2519,
1644418416,cn12,1,0,,2519,0,0,,2519,
1644418416,B54,1,0,,2519,0,0,,2519,
1644418416,B51,1,0,,2519,0,0,,2519,
1644418416,os4,1,0,,2519,0,0,,2519,
1644418416,in4,1,0,,2519,0,0,,2519,
1644418416,B33,1,0,,2519,0,0,,2519,
1644418416,in27,1,0,,2520,0,0,,2520,
1644418416,B14,1,0,,2520,0,0,,2520,
1644418416,B11,1,0,,2520,0,0,,2520,
1644418416,cn12,1,0,,2520,0,0,,2520,
1644418416,B54,1,0,,2520,0,0,,2520,
1644418416,B51,1,0,,2520,0,0,,2520,
1644418416,os4,1,0,,2520,0,0,,2520,
1644418416,in4,1,0,,2520,0,0,,2520,
1644418416,B33,1,0,,2520,0,0,,2520,
1644418416,in27,1,0,,2521,0,0,,2521,
1644418416,B14,1,0,,2521,0,0,,2521,
1644418416,B11,1,0,,2521,0,0,,2521,
1644418416,cn12,1,0,,2521,0,0,,2521,
1644418416,B54,1,0,,2521,0,0,,2521,
1644418416,B51,1,0,,2521,0,0,,2521,
1644418416,os4,1,0,,2521,0,0,,2521,
1644418416,in4,1,0,,2521,0,0,,2521,
1644418416,B33,1,0,,2521,0,0,,2521,
1644418416,in27,1,0,,2522,0,0,,2522,
1644418416,B14,1,0,,2522,0,0,,2522,
1644418416,B11,1,0,,2522,0,0,,2522,
1644418416,cn12,1,0,,2522,0,0,,2522,
1644418416,B54,1,0,,2522,0,0,,2522,
1644418416,B51,1,0,,2522,0,0,,2522,
1644418416,os4,1,0,,2522,0,0,,2522,
1644418416,in4,1,0,,2522,0,0,,2522,
1644418416,B33,1,0,,2522,0,0,,2522,
1644418417,in27,1,0,,2523,0,0,,2523,
1644418417,B14,1,0,,2523,0,0,,2523,
1644418417,B11,1,0,,2523,0,0,,2523,
1644418417,cn12,1,0,,2523,0,0,,2523,
1644418417,B54,1,1,job934_scenario0_2483,2523,0,0,,2523,
1644418417,B51,1,0,,2523,0,0,,2523,
1644418417,os4,1,0,,2523,0,0,,2523,
1644418417,in4,1,0,,2523,0,0,,2523,
1644418417,B33,1,0,,2523,0,0,,2523,
1644418417,in27,1,0,,2524,0,0,,2524,
1644418417,B14,1,0,,2524,0,0,,2524,
1644418417,B11,1,0,,2524,0,0,,2524,
1644418417,cn12,1,0,,2524,0,0,,2524,
1644418417,B54,1,1,job934_scenario0_2483,2524,0,0,,2524,
1644418417,B51,1,0,,2524,0,0,,2524,
1644418417,os4,1,0,,2524,0,0,,2524,
1644418417,in4,1,0,,2524,0,0,,2524,
1644418417,B33,1,0,,2524,0,0,,2524,
1644418417,in27,1,0,,2525,0,0,,2525,
1644418417,B14,1,0,,2525,0,0,,2525,
1644418417,B11,1,0,,2525,0,0,,2525,
1644418417,cn12,1,0,,2525,0,0,,2525,
1644418417,B54,1,1,job934_scenario0_2483,2525,0,0,,2525,
1644418417,B51,1,0,,2525,0,0,,2525,
1644418417,os4,1,0,,2525,0,0,,2525,
1644418417,in4,1,0,,2525,0,0,,2525,
1644418417,B33,1,0,,2525,0,0,,2525,
1644418418,in27,1,0,,2526,0,0,,2526,
1644418418,B14,1,0,,2526,0,0,,2526,
1644418418,B11,1,1,job937_scenario3_2523,2526,0,0,,2526,
1644418418,cn12,1,0,,2526,0,0,,2526,
1644418418,B54,1,1,job934_scenario0_2483,2526,0,0,,2526,
1644418418,B51,1,0,,2526,0,0,,2526,
1644418418,os4,1,0,,2526,0,0,,2526,
1644418418,in4,1,0,,2526,0,0,,2526,
1644418418,B33,1,0,,2526,0,0,,2526,
1644418418,in27,1,0,,2527,0,0,,2527,
1644418418,B14,1,0,,2527,0,0,,2527,
1644418418,B11,1,1,job937_scenario3_2523,2527,0,0,,2527,
1644418418,cn12,1,0,,2527,0,0,,2527,
1644418418,B54,1,1,job934_scenario0_2483,2527,0,0,,2527,
1644418418,B51,1,0,,2527,0,0,,2527,
1644418418,os4,1,0,,2527,0,0,,2527,
1644418418,in4,1,0,,2527,0,0,,2527,
1644418418,B33,1,0,,2527,0,0,,2527,
1644418418,in27,1,0,,2528,0,0,,2528,
1644418418,B14,1,0,,2528,0,0,,2528,
1644418418,B11,1,1,job937_scenario3_2523,2528,0,0,,2528,
1644418418,cn12,1,0,,2528,0,0,,2528,
1644418418,B54,1,1,job934_scenario0_2483,2528,0,0,,2528,
1644418418,B51,1,0,,2528,0,0,,2528,
1644418418,os4,1,0,,2528,0,0,,2528,
1644418418,in4,1,0,,2528,0,0,,2528,
1644418418,B33,1,0,,2528,0,0,,2528,
1644418418,in27,1,0,,2529,0,0,,2529,
1644418418,B14,1,0,,2529,0,0,,2529,
1644418418,B11,1,1,job937_scenario3_2523,2529,0,0,,2529,
1644418418,cn12,1,0,,2529,0,0,,2529,
1644418418,B54,1,1,job934_scenario0_2483,2529,0,0,,2529,
1644418418,B51,1,0,,2529,0,0,,2529,
1644418418,os4,1,0,,2529,0,0,,2529,
1644418418,in4,1,0,,2529,0,0,,2529,
1644418418,B33,1,0,,2529,0,0,,2529,
1644418418,in27,1,0,,2530,0,0,,2530,
1644418418,B14,1,0,,2530,0,0,,2530,
1644418418,B11,1,0,,2530,0,0,,2530,
1644418418,cn12,1,0,,2530,0,0,,2530,
1644418418,B54,1,1,job934_scenario0_2483,2530,0,0,,2530,
1644418418,B51,1,0,,2530,0,0,,2530,
1644418418,os4,1,0,,2530,0,0,,2530,
1644418418,in4,1,0,,2530,0,0,,2530,
1644418418,B33,1,0,,2530,0,0,,2530,
1644418418,in27,1,0,,2531,0,0,,2531,
1644418418,B14,1,0,,2531,0,0,,2531,
1644418418,B11,1,0,,2531,0,0,,2531,
1644418418,cn12,1,0,,2531,0,0,,2531,
1644418418,B54,1,1,job934_scenario0_2483,2531,0,0,,2531,
1644418418,B51,1,0,,2531,0,0,,2531,
1644418418,os4,1,0,,2531,0,0,,2531,
1644418418,in4,1,0,,2531,0,0,,2531,
1644418418,B33,1,0,,2531,0,0,,2531,
1644418418,in27,1,0,,2532,0,0,,2532,
1644418418,B14,1,0,,2532,0,0,,2532,
1644418418,B11,1,0,,2532,0,0,,2532,
1644418418,cn12,1,0,,2532,0,0,,2532,
1644418418,B54,1,1,job934_scenario0_2483,2532,0,0,,2532,
1644418418,B51,1,0,,2532,0,0,,2532,
1644418418,os4,1,0,,2532,0,0,,2532,
1644418418,in4,1,0,,2532,0,0,,2532,
1644418418,B33,1,0,,2532,0,0,,2532,
1644418418,in27,1,0,,2533,0,0,,2533,
1644418418,B14,1,0,,2533,0,0,,2533,
1644418418,B11,1,0,,2533,0,0,,2533,
1644418418,cn12,1,0,,2533,0,0,,2533,
1644418418,B54,1,1,job934_scenario0_2483,2533,0,0,,2533,
1644418418,B51,1,0,,2533,0,0,,2533,
1644418418,os4,1,0,,2533,0,0,,2533,
1644418418,in4,1,0,,2533,0,0,,2533,
1644418418,B33,1,0,,2533,0,0,,2533,
1644418418,in27,1,0,,2534,0,0,,2534,
1644418418,B14,1,0,,2534,0,0,,2534,
1644418418,B11,1,0,,2534,0,0,,2534,
1644418418,cn12,1,0,,2534,0,0,,2534,
1644418418,B54,1,1,job934_scenario0_2483,2534,0,0,,2534,
1644418418,B51,1,0,,2534,0,0,,2534,
1644418418,os4,1,0,,2534,0,0,,2534,
1644418418,in4,1,0,,2534,0,0,,2534,
1644418418,B33,1,0,,2534,0,0,,2534,
1644418418,in27,1,0,,2535,0,0,,2535,
1644418418,B14,1,0,,2535,0,0,,2535,
1644418418,B11,1,0,,2535,0,0,,2535,
1644418418,cn12,1,0,,2535,0,0,,2535,
1644418418,B54,1,1,job934_scenario0_2483,2535,0,0,,2535,
1644418418,B51,1,0,,2535,0,0,,2535,
1644418418,os4,1,0,,2535,0,0,,2535,
1644418418,in4,1,0,,2535,0,0,,2535,
1644418418,B33,1,0,,2535,0,0,,2535,
1644418418,in27,1,0,,2536,0,0,,2536,
1644418418,B14,1,0,,2536,0,0,,2536,
1644418418,B11,1,0,,2536,0,0,,2536,
1644418418,cn12,1,0,,2536,0,0,,2536,
1644418418,B54,1,1,job934_scenario0_2483,2536,0,0,,2536,
1644418418,B51,1,0,,2536,0,0,,2536,
1644418418,os4,1,0,,2536,0,0,,2536,
1644418418,in4,1,0,,2536,0,0,,2536,
1644418418,B33,1,0,,2536,0,0,,2536,
1644418418,in27,1,0,,2537,0,0,,2537,
1644418418,B14,1,0,,2537,0,0,,2537,
1644418418,B11,1,0,,2537,0,0,,2537,
1644418418,cn12,1,0,,2537,0,0,,2537,
1644418418,B54,1,1,job934_scenario0_2483,2537,0,0,,2537,
1644418418,B51,1,0,,2537,0,0,,2537,
1644418418,os4,1,0,,2537,0,0,,2537,
1644418418,in4,1,0,,2537,0,0,,2537,
1644418418,B33,1,0,,2537,0,0,,2537,
1644418418,in27,1,0,,2538,0,0,,2538,
1644418418,B14,1,0,,2538,0,0,,2538,
1644418418,B11,1,0,,2538,0,0,,2538,
1644418418,cn12,1,0,,2538,0,0,,2538,
1644418418,B54,1,0,,2538,0,0,,2538,
1644418418,B51,1,0,,2538,0,0,,2538,
1644418418,os4,1,0,,2538,0,0,,2538,
1644418418,in4,1,0,,2538,0,0,,2538,
1644418418,B33,1,0,,2538,0,0,,2538,
1644418418,in27,1,0,,2539,0,0,,2539,
1644418418,B14,1,0,,2539,0,0,,2539,
1644418418,B11,1,0,,2539,0,0,,2539,
1644418418,cn12,1,0,,2539,0,0,,2539,
1644418418,B54,1,0,,2539,0,0,,2539,
1644418418,B51,1,0,,2539,0,0,,2539,
1644418418,os4,1,0,,2539,0,0,,2539,
1644418418,in4,1,0,,2539,0,0,,2539,
1644418418,B33,1,0,,2539,0,0,,2539,
1644418418,in27,1,0,,2540,0,0,,2540,
1644418418,B14,1,0,,2540,0,0,,2540,
1644418418,B11,1,0,,2540,0,0,,2540,
1644418418,cn12,1,0,,2540,0,0,,2540,
1644418418,B54,1,0,,2540,0,0,,2540,
1644418418,B51,1,0,,2540,0,0,,2540,
1644418418,os4,1,0,,2540,0,0,,2540,
1644418418,in4,1,0,,2540,0,0,,2540,
1644418418,B33,1,0,,2540,0,0,,2540,
1644418418,in27,1,0,,2541,0,0,,2541,
1644418418,B14,1,0,,2541,0,0,,2541,
1644418418,B11,1,0,,2541,0,0,,2541,
1644418418,cn12,1,0,,2541,0,0,,2541,
1644418418,B54,1,0,,2541,0,0,,2541,
1644418418,B51,1,0,,2541,0,0,,2541,
1644418418,os4,1,0,,2541,0,0,,2541,
1644418418,in4,1,0,,2541,0,0,,2541,
1644418418,B33,1,0,,2541,0,0,,2541,
1644418418,in27,1,0,,2542,0,0,,2542,
1644418418,B14,1,0,,2542,0,0,,2542,
1644418418,B11,1,0,,2542,0,0,,2542,
1644418418,cn12,1,0,,2542,0,0,,2542,
1644418418,B54,1,0,,2542,0,0,,2542,
1644418418,B51,1,0,,2542,0,0,,2542,
1644418418,os4,1,0,,2542,0,0,,2542,
1644418418,in4,1,0,,2542,0,0,,2542,
1644418418,B33,1,0,,2542,0,0,,2542,
1644418418,in27,1,0,,2543,0,0,,2543,
1644418418,B14,1,0,,2543,0,0,,2543,
1644418418,B11,1,0,,2543,0,0,,2543,
1644418418,cn12,1,0,,2543,0,0,,2543,
1644418418,B54,1,0,,2543,0,0,,2543,
1644418418,B51,1,0,,2543,0,0,,2543,
1644418418,os4,1,0,,2543,0,0,,2543,
1644418418,in4,1,0,,2543,0,0,,2543,
1644418418,B33,1,0,,2543,0,0,,2543,
1644418418,in27,1,0,,2544,0,0,,2544,
1644418418,B14,1,0,,2544,0,0,,2544,
1644418418,B11,1,0,,2544,0,0,,2544,
1644418418,cn12,1,0,,2544,0,0,,2544,
1644418418,B54,1,0,,2544,0,0,,2544,
1644418418,B51,1,0,,2544,0,0,,2544,
1644418418,os4,1,0,,2544,0,0,,2544,
1644418418,in4,1,0,,2544,0,0,,2544,
1644418418,B33,1,0,,2544,0,0,,2544,
1644418418,in27,1,0,,2545,0,0,,2545,
1644418418,B14,1,0,,2545,0,0,,2545,
1644418418,B11,1,0,,2545,0,0,,2545,
1644418418,cn12,1,0,,2545,0,0,,2545,
1644418418,B54,1,0,,2545,0,0,,2545,
1644418418,B51,1,0,,2545,0,0,,2545,
1644418418,os4,1,0,,2545,0,0,,2545,
1644418418,in4,1,0,,2545,0,0,,2545,
1644418418,B33,1,0,,2545,0,0,,2545,
1644418418,in27,1,0,,2546,0,0,,2546,
1644418418,B14,1,0,,2546,0,0,,2546,
1644418418,B11,1,0,,2546,0,0,,2546,
1644418418,cn12,1,0,,2546,0,0,,2546,
1644418418,B54,1,0,,2546,0,0,,2546,
1644418418,B51,1,0,,2546,0,0,,2546,
1644418418,os4,1,0,,2546,0,0,,2546,
1644418418,in4,1,0,,2546,0,0,,2546,
1644418418,B33,1,0,,2546,0,0,,2546,
1644418418,in27,1,0,,2547,0,0,,2547,
1644418418,B14,1,0,,2547,0,0,,2547,
1644418418,B11,1,0,,2547,0,0,,2547,
1644418418,cn12,1,0,,2547,0,0,,2547,
1644418418,B54,1,0,,2547,0,0,,2547,
1644418419,B51,1,0,,2547,0,0,,2547,
1644418419,os4,1,0,,2547,0,0,,2547,
1644418419,in4,1,0,,2547,0,0,,2547,
1644418419,B33,1,0,,2547,0,0,,2547,
1644418419,in27,1,0,,2548,0,0,,2548,
1644418419,B14,1,0,,2548,0,0,,2548,
1644418419,B11,1,0,,2548,0,0,,2548,
1644418419,cn12,1,0,,2548,0,0,,2548,
1644418419,B54,1,0,,2548,0,0,,2548,
1644418419,B51,1,0,,2548,0,0,,2548,
1644418419,os4,1,0,,2548,0,0,,2548,
1644418419,in4,1,0,,2548,0,0,,2548,
1644418419,B33,1,1,job940_scenario2_2547,2548,0,0,,2548,
1644418419,in27,1,0,,2549,0,0,,2549,
1644418419,B14,1,0,,2549,0,0,,2549,
1644418419,B11,1,0,,2549,0,0,,2549,
1644418419,cn12,1,0,,2549,0,0,,2549,
1644418419,B54,1,0,,2549,0,0,,2549,
1644418419,B51,1,0,,2549,0,0,,2549,
1644418419,os4,1,0,,2549,0,0,,2549,
1644418419,in4,1,0,,2549,0,0,,2549,
1644418419,B33,1,1,job940_scenario2_2547,2549,0,0,,2549,
1644418419,in27,1,0,,2550,0,0,,2550,
1644418419,B14,1,0,,2550,0,0,,2550,
1644418419,B11,1,0,,2550,0,0,,2550,
1644418419,cn12,1,0,,2550,0,0,,2550,
1644418419,B54,1,0,,2550,0,0,,2550,
1644418419,B51,1,0,,2550,0,0,,2550,
1644418419,os4,1,0,,2550,0,0,,2550,
1644418419,in4,1,0,,2550,0,0,,2550,
1644418419,B33,1,1,job940_scenario2_2547,2550,0,0,,2550,
1644418419,in27,1,0,,2551,0,0,,2551,
1644418419,B14,1,0,,2551,0,0,,2551,
1644418419,B11,1,0,,2551,0,0,,2551,
1644418419,cn12,1,0,,2551,0,0,,2551,
1644418419,B54,1,0,,2551,0,0,,2551,
1644418419,B51,1,0,,2551,0,0,,2551,
1644418419,os4,1,0,,2551,0,0,,2551,
1644418419,in4,1,0,,2551,0,0,,2551,
1644418419,B33,1,0,,2551,0,0,,2551,
1644418419,in27,1,0,,2552,0,0,,2552,
1644418419,B14,1,0,,2552,0,0,,2552,
1644418419,B11,1,0,,2552,0,0,,2552,
1644418419,cn12,1,0,,2552,0,0,,2552,
1644418419,B54,1,0,,2552,0,0,,2552,
1644418419,B51,1,0,,2552,0,0,,2552,
1644418419,os4,1,0,,2552,0,0,,2552,
1644418419,in4,1,0,,2552,0,0,,2552,
1644418419,B33,1,0,,2552,0,0,,2552,
1644418419,in27,1,0,,2553,0,0,,2553,
1644418419,B14,1,0,,2553,0,0,,2553,
1644418419,B11,1,0,,2553,0,0,,2553,
1644418419,cn12,1,0,,2553,0,0,,2553,
1644418419,B54,1,0,,2553,0,0,,2553,
1644418419,B51,1,0,,2553,0,0,,2553,
1644418419,os4,1,0,,2553,0,0,,2553,
1644418419,in4,1,0,,2553,0,0,,2553,
1644418419,B33,1,0,,2553,0,0,,2553,
1644418419,in27,1,0,,2554,0,0,,2554,
1644418419,B14,1,0,,2554,0,0,,2554,
1644418419,B11,1,0,,2554,0,0,,2554,
1644418419,cn12,1,0,,2554,0,0,,2554,
1644418419,B54,1,0,,2554,0,0,,2554,
1644418419,B51,1,0,,2554,0,0,,2554,
1644418419,os4,1,0,,2554,0,0,,2554,
1644418419,in4,1,0,,2554,0,0,,2554,
1644418419,B33,1,0,,2554,0,0,,2554,
1644418419,in27,1,0,,2555,0,0,,2555,
1644418419,B14,1,0,,2555,0,0,,2555,
1644418419,B11,1,0,,2555,0,0,,2555,
1644418419,cn12,1,0,,2555,0,0,,2555,
1644418419,B54,1,0,,2555,0,0,,2555,
1644418419,B51,1,0,,2555,0,0,,2555,
1644418419,os4,1,0,,2555,0,0,,2555,
1644418419,in4,1,0,,2555,0,0,,2555,
1644418419,B33,1,0,,2555,0,0,,2555,
1644418419,in27,1,0,,2556,0,0,,2556,
1644418419,B14,1,0,,2556,0,0,,2556,
1644418419,B11,1,0,,2556,0,0,,2556,
1644418419,cn12,1,0,,2556,0,0,,2556,
1644418419,B54,1,0,,2556,0,0,,2556,
1644418419,B51,1,0,,2556,0,0,,2556,
1644418419,os4,1,0,,2556,0,0,,2556,
1644418419,in4,1,0,,2556,0,0,,2556,
1644418419,B33,1,0,,2556,0,0,,2556,
1644418419,in27,1,0,,2557,0,0,,2557,
1644418419,B14,1,0,,2557,0,0,,2557,
1644418419,B11,1,0,,2557,0,0,,2557,
1644418419,cn12,1,0,,2557,0,0,,2557,
1644418419,B54,1,0,,2557,0,0,,2557,
1644418419,B51,1,0,,2557,0,0,,2557,
1644418419,os4,1,0,,2557,0,0,,2557,
1644418419,in4,1,0,,2557,0,0,,2557,
1644418419,B33,1,0,,2557,0,0,,2557,
1644418419,in27,1,0,,2558,0,0,,2558,
1644418419,B14,1,0,,2558,0,0,,2558,
1644418419,B11,1,0,,2558,0,0,,2558,
1644418419,cn12,1,0,,2558,0,0,,2558,
1644418419,B54,1,0,,2558,0,0,,2558,
1644418419,B51,1,0,,2558,0,0,,2558,
1644418419,os4,1,0,,2558,0,0,,2558,
1644418419,in4,1,0,,2558,0,0,,2558,
1644418419,B33,1,0,,2558,0,0,,2558,
1644418419,in27,1,0,,2559,0,0,,2559,
1644418419,B14,1,0,,2559,0,0,,2559,
1644418419,B11,1,0,,2559,0,0,,2559,
1644418419,cn12,1,0,,2559,0,0,,2559,
1644418419,B54,1,0,,2559,0,0,,2559,
1644418419,B51,1,0,,2559,0,0,,2559,
1644418420,os4,1,0,,2559,0,0,,2559,
1644418420,in4,1,0,,2559,0,0,,2559,
1644418420,B33,1,0,,2559,0,0,,2559,
1644418420,in27,1,0,,2560,0,0,,2560,
1644418420,B14,1,0,,2560,0,0,,2560,
1644418420,B11,1,0,,2560,0,0,,2560,
1644418420,cn12,1,0,,2560,0,0,,2560,
1644418420,B54,1,0,,2560,0,0,,2560,
1644418420,B51,1,0,,2560,0,0,,2560,
1644418420,os4,1,0,,2560,0,0,,2560,
1644418420,in4,1,0,,2560,0,0,,2560,
1644418420,B33,1,0,,2560,0,0,,2560,
1644418420,in27,1,0,,2561,0,0,,2561,
1644418420,B14,1,0,,2561,0,0,,2561,
1644418420,B11,1,0,,2561,0,0,,2561,
1644418420,cn12,1,0,,2561,0,0,,2561,
1644418420,B54,1,0,,2561,0,0,,2561,
1644418420,B51,1,0,,2561,0,0,,2561,
1644418420,os4,1,0,,2561,0,0,,2561,
1644418420,in4,1,0,,2561,0,0,,2561,
1644418420,B33,1,0,,2561,0,0,,2561,
1644418420,in27,1,0,,2562,0,0,,2562,
1644418420,B14,1,0,,2562,0,0,,2562,
1644418420,B11,1,0,,2562,0,0,,2562,
1644418420,cn12,1,0,,2562,0,0,,2562,
1644418420,B54,1,0,,2562,0,0,,2562,
1644418420,B51,1,0,,2562,0,0,,2562,
1644418420,os4,1,0,,2562,0,0,,2562,
1644418420,in4,1,0,,2562,0,0,,2562,
1644418420,B33,1,0,,2562,0,0,,2562,
1644418420,in27,1,0,,2563,0,0,,2563,
1644418420,B14,1,0,,2563,0,0,,2563,
1644418420,B11,1,0,,2563,0,0,,2563,
1644418420,cn12,1,0,,2563,0,0,,2563,
1644418420,B54,1,0,,2563,0,0,,2563,
1644418420,B51,1,0,,2563,0,0,,2563,
1644418420,os4,1,0,,2563,0,0,,2563,
1644418420,in4,1,0,,2563,0,0,,2563,
1644418420,B33,1,0,,2563,0,0,,2563,
1644418420,in27,1,0,,2564,0,0,,2564,
1644418420,B14,1,0,,2564,0,0,,2564,
1644418420,B11,1,0,,2564,0,0,,2564,
1644418420,cn12,1,0,,2564,0,0,,2564,
1644418420,B54,1,0,,2564,0,0,,2564,
1644418420,B51,1,0,,2564,0,0,,2564,
1644418420,os4,1,0,,2564,0,0,,2564,
1644418420,in4,1,0,,2564,0,0,,2564,
1644418420,B33,1,0,,2564,0,0,,2564,
1644418420,in27,1,0,,2565,0,0,,2565,
1644418420,B14,1,0,,2565,0,0,,2565,
1644418420,B11,1,0,,2565,0,0,,2565,
1644418420,cn12,1,0,,2565,0,0,,2565,
1644418420,B54,1,0,,2565,0,0,,2565,
1644418420,B51,1,0,,2565,0,0,,2565,
1644418420,os4,1,0,,2565,0,0,,2565,
1644418420,in4,1,0,,2565,0,0,,2565,
1644418420,B33,1,0,,2565,0,0,,2565,
1644418420,in27,1,0,,2566,0,0,,2566,
1644418420,B14,1,0,,2566,0,0,,2566,
1644418420,B11,1,0,,2566,0,0,,2566,
1644418420,cn12,1,0,,2566,0,0,,2566,
1644418420,B54,1,0,,2566,0,0,,2566,
1644418420,B51,1,0,,2566,0,0,,2566,
1644418420,os4,1,0,,2566,0,0,,2566,
1644418420,in4,1,0,,2566,0,0,,2566,
1644418420,B33,1,0,,2566,0,0,,2566,
1644418420,in27,1,0,,2567,0,0,,2567,
1644418420,B14,1,0,,2567,0,0,,2567,
1644418420,B11,1,0,,2567,0,0,,2567,
1644418420,cn12,1,0,,2567,0,0,,2567,
1644418420,B54,1,0,,2567,0,0,,2567,
1644418420,B51,1,0,,2567,0,0,,2567,
1644418420,os4,1,0,,2567,0,0,,2567,
1644418420,in4,1,0,,2567,0,0,,2567,
1644418420,B33,1,0,,2567,0,0,,2567,
1644418420,in27,1,0,,2568,0,0,,2568,
1644418420,B14,1,0,,2568,0,0,,2568,
1644418420,B11,1,0,,2568,0,0,,2568,
1644418420,cn12,1,0,,2568,0,0,,2568,
1644418420,B54,1,0,,2568,0,0,,2568,
1644418420,B51,1,0,,2568,0,0,,2568,
1644418420,os4,1,0,,2568,0,0,,2568,
1644418420,in4,1,0,,2568,0,0,,2568,
1644418420,B33,1,0,,2568,0,0,,2568,
1644418420,in27,1,0,,2569,0,0,,2569,
1644418420,B14,1,0,,2569,0,0,,2569,
1644418420,B11,1,0,,2569,0,0,,2569,
1644418420,cn12,1,0,,2569,0,0,,2569,
1644418420,B54,1,0,,2569,0,0,,2569,
1644418420,B51,1,0,,2569,0,0,,2569,
1644418420,os4,1,0,,2569,0,0,,2569,
1644418420,in4,1,0,,2569,0,0,,2569,
1644418420,B33,1,0,,2569,0,0,,2569,
1644418421,in27,1,0,,2570,0,0,,2570,
1644418421,B14,1,0,,2570,0,0,,2570,
1644418421,B11,1,0,,2570,0,0,,2570,
1644418421,cn12,1,0,,2570,0,0,,2570,
1644418421,B54,1,1,job938_scenario1_2530,2570,0,0,,2570,
1644418421,B51,1,0,,2570,0,0,,2570,
1644418421,os4,1,0,,2570,0,0,,2570,
1644418421,in4,1,0,,2570,0,0,,2570,
1644418421,B33,1,0,,2570,0,0,,2570,
1644418421,in27,1,0,,2571,0,0,,2571,
1644418421,B14,1,0,,2571,0,0,,2571,
1644418421,B11,1,0,,2571,0,0,,2571,
1644418421,cn12,1,0,,2571,0,0,,2571,
1644418421,B54,1,1,job938_scenario1_2530,2571,0,0,,2571,
1644418421,B51,1,0,,2571,0,0,,2571,
1644418421,os4,1,0,,2571,0,0,,2571,
1644418421,in4,1,0,,2571,0,0,,2571,
1644418421,B33,1,0,,2571,0,0,,2571,
1644418421,in27,1,0,,2572,0,0,,2572,
1644418421,B14,1,0,,2572,0,0,,2572,
1644418421,B11,1,0,,2572,0,0,,2572,
1644418421,cn12,1,0,,2572,0,0,,2572,
1644418421,B54,1,1,job938_scenario1_2530,2572,0,0,,2572,
1644418421,B51,1,0,,2572,0,0,,2572,
1644418421,os4,1,0,,2572,0,0,,2572,
1644418421,in4,1,0,,2572,0,0,,2572,
1644418421,B33,1,0,,2572,0,0,,2572,
1644418421,in27,1,0,,2573,0,0,,2573,
1644418421,B14,1,0,,2573,0,0,,2573,
1644418421,B11,1,0,,2573,0,0,,2573,
1644418421,cn12,1,0,,2573,0,0,,2573,
1644418421,B54,1,1,job938_scenario1_2530,2573,0,0,,2573,
1644418421,B51,1,0,,2573,0,0,,2573,
1644418421,os4,1,0,,2573,0,0,,2573,
1644418421,in4,1,0,,2573,0,0,,2573,
1644418421,B33,1,0,,2573,0,0,,2573,
1644418421,in27,1,0,,2574,0,0,,2574,
1644418421,B14,1,0,,2574,0,0,,2574,
1644418421,B11,1,0,,2574,0,0,,2574,
1644418421,cn12,1,0,,2574,0,0,,2574,
1644418421,B54,1,1,job938_scenario1_2530,2574,0,0,,2574,
1644418421,B51,1,0,,2574,0,0,,2574,
1644418421,os4,1,0,,2574,0,0,,2574,
1644418421,in4,1,0,,2574,0,0,,2574,
1644418421,B33,1,0,,2574,0,0,,2574,
1644418421,in27,1,0,,2575,0,0,,2575,
1644418421,B14,1,0,,2575,0,0,,2575,
1644418421,B11,1,0,,2575,0,0,,2575,
1644418421,cn12,1,0,,2575,0,0,,2575,
1644418421,B54,1,1,job938_scenario1_2530,2575,0,0,,2575,
1644418421,B51,1,0,,2575,0,0,,2575,
1644418421,os4,1,0,,2575,0,0,,2575,
1644418421,in4,1,0,,2575,0,0,,2575,
1644418421,B33,1,0,,2575,0,0,,2575,
1644418422,in27,1,0,,2576,0,0,,2576,
1644418422,B14,1,0,,2576,0,0,,2576,
1644418422,B11,1,0,,2576,0,0,,2576,
1644418422,cn12,1,0,,2576,0,0,,2576,
1644418422,B54,1,1,job938_scenario1_2530,2576,0,0,,2576,
1644418422,B51,1,0,,2576,0,0,,2576,
1644418422,os4,1,0,,2576,0,0,,2576,
1644418422,in4,1,0,,2576,0,0,,2576,
1644418422,B33,1,0,,2576,0,0,,2576,
1644418422,in27,1,0,,2577,0,0,,2577,
1644418422,B14,1,0,,2577,0,0,,2577,
1644418422,B11,1,0,,2577,0,0,,2577,
1644418422,cn12,1,0,,2577,0,0,,2577,
1644418422,B54,1,0,,2577,0,0,,2577,
1644418422,B51,1,0,,2577,0,0,,2577,
1644418422,os4,1,0,,2577,0,0,,2577,
1644418422,in4,1,0,,2577,0,0,,2577,
1644418422,B33,1,0,,2577,0,0,,2577,
1644418422,in27,1,0,,2578,0,0,,2578,
1644418422,B14,1,0,,2578,0,0,,2578,
1644418422,B11,1,0,,2578,0,0,,2578,
1644418422,cn12,1,0,,2578,0,0,,2578,
1644418422,B54,1,0,,2578,0,0,,2578,
1644418422,B51,1,0,,2578,0,0,,2578,
1644418422,os4,1,0,,2578,0,0,,2578,
1644418422,in4,1,0,,2578,0,0,,2578,
1644418422,B33,1,0,,2578,0,0,,2578,
1644418422,in27,1,0,,2579,0,0,,2579,
1644418422,B14,1,0,,2579,0,0,,2579,
1644418422,B11,1,1,job944_scenario3_2576,2579,0,0,,2579,
1644418422,cn12,1,0,,2579,0,0,,2579,
1644418422,B54,1,0,,2579,0,0,,2579,
1644418422,B51,1,0,,2579,0,0,,2579,
1644418422,os4,1,0,,2579,0,0,,2579,
1644418422,in4,1,0,,2579,0,0,,2579,
1644418422,B33,1,0,,2579,0,0,,2579,
1644418422,in27,1,0,,2580,0,0,,2580,
1644418422,B14,1,0,,2580,0,0,,2580,
1644418422,B11,1,1,job944_scenario3_2576,2580,0,0,,2580,
1644418422,cn12,1,0,,2580,0,0,,2580,
1644418422,B54,1,0,,2580,0,0,,2580,
1644418422,B51,1,0,,2580,0,0,,2580,
1644418422,os4,1,0,,2580,0,0,,2580,
1644418422,in4,1,0,,2580,0,0,,2580,
1644418422,B33,1,0,,2580,0,0,,2580,
1644418422,in27,1,0,,2581,0,0,,2581,
1644418422,B14,1,0,,2581,0,0,,2581,
1644418422,B11,1,1,job944_scenario3_2576,2581,0,0,,2581,
1644418423,cn12,1,0,,2581,0,0,,2581,
1644418423,B54,1,0,,2581,0,0,,2581,
1644418423,B51,1,0,,2581,0,0,,2581,
1644418423,os4,1,0,,2581,0,0,,2581,
1644418423,in4,1,0,,2581,0,0,,2581,
1644418423,B33,1,0,,2581,0,0,,2581,
1644418423,in27,1,0,,2582,0,0,,2582,
1644418423,B14,1,0,,2582,0,0,,2582,
1644418423,B11,1,1,job944_scenario3_2576,2582,0,0,,2582,
1644418423,cn12,1,0,,2582,0,0,,2582,
1644418423,B54,1,0,,2582,0,0,,2582,
1644418423,B51,1,0,,2582,0,0,,2582,
1644418423,os4,1,0,,2582,0,0,,2582,
1644418423,in4,1,0,,2582,0,0,,2582,
1644418423,B33,1,0,,2582,0,0,,2582,
1644418423,in27,1,0,,2583,0,0,,2583,
1644418423,B14,1,0,,2583,0,0,,2583,
1644418423,B11,1,0,,2583,0,0,,2583,
1644418423,cn12,1,0,,2583,0,0,,2583,
1644418423,B54,1,0,,2583,0,0,,2583,
1644418423,B51,1,0,,2583,0,0,,2583,
1644418423,os4,1,0,,2583,0,0,,2583,
1644418423,in4,1,0,,2583,0,0,,2583,
1644418423,B33,1,0,,2583,0,0,,2583,
1644418423,in27,1,0,,2584,0,0,,2584,
1644418423,B14,1,0,,2584,0,0,,2584,
1644418423,B11,1,0,,2584,0,0,,2584,
1644418423,cn12,1,0,,2584,0,0,,2584,
1644418423,B54,1,0,,2584,0,0,,2584,
1644418423,B51,1,0,,2584,0,0,,2584,
1644418423,os4,1,0,,2584,0,0,,2584,
1644418423,in4,1,0,,2584,0,0,,2584,
1644418423,B33,1,0,,2584,0,0,,2584,
1644418423,in27,1,0,,2585,0,0,,2585,
1644418423,B14,1,0,,2585,0,0,,2585,
1644418423,B11,1,0,,2585,0,0,,2585,
1644418423,cn12,1,0,,2585,0,0,,2585,
1644418423,B54,1,0,,2585,0,0,,2585,
1644418423,B51,1,0,,2585,0,0,,2585,
1644418423,os4,1,0,,2585,0,0,,2585,
1644418423,in4,1,0,,2585,0,0,,2585,
1644418423,B33,1,0,,2585,0,0,,2585,
1644418423,in27,1,0,,2586,0,0,,2586,
1644418423,B14,1,0,,2586,0,0,,2586,
1644418423,B11,1,0,,2586,0,0,,2586,
1644418423,cn12,1,0,,2586,0,0,,2586,
1644418423,B54,1,0,,2586,0,0,,2586,
1644418423,B51,1,0,,2586,0,0,,2586,
1644418423,os4,1,0,,2586,0,0,,2586,
1644418423,in4,1,0,,2586,0,0,,2586,
1644418423,B33,1,0,,2586,0,0,,2586,
1644418423,in27,1,0,,2587,0,0,,2587,
1644418423,B14,1,0,,2587,0,0,,2587,
1644418423,B11,1,0,,2587,0,0,,2587,
1644418423,cn12,1,0,,2587,0,0,,2587,
1644418423,B54,1,0,,2587,0,0,,2587,
1644418423,B51,1,0,,2587,0,0,,2587,
1644418423,os4,1,0,,2587,0,0,,2587,
1644418423,in4,1,0,,2587,0,0,,2587,
1644418423,B33,1,0,,2587,0,0,,2587,
1644418423,in27,1,0,,2588,0,0,,2588,
1644418423,B14,1,0,,2588,0,0,,2588,
1644418423,B11,1,0,,2588,0,0,,2588,
1644418423,cn12,1,0,,2588,0,0,,2588,
1644418423,B54,1,0,,2588,0,0,,2588,
1644418423,B51,1,0,,2588,0,0,,2588,
1644418423,os4,1,0,,2588,0,0,,2588,
1644418423,in4,1,0,,2588,0,0,,2588,
1644418423,B33,1,0,,2588,0,0,,2588,
1644418424,in27,1,0,,2589,0,0,,2589,
1644418424,B14,1,0,,2589,0,0,,2589,
1644418424,B11,1,0,,2589,0,0,,2589,
1644418424,cn12,1,0,,2589,0,0,,2589,
1644418424,B54,1,0,,2589,0,0,,2589,
1644418424,B51,1,0,,2589,0,0,,2589,
1644418424,os4,1,0,,2589,0,0,,2589,
1644418424,in4,1,0,,2589,0,0,,2589,
1644418424,B33,1,0,,2589,0,0,,2589,
1644418424,in27,1,0,,2590,0,0,,2590,
1644418424,B14,1,0,,2590,0,0,,2590,
1644418424,B11,1,0,,2590,0,0,,2590,
1644418424,cn12,1,0,,2590,0,0,,2590,
1644418424,B54,1,0,,2590,0,0,,2590,
1644418424,B51,1,0,,2590,0,0,,2590,
1644418424,os4,1,0,,2590,0,0,,2590,
1644418424,in4,1,0,,2590,0,0,,2590,
1644418424,B33,1,0,,2590,0,0,,2590,
1644418424,in27,1,0,,2591,0,0,,2591,
1644418424,B14,1,0,,2591,0,0,,2591,
1644418424,B11,1,0,,2591,0,0,,2591,
1644418424,cn12,1,0,,2591,0,0,,2591,
1644418424,B54,1,0,,2591,0,0,,2591,
1644418424,B51,1,0,,2591,0,0,,2591,
1644418424,os4,1,0,,2591,0,0,,2591,
1644418424,in4,1,0,,2591,0,0,,2591,
1644418424,B33,1,0,,2591,0,0,,2591,
1644418424,in27,1,0,,2592,0,0,,2592,
1644418424,B14,1,0,,2592,0,0,,2592,
1644418424,B11,1,0,,2592,0,0,,2592,
1644418424,cn12,1,0,,2592,0,0,,2592,
1644418424,B54,1,0,,2592,0,0,,2592,
1644418424,B51,1,0,,2592,0,0,,2592,
1644418424,os4,1,0,,2592,0,0,,2592,
1644418424,in4,1,0,,2592,0,0,,2592,
1644418424,B33,1,0,,2592,0,0,,2592,
1644418424,in27,1,0,,2593,0,0,,2593,
1644418424,B14,1,0,,2593,0,0,,2593,
1644418424,B11,1,0,,2593,0,0,,2593,
1644418424,cn12,1,0,,2593,0,0,,2593,
1644418424,B54,1,0,,2593,0,0,,2593,
1644418424,B51,1,0,,2593,0,0,,2593,
1644418424,os4,1,0,,2593,0,0,,2593,
1644418424,in4,1,0,,2593,0,0,,2593,
1644418424,B33,1,0,,2593,0,0,,2593,
1644418424,in27,1,0,,2594,0,0,,2594,
1644418424,B14,1,0,,2594,0,0,,2594,
1644418424,B11,1,0,,2594,0,0,,2594,
1644418424,cn12,1,0,,2594,0,0,,2594,
1644418424,B54,1,0,,2594,0,0,,2594,
1644418424,B51,1,0,,2594,0,0,,2594,
1644418424,os4,1,0,,2594,0,0,,2594,
1644418424,in4,1,0,,2594,0,0,,2594,
1644418424,B33,1,0,,2594,0,0,,2594,
1644418425,in27,1,0,,2595,0,0,,2595,
1644418425,B14,1,0,,2595,0,0,,2595,
1644418425,B11,1,0,,2595,0,0,,2595,
1644418425,cn12,1,0,,2595,0,0,,2595,
1644418425,B54,1,0,,2595,0,0,,2595,
1644418425,B51,1,0,,2595,0,0,,2595,
1644418425,os4,1,0,,2595,0,0,,2595,
1644418425,in4,1,0,,2595,0,0,,2595,
1644418425,B33,1,0,,2595,0,0,,2595,
1644418425,in27,1,0,,2596,0,0,,2596,
1644418425,B14,1,0,,2596,0,0,,2596,
1644418425,B11,1,0,,2596,0,0,,2596,
1644418425,cn12,1,0,,2596,0,0,,2596,
1644418425,B54,1,0,,2596,0,0,,2596,
1644418425,B51,1,0,,2596,0,0,,2596,
1644418425,os4,1,0,,2596,0,0,,2596,
1644418425,in4,1,0,,2596,0,0,,2596,
1644418425,B33,1,0,,2596,0,0,,2596,
1644418425,in27,1,0,,2597,0,0,,2597,
1644418425,B14,1,0,,2597,0,0,,2597,
1644418425,B11,1,0,,2597,0,0,,2597,
1644418425,cn12,1,0,,2597,0,0,,2597,
1644418425,B54,1,0,,2597,0,0,,2597,
1644418425,B51,1,0,,2597,0,0,,2597,
1644418425,os4,1,0,,2597,0,0,,2597,
1644418425,in4,1,0,,2597,0,0,,2597,
1644418425,B33,1,0,,2597,0,0,,2597,
1644418425,in27,1,0,,2598,0,0,,2598,
1644418425,B14,1,0,,2598,0,0,,2598,
1644418425,B11,1,0,,2598,0,0,,2598,
1644418425,cn12,1,0,,2598,0,0,,2598,
1644418425,B54,1,0,,2598,0,0,,2598,
1644418425,B51,1,0,,2598,0,0,,2598,
1644418425,os4,1,0,,2598,0,0,,2598,
1644418425,in4,1,0,,2598,0,0,,2598,
1644418425,B33,1,0,,2598,0,0,,2598,
1644418425,in27,1,0,,2599,0,0,,2599,
1644418425,B14,1,0,,2599,0,0,,2599,
1644418425,B11,1,0,,2599,0,0,,2599,
1644418425,cn12,1,0,,2599,0,0,,2599,
1644418425,B54,1,0,,2599,0,0,,2599,
1644418425,B51,1,0,,2599,0,0,,2599,
1644418425,os4,1,0,,2599,0,0,,2599,
1644418425,in4,1,0,,2599,0,0,,2599,
1644418425,B33,1,0,,2599,0,0,,2599,
1644418426,in27,1,0,,2600,0,0,,2600,
1644418426,B14,1,0,,2600,0,0,,2600,
1644418426,B11,1,0,,2600,0,0,,2600,
1644418426,cn12,1,0,,2600,0,0,,2600,
1644418426,B54,1,1,job950_scenario1_2598,2600,0,0,,2600,
1644418426,B51,1,0,,2600,0,0,,2600,
1644418426,os4,1,0,,2600,0,0,,2600,
1644418426,in4,1,0,,2600,0,0,,2600,
1644418426,B33,1,0,,2600,0,0,,2600,
1644418426,in27,1,0,,2601,0,0,,2601,
1644418426,B14,1,0,,2601,0,0,,2601,
1644418426,B11,1,0,,2601,0,0,,2601,
1644418426,cn12,1,0,,2601,0,0,,2601,
1644418426,B54,1,1,job950_scenario1_2598,2601,0,0,,2601,
1644418426,B51,1,0,,2601,0,0,,2601,
1644418426,os4,1,0,,2601,0,0,,2601,
1644418426,in4,1,0,,2601,0,0,,2601,
1644418426,B33,1,0,,2601,0,0,,2601,
1644418426,in27,1,0,,2602,0,0,,2602,
1644418426,B14,1,0,,2602,0,0,,2602,
1644418426,B11,1,0,,2602,0,0,,2602,
1644418426,cn12,1,0,,2602,0,0,,2602,
1644418426,B54,1,1,job950_scenario1_2598,2602,0,0,,2602,
1644418426,B51,1,0,,2602,0,0,,2602,
1644418426,os4,1,0,,2602,0,0,,2602,
1644418426,in4,1,0,,2602,0,0,,2602,
1644418426,B33,1,0,,2602,0,0,,2602,
1644418426,in27,1,0,,2603,0,0,,2603,
1644418426,B14,1,0,,2603,0,0,,2603,
1644418426,B11,1,0,,2603,0,0,,2603,
1644418426,cn12,1,0,,2603,0,0,,2603,
1644418426,B54,1,1,job950_scenario1_2598,2603,0,0,,2603,
1644418426,B51,1,0,,2603,0,0,,2603,
1644418426,os4,1,0,,2603,0,0,,2603,
1644418426,in4,1,0,,2603,0,0,,2603,
1644418426,B33,1,0,,2603,0,0,,2603,
1644418426,in27,1,0,,2604,0,0,,2604,
1644418426,B14,1,0,,2604,0,0,,2604,
1644418426,B11,1,0,,2604,0,0,,2604,
1644418426,cn12,1,0,,2604,0,0,,2604,
1644418426,B54,1,0,,2604,0,0,,2604,
1644418426,B51,1,0,,2604,0,0,,2604,
1644418426,os4,1,0,,2604,0,0,,2604,
1644418426,in4,1,0,,2604,0,0,,2604,
1644418426,B33,1,0,,2604,0,0,,2604,
1644418426,in27,1,0,,2605,0,0,,2605,
1644418426,B14,1,0,,2605,0,0,,2605,
1644418426,B11,1,0,,2605,0,0,,2605,
1644418426,cn12,1,0,,2605,0,0,,2605,
1644418426,B54,1,0,,2605,0,0,,2605,
1644418426,B51,1,0,,2605,0,0,,2605,
1644418426,os4,1,0,,2605,0,0,,2605,
1644418426,in4,1,0,,2605,0,0,,2605,
1644418426,B33,1,0,,2605,0,0,,2605,
1644418426,in27,1,0,,2606,0,0,,2606,
1644418426,B14,1,0,,2606,0,0,,2606,
1644418426,B11,1,0,,2606,0,0,,2606,
1644418426,cn12,1,0,,2606,0,0,,2606,
1644418426,B54,1,0,,2606,0,0,,2606,
1644418426,B51,1,0,,2606,0,0,,2606,
1644418426,os4,1,0,,2606,0,0,,2606,
1644418426,in4,1,0,,2606,0,0,,2606,
1644418426,B33,1,0,,2606,0,0,,2606,
1644418426,in27,1,0,,2607,0,0,,2607,
1644418426,B14,1,0,,2607,0,0,,2607,
1644418426,B11,1,0,,2607,0,0,,2607,
1644418426,cn12,1,0,,2607,0,0,,2607,
1644418426,B54,1,0,,2607,0,0,,2607,
1644418426,B51,1,0,,2607,0,0,,2607,
1644418426,os4,1,0,,2607,0,0,,2607,
1644418426,in4,1,0,,2607,0,0,,2607,
1644418426,B33,1,0,,2607,0,0,,2607,
1644418427,in27,1,0,,2608,0,0,,2608,
1644418427,B14,1,0,,2608,0,0,,2608,
1644418427,B11,1,0,,2608,0,0,,2608,
1644418427,cn12,1,0,,2608,0,0,,2608,
1644418427,B54,1,1,job945_scenario1_2579,2608,0,0,,2608,
1644418427,B51,1,0,,2608,0,0,,2608,
1644418427,os4,1,0,,2608,0,0,,2608,
1644418427,in4,1,0,,2608,0,0,,2608,
1644418427,B33,1,0,,2608,0,0,,2608,
1644418427,in27,1,0,,2609,0,0,,2609,
1644418427,B14,1,0,,2609,0,0,,2609,
1644418427,B11,1,0,,2609,0,0,,2609,
1644418427,cn12,1,0,,2609,0,0,,2609,
1644418427,B54,1,1,job945_scenario1_2579,2609,0,0,,2609,
1644418427,B51,1,0,,2609,0,0,,2609,
1644418427,os4,1,0,,2609,0,0,,2609,
1644418427,in4,1,0,,2609,0,0,,2609,
1644418427,B33,1,0,,2609,0,0,,2609,
1644418427,in27,1,0,,2610,0,0,,2610,
1644418427,B14,1,0,,2610,0,0,,2610,
1644418427,B11,1,0,,2610,0,0,,2610,
1644418427,cn12,1,0,,2610,0,0,,2610,
1644418427,B54,1,1,job945_scenario1_2579,2610,0,0,,2610,
1644418427,B51,1,0,,2610,0,0,,2610,
1644418427,os4,1,0,,2610,0,0,,2610,
1644418427,in4,1,0,,2610,0,0,,2610,
1644418427,B33,1,0,,2610,0,0,,2610,
1644418427,in27,1,0,,2611,0,0,,2611,
1644418427,B14,1,0,,2611,0,0,,2611,
1644418427,B11,1,0,,2611,0,0,,2611,
1644418427,cn12,1,0,,2611,0,0,,2611,
1644418427,B54,1,1,job945_scenario1_2579,2611,0,0,,2611,
1644418427,B51,1,0,,2611,0,0,,2611,
1644418427,os4,1,0,,2611,0,0,,2611,
1644418427,in4,1,0,,2611,0,0,,2611,
1644418427,B33,1,0,,2611,0,0,,2611,
1644418427,in27,1,0,,2612,0,0,,2612,
1644418427,B14,1,0,,2612,0,0,,2612,
1644418427,B11,1,0,,2612,0,0,,2612,
1644418427,cn12,1,0,,2612,0,0,,2612,
1644418427,B54,1,1,job945_scenario1_2579,2612,0,0,,2612,
1644418427,B51,1,0,,2612,0,0,,2612,
1644418427,os4,1,0,,2612,0,0,,2612,
1644418427,in4,1,0,,2612,0,0,,2612,
1644418427,B33,1,0,,2612,0,0,,2612,
1644418427,in27,1,0,,2613,0,0,,2613,
1644418427,B14,1,0,,2613,0,0,,2613,
1644418427,B11,1,0,,2613,0,0,,2613,
1644418427,cn12,1,0,,2613,0,0,,2613,
1644418427,B54,1,1,job945_scenario1_2579,2613,0,0,,2613,
1644418427,B51,1,0,,2613,0,0,,2613,
1644418427,os4,1,0,,2613,0,0,,2613,
1644418427,in4,1,0,,2613,0,0,,2613,
1644418427,B33,1,0,,2613,0,0,,2613,
1644418428,in27,1,0,,2614,0,0,,2614,
1644418428,B14,1,0,,2614,0,0,,2614,
1644418428,B11,1,0,,2614,0,0,,2614,
1644418428,cn12,1,0,,2614,0,0,,2614,
1644418428,B54,1,0,,2614,0,0,,2614,
1644418428,B51,1,0,,2614,0,0,,2614,
1644418428,os4,1,0,,2614,0,0,,2614,
1644418428,in4,1,0,,2614,0,0,,2614,
1644418428,B33,1,0,,2614,0,0,,2614,
1644418428,in27,1,0,,2615,0,0,,2615,
1644418428,B14,1,0,,2615,0,0,,2615,
1644418428,B11,1,0,,2615,0,0,,2615,
1644418428,cn12,1,0,,2615,0,0,,2615,
1644418428,B54,1,0,,2615,0,0,,2615,
1644418428,B51,1,0,,2615,0,0,,2615,
1644418428,os4,1,0,,2615,0,0,,2615,
1644418428,in4,1,0,,2615,0,0,,2615,
1644418428,B33,1,0,,2615,0,0,,2615,
1644418428,in27,1,0,,2616,0,0,,2616,
1644418428,B14,1,0,,2616,0,0,,2616,
1644418428,B11,1,0,,2616,0,0,,2616,
1644418428,cn12,1,0,,2616,0,0,,2616,
1644418428,B54,1,0,,2616,0,0,,2616,
1644418428,B51,1,0,,2616,0,0,,2616,
1644418428,os4,1,0,,2616,0,0,,2616,
1644418428,in4,1,0,,2616,0,0,,2616,
1644418428,B33,1,0,,2616,0,0,,2616,
1644418428,in27,1,0,,2617,0,0,,2617,
1644418428,B14,1,0,,2617,0,0,,2617,
1644418428,B11,1,0,,2617,0,0,,2617,
1644418428,cn12,1,0,,2617,0,0,,2617,
1644418428,B54,1,0,,2617,0,0,,2617,
1644418428,B51,1,0,,2617,0,0,,2617,
1644418428,os4,1,0,,2617,0,0,,2617,
1644418428,in4,1,0,,2617,0,0,,2617,
1644418428,B33,1,0,,2617,0,0,,2617,
1644418428,in27,1,0,,2618,0,0,,2618,
1644418428,B14,1,0,,2618,0,0,,2618,
1644418428,B11,1,0,,2618,0,0,,2618,
1644418428,cn12,1,0,,2618,0,0,,2618,
1644418428,B54,1,0,,2618,0,0,,2618,
1644418428,B51,1,0,,2618,0,0,,2618,
1644418428,os4,1,0,,2618,0,0,,2618,
1644418428,in4,1,0,,2618,0,0,,2618,
1644418428,B33,1,0,,2618,0,0,,2618,
1644418428,in27,1,0,,2619,0,0,,2619,
1644418428,B14,1,0,,2619,0,0,,2619,
1644418428,B11,1,0,,2619,0,0,,2619,
1644418428,cn12,1,0,,2619,0,0,,2619,
1644418428,B54,1,0,,2619,0,0,,2619,
1644418428,B51,1,0,,2619,0,0,,2619,
1644418428,os4,1,0,,2619,0,0,,2619,
1644418428,in4,1,0,,2619,0,0,,2619,
1644418428,B33,1,0,,2619,0,0,,2619,
1644418428,in27,1,0,,2620,0,0,,2620,
1644418428,B14,1,0,,2620,0,0,,2620,
1644418428,B11,1,0,,2620,0,0,,2620,
1644418428,cn12,1,0,,2620,0,0,,2620,
1644418428,B54,1,0,,2620,0,0,,2620,
1644418428,B51,1,0,,2620,0,0,,2620,
1644418428,os4,1,0,,2620,0,0,,2620,
1644418428,in4,1,0,,2620,0,0,,2620,
1644418428,B33,1,0,,2620,0,0,,2620,
1644418428,in27,1,0,,2621,0,0,,2621,
1644418428,B14,1,0,,2621,0,0,,2621,
1644418428,B11,1,0,,2621,0,0,,2621,
1644418428,cn12,1,0,,2621,0,0,,2621,
1644418428,B54,1,0,,2621,0,0,,2621,
1644418428,B51,1,0,,2621,0,0,,2621,
1644418428,os4,1,0,,2621,0,0,,2621,
1644418428,in4,1,0,,2621,0,0,,2621,
1644418428,B33,1,0,,2621,0,0,,2621,
1644418428,in27,1,0,,2622,0,0,,2622,
1644418428,B14,1,0,,2622,0,0,,2622,
1644418428,B11,1,0,,2622,0,0,,2622,
1644418428,cn12,1,0,,2622,0,0,,2622,
1644418428,B54,1,0,,2622,0,0,,2622,
1644418428,B51,1,0,,2622,0,0,,2622,
1644418428,os4,1,0,,2622,0,0,,2622,
1644418428,in4,1,0,,2622,0,0,,2622,
1644418428,B33,1,0,,2622,0,0,,2622,
1644418428,in27,1,0,,2623,0,0,,2623,
1644418428,B14,1,0,,2623,0,0,,2623,
1644418428,B11,1,0,,2623,0,0,,2623,
1644418428,cn12,1,0,,2623,0,0,,2623,
1644418428,B54,1,0,,2623,0,0,,2623,
1644418428,B51,1,0,,2623,0,0,,2623,
1644418428,os4,1,0,,2623,0,0,,2623,
1644418428,in4,1,0,,2623,0,0,,2623,
1644418428,B33,1,0,,2623,0,0,,2623,
1644418428,in27,1,0,,2624,0,0,,2624,
1644418428,B14,1,0,,2624,0,0,,2624,
1644418428,B11,1,0,,2624,0,0,,2624,
1644418428,cn12,1,0,,2624,0,0,,2624,
1644418428,B54,1,0,,2624,0,0,,2624,
1644418428,B51,1,0,,2624,0,0,,2624,
1644418428,os4,1,0,,2624,0,0,,2624,
1644418428,in4,1,0,,2624,0,0,,2624,
1644418428,B33,1,0,,2624,0,0,,2624,
1644418428,in27,1,0,,2625,0,0,,2625,
1644418428,B14,1,0,,2625,0,0,,2625,
1644418428,B11,1,0,,2625,0,0,,2625,
1644418428,cn12,1,0,,2625,0,0,,2625,
1644418428,B54,1,0,,2625,0,0,,2625,
1644418428,B51,1,0,,2625,0,0,,2625,
1644418428,os4,1,0,,2625,0,0,,2625,
1644418428,in4,1,0,,2625,0,0,,2625,
1644418428,B33,1,0,,2625,0,0,,2625,
1644418428,in27,1,0,,2626,0,0,,2626,
1644418428,B14,1,0,,2626,0,0,,2626,
1644418428,B11,1,0,,2626,0,0,,2626,
1644418428,cn12,1,0,,2626,0,0,,2626,
1644418428,B54,1,0,,2626,0,0,,2626,
1644418428,B51,1,0,,2626,0,0,,2626,
1644418428,os4,1,0,,2626,0,0,,2626,
1644418428,in4,1,0,,2626,0,0,,2626,
1644418428,B33,1,0,,2626,0,0,,2626,
1644418429,in27,1,0,,2627,0,0,,2627,
1644418429,B14,1,0,,2627,0,0,,2627,
1644418429,B11,1,0,,2627,0,0,,2627,
1644418429,cn12,1,0,,2627,0,0,,2627,
1644418429,B54,1,1,job947_scenario0_2586,2627,0,0,,2627,
1644418429,B51,1,0,,2627,0,0,,2627,
1644418429,os4,1,0,,2627,0,0,,2627,
1644418429,in4,1,0,,2627,0,0,,2627,
1644418429,B33,1,0,,2627,0,0,,2627,
1644418429,in27,1,0,,2628,0,0,,2628,
1644418429,B14,1,0,,2628,0,0,,2628,
1644418429,B11,1,0,,2628,0,0,,2628,
1644418429,cn12,1,0,,2628,0,0,,2628,
1644418429,B54,1,1,job947_scenario0_2586,2628,0,0,,2628,
1644418429,B51,1,0,,2628,0,0,,2628,
1644418429,os4,1,0,,2628,0,0,,2628,
1644418429,in4,1,0,,2628,0,0,,2628,
1644418429,B33,1,0,,2628,0,0,,2628,
1644418429,in27,1,0,,2629,0,0,,2629,
1644418429,B14,1,0,,2629,0,0,,2629,
1644418429,B11,1,0,,2629,0,0,,2629,
1644418429,cn12,1,0,,2629,0,0,,2629,
1644418429,B54,1,1,job947_scenario0_2586,2629,0,0,,2629,
1644418429,B51,1,0,,2629,0,0,,2629,
1644418429,os4,1,0,,2629,0,0,,2629,
1644418429,in4,1,0,,2629,0,0,,2629,
1644418429,B33,1,0,,2629,0,0,,2629,
1644418429,in27,1,0,,2630,0,0,,2630,
1644418429,B14,1,0,,2630,0,0,,2630,
1644418429,B11,1,0,,2630,0,0,,2630,
1644418429,cn12,1,0,,2630,0,0,,2630,
1644418429,B54,1,1,job947_scenario0_2586,2630,0,0,,2630,
1644418429,B51,1,0,,2630,0,0,,2630,
1644418429,os4,1,0,,2630,0,0,,2630,
1644418429,in4,1,0,,2630,0,0,,2630,
1644418429,B33,1,0,,2630,0,0,,2630,
1644418429,in27,1,0,,2631,0,0,,2631,
1644418429,B14,1,0,,2631,0,0,,2631,
1644418429,B11,1,0,,2631,0,0,,2631,
1644418429,cn12,1,0,,2631,0,0,,2631,
1644418429,B54,1,1,job947_scenario0_2586,2631,0,0,,2631,
1644418429,B51,1,0,,2631,0,0,,2631,
1644418429,os4,1,0,,2631,0,0,,2631,
1644418429,in4,1,0,,2631,0,0,,2631,
1644418429,B33,1,0,,2631,0,0,,2631,
1644418430,in27,1,0,,2632,0,0,,2632,
1644418430,B14,1,0,,2632,0,0,,2632,
1644418430,B11,1,0,,2632,0,0,,2632,
1644418430,cn12,1,0,,2632,0,0,,2632,
1644418430,B54,1,1,job947_scenario0_2586,2632,0,0,,2632,
1644418430,B51,1,0,,2632,0,0,,2632,
1644418430,os4,1,1,job955_scenario4_2629,2632,0,0,,2632,
1644418430,in4,1,0,,2632,0,0,,2632,
1644418430,B33,1,0,,2632,0,0,,2632,
1644418430,in27,1,0,,2633,0,0,,2633,
1644418430,B14,1,0,,2633,0,0,,2633,
1644418430,B11,1,0,,2633,0,0,,2633,
1644418430,cn12,1,0,,2633,0,0,,2633,
1644418430,B54,1,1,job947_scenario0_2586,2633,0,0,,2633,
1644418430,B51,1,0,,2633,0,0,,2633,
1644418430,os4,1,1,job955_scenario4_2629,2633,0,0,,2633,
1644418430,in4,1,0,,2633,0,0,,2633,
1644418430,B33,1,0,,2633,0,0,,2633,
1644418430,in27,1,0,,2634,0,0,,2634,
1644418430,B14,1,0,,2634,0,0,,2634,
1644418430,B11,1,0,,2634,0,0,,2634,
1644418430,cn12,1,0,,2634,0,0,,2634,
1644418430,B54,1,1,job947_scenario0_2586,2634,0,0,,2634,
1644418430,B51,1,0,,2634,0,0,,2634,
1644418430,os4,1,1,job955_scenario4_2629,2634,0,0,,2634,
1644418430,in4,1,0,,2634,0,0,,2634,
1644418430,B33,1,0,,2634,0,0,,2634,
1644418430,in27,1,0,,2635,0,0,,2635,
1644418430,B14,1,0,,2635,0,0,,2635,
1644418430,B11,1,0,,2635,0,0,,2635,
1644418430,cn12,1,0,,2635,0,0,,2635,
1644418430,B54,1,1,job947_scenario0_2586,2635,0,0,,2635,
1644418430,B51,1,0,,2635,0,0,,2635,
1644418430,os4,1,1,job955_scenario4_2629,2635,0,0,,2635,
1644418430,in4,1,0,,2635,0,0,,2635,
1644418430,B33,1,0,,2635,0,0,,2635,
1644418430,in27,1,0,,2636,0,0,,2636,
1644418430,B14,1,0,,2636,0,0,,2636,
1644418430,B11,1,0,,2636,0,0,,2636,
1644418430,cn12,1,0,,2636,0,0,,2636,
1644418430,B54,1,1,job947_scenario0_2586,2636,0,0,,2636,
1644418430,B51,1,0,,2636,0,0,,2636,
1644418430,os4,1,1,job955_scenario4_2629,2636,0,0,,2636,
1644418430,in4,1,0,,2636,0,0,,2636,
1644418430,B33,1,0,,2636,0,0,,2636,
1644418430,in27,1,0,,2637,0,0,,2637,
1644418430,B14,1,0,,2637,0,0,,2637,
1644418430,B11,1,0,,2637,0,0,,2637,
1644418430,cn12,1,0,,2637,0,0,,2637,
1644418430,B54,1,1,job947_scenario0_2586,2637,0,0,,2637,
1644418430,B51,1,0,,2637,0,0,,2637,
1644418430,os4,1,1,job955_scenario4_2629,2637,0,0,,2637,
1644418430,in4,1,0,,2637,0,0,,2637,
1644418430,B33,1,0,,2637,0,0,,2637,
1644418430,in27,1,0,,2638,0,0,,2638,
1644418430,B14,1,0,,2638,0,0,,2638,
1644418430,B11,1,0,,2638,0,0,,2638,
1644418430,cn12,1,0,,2638,0,0,,2638,
1644418430,B54,1,1,job947_scenario0_2586,2638,0,0,,2638,
1644418430,B51,1,0,,2638,0,0,,2638,
1644418430,os4,1,1,job955_scenario4_2629,2638,0,0,,2638,
1644418430,in4,1,0,,2638,0,0,,2638,
1644418430,B33,1,0,,2638,0,0,,2638,
1644418430,in27,1,0,,2639,0,0,,2639,
1644418430,B14,1,0,,2639,0,0,,2639,
1644418430,B11,1,0,,2639,0,0,,2639,
1644418430,cn12,1,0,,2639,0,0,,2639,
1644418430,B54,1,1,job947_scenario0_2586,2639,0,0,,2639,
1644418430,B51,1,0,,2639,0,0,,2639,
1644418430,os4,1,1,job955_scenario4_2629,2639,0,0,,2639,
1644418430,in4,1,0,,2639,0,0,,2639,
1644418430,B33,1,0,,2639,0,0,,2639,
1644418430,in27,1,0,,2640,0,0,,2640,
1644418430,B14,1,0,,2640,0,0,,2640,
1644418430,B11,1,0,,2640,0,0,,2640,
1644418430,cn12,1,0,,2640,0,0,,2640,
1644418430,B54,1,1,job947_scenario0_2586,2640,0,0,,2640,
1644418430,B51,1,0,,2640,0,0,,2640,
1644418430,os4,1,0,,2640,0,0,,2640,
1644418430,in4,1,0,,2640,0,0,,2640,
1644418430,B33,1,0,,2640,0,0,,2640,
1644418430,in27,1,0,,2641,0,0,,2641,
1644418430,B14,1,0,,2641,0,0,,2641,
1644418430,B11,1,0,,2641,0,0,,2641,
1644418430,cn12,1,0,,2641,0,0,,2641,
1644418430,B54,1,0,,2641,0,0,,2641,
1644418430,B51,1,0,,2641,0,0,,2641,
1644418430,os4,1,0,,2641,0,0,,2641,
1644418430,in4,1,0,,2641,0,0,,2641,
1644418430,B33,1,0,,2641,0,0,,2641,
1644418430,in27,1,0,,2642,0,0,,2642,
1644418430,B14,1,0,,2642,0,0,,2642,
1644418430,B11,1,0,,2642,0,0,,2642,
1644418430,cn12,1,0,,2642,0,0,,2642,
1644418430,B54,1,0,,2642,0,0,,2642,
1644418430,B51,1,0,,2642,0,0,,2642,
1644418430,os4,1,0,,2642,0,0,,2642,
1644418430,in4,1,0,,2642,0,0,,2642,
1644418430,B33,1,0,,2642,0,0,,2642,
1644418430,in27,1,0,,2643,0,0,,2643,
1644418430,B14,1,0,,2643,0,0,,2643,
1644418430,B11,1,0,,2643,0,0,,2643,
1644418430,cn12,1,0,,2643,0,0,,2643,
1644418430,B54,1,0,,2643,0,0,,2643,
1644418430,B51,1,0,,2643,0,0,,2643,
1644418430,os4,1,0,,2643,0,0,,2643,
1644418430,in4,1,0,,2643,0,0,,2643,
1644418430,B33,1,0,,2643,0,0,,2643,
1644418430,in27,1,0,,2644,0,0,,2644,
1644418430,B14,1,0,,2644,0,0,,2644,
1644418430,B11,1,0,,2644,0,0,,2644,
1644418430,cn12,1,0,,2644,0,0,,2644,
1644418430,B54,1,0,,2644,0,0,,2644,
1644418430,B51,1,0,,2644,0,0,,2644,
1644418430,os4,1,0,,2644,0,0,,2644,
1644418430,in4,1,0,,2644,0,0,,2644,
1644418430,B33,1,0,,2644,0,0,,2644,
1644418430,in27,1,0,,2645,0,0,,2645,
1644418430,B14,1,0,,2645,0,0,,2645,
1644418430,B11,1,0,,2645,0,0,,2645,
1644418430,cn12,1,0,,2645,0,0,,2645,
1644418430,B54,1,0,,2645,0,0,,2645,
1644418430,B51,1,0,,2645,0,0,,2645,
1644418430,os4,1,0,,2645,0,0,,2645,
1644418430,in4,1,0,,2645,0,0,,2645,
1644418430,B33,1,0,,2645,0,0,,2645,
1644418430,in27,1,0,,2646,0,0,,2646,
1644418430,B14,1,0,,2646,0,0,,2646,
1644418430,B11,1,0,,2646,0,0,,2646,
1644418430,cn12,1,0,,2646,0,0,,2646,
1644418430,B54,1,0,,2646,0,0,,2646,
1644418430,B51,1,0,,2646,0,0,,2646,
1644418430,os4,1,0,,2646,0,0,,2646,
1644418430,in4,1,0,,2646,0,0,,2646,
1644418430,B33,1,0,,2646,0,0,,2646,
1644418430,in27,1,0,,2647,0,0,,2647,
1644418430,B14,1,0,,2647,0,0,,2647,
1644418430,B11,1,0,,2647,0,0,,2647,
1644418430,cn12,1,0,,2647,0,0,,2647,
1644418430,B54,1,0,,2647,0,0,,2647,
1644418430,B51,1,0,,2647,0,0,,2647,
1644418430,os4,1,0,,2647,0,0,,2647,
1644418430,in4,1,0,,2647,0,0,,2647,
1644418430,B33,1,0,,2647,0,0,,2647,
1644418430,in27,1,0,,2648,0,0,,2648,
1644418430,B14,1,0,,2648,0,0,,2648,
1644418430,B11,1,0,,2648,0,0,,2648,
1644418430,cn12,1,0,,2648,0,0,,2648,
1644418430,B54,1,0,,2648,0,0,,2648,
1644418430,B51,1,0,,2648,0,0,,2648,
1644418430,os4,1,0,,2648,0,0,,2648,
1644418430,in4,1,0,,2648,0,0,,2648,
1644418430,B33,1,0,,2648,0,0,,2648,
1644418431,in27,1,0,,2649,0,0,,2649,
1644418431,B14,1,0,,2649,0,0,,2649,
1644418431,B11,1,0,,2649,0,0,,2649,
1644418431,cn12,1,0,,2649,0,0,,2649,
1644418431,B54,1,0,,2649,0,0,,2649,
1644418431,B51,1,0,,2649,0,0,,2649,
1644418431,os4,1,0,,2649,0,0,,2649,
1644418431,in4,1,0,,2649,0,0,,2649,
1644418431,B33,1,1,job958_scenario2_2648,2649,0,0,,2649,
1644418432,in27,1,0,,2650,0,0,,2650,
1644418432,B14,1,0,,2650,0,0,,2650,
1644418432,B11,1,0,,2650,0,0,,2650,
1644418432,cn12,1,0,,2650,0,0,,2650,
1644418432,B54,1,1,job953_scenario1_2622,2650,0,0,,2650,
1644418432,B51,1,0,,2650,0,0,,2650,
1644418432,os4,1,0,,2650,0,0,,2650,
1644418432,in4,1,0,,2650,0,0,,2650,
1644418432,B33,1,1,job958_scenario2_2648,2650,0,0,,2650,
1644418432,in27,1,0,,2651,0,0,,2651,
1644418432,B14,1,0,,2651,0,0,,2651,
1644418432,B11,1,0,,2651,0,0,,2651,
1644418432,cn12,1,0,,2651,0,0,,2651,
1644418432,B54,1,1,job953_scenario1_2622,2651,0,0,,2651,
1644418432,B51,1,0,,2651,0,0,,2651,
1644418432,os4,1,0,,2651,0,0,,2651,
1644418432,in4,1,0,,2651,0,0,,2651,
1644418432,B33,1,1,job958_scenario2_2648,2651,0,0,,2651,
1644418432,in27,1,0,,2652,0,0,,2652,
1644418432,B14,1,0,,2652,0,0,,2652,
1644418432,B11,1,0,,2652,0,0,,2652,
1644418432,cn12,1,0,,2652,0,0,,2652,
1644418432,B54,1,1,job953_scenario1_2622,2652,0,0,,2652,
1644418432,B51,1,0,,2652,0,0,,2652,
1644418432,os4,1,0,,2652,0,0,,2652,
1644418432,in4,1,0,,2652,0,0,,2652,
1644418432,B33,1,1,job958_scenario2_2648,2652,0,0,,2652,
1644418432,in27,1,0,,2653,0,0,,2653,
1644418432,B14,1,0,,2653,0,0,,2653,
1644418432,B11,1,0,,2653,0,0,,2653,
1644418432,cn12,1,0,,2653,0,0,,2653,
1644418432,B54,1,1,job953_scenario1_2622,2653,0,0,,2653,
1644418432,B51,1,0,,2653,0,0,,2653,
1644418432,os4,1,0,,2653,0,0,,2653,
1644418432,in4,1,0,,2653,0,0,,2653,
1644418432,B33,1,0,,2653,0,0,,2653,
1644418432,in27,1,0,,2654,0,0,,2654,
1644418432,B14,1,0,,2654,0,0,,2654,
1644418432,B11,1,0,,2654,0,0,,2654,
1644418432,cn12,1,0,,2654,0,0,,2654,
1644418432,B54,1,1,job953_scenario1_2622,2654,0,0,,2654,
1644418432,B51,1,0,,2654,0,0,,2654,
1644418432,os4,1,0,,2654,0,0,,2654,
1644418432,in4,1,0,,2654,0,0,,2654,
1644418432,B33,1,0,,2654,0,0,,2654,
1644418432,in27,1,0,,2655,0,0,,2655,
1644418432,B14,1,0,,2655,0,0,,2655,
1644418432,B11,1,0,,2655,0,0,,2655,
1644418432,cn12,1,0,,2655,0,0,,2655,
1644418432,B54,1,0,,2655,0,0,,2655,
1644418432,B51,1,0,,2655,0,0,,2655,
1644418432,os4,1,0,,2655,0,0,,2655,
1644418432,in4,1,0,,2655,0,0,,2655,
1644418432,B33,1,0,,2655,0,0,,2655,
1644418432,in27,1,0,,2656,0,0,,2656,
1644418432,B14,1,0,,2656,0,0,,2656,
1644418432,B11,1,0,,2656,0,0,,2656,
1644418432,cn12,1,0,,2656,0,0,,2656,
1644418432,B54,1,0,,2656,0,0,,2656,
1644418432,B51,1,0,,2656,0,0,,2656,
1644418432,os4,1,0,,2656,0,0,,2656,
1644418432,in4,1,0,,2656,0,0,,2656,
1644418432,B33,1,0,,2656,0,0,,2656,
1644418432,in27,1,0,,2657,0,0,,2657,
1644418432,B14,1,0,,2657,0,0,,2657,
1644418432,B11,1,0,,2657,0,0,,2657,
1644418432,cn12,1,0,,2657,0,0,,2657,
1644418432,B54,1,0,,2657,0,0,,2657,
1644418432,B51,1,0,,2657,0,0,,2657,
1644418432,os4,1,0,,2657,0,0,,2657,
1644418432,in4,1,0,,2657,0,0,,2657,
1644418432,B33,1,0,,2657,0,0,,2657,
1644418432,in27,1,0,,2658,0,0,,2658,
1644418432,B14,1,0,,2658,0,0,,2658,
1644418432,B11,1,0,,2658,0,0,,2658,
1644418432,cn12,1,0,,2658,0,0,,2658,
1644418432,B54,1,0,,2658,0,0,,2658,
1644418432,B51,1,0,,2658,0,0,,2658,
1644418432,os4,1,0,,2658,0,0,,2658,
1644418432,in4,1,0,,2658,0,0,,2658,
1644418432,B33,1,0,,2658,0,0,,2658,
1644418432,in27,1,0,,2659,0,0,,2659,
1644418432,B14,1,0,,2659,0,0,,2659,
1644418432,B11,1,0,,2659,0,0,,2659,
1644418432,cn12,1,0,,2659,0,0,,2659,
1644418432,B54,1,0,,2659,0,0,,2659,
1644418432,B51,1,0,,2659,0,0,,2659,
1644418432,os4,1,0,,2659,0,0,,2659,
1644418432,in4,1,0,,2659,0,0,,2659,
1644418432,B33,1,0,,2659,0,0,,2659,
1644418432,in27,1,0,,2660,0,0,,2660,
1644418432,B14,1,0,,2660,0,0,,2660,
1644418432,B11,1,0,,2660,0,0,,2660,
1644418432,cn12,1,0,,2660,0,0,,2660,
1644418432,B54,1,0,,2660,0,0,,2660,
1644418432,B51,1,0,,2660,0,0,,2660,
1644418432,os4,1,0,,2660,0,0,,2660,
1644418432,in4,1,0,,2660,0,0,,2660,
1644418432,B33,1,0,,2660,0,0,,2660,
1644418432,in27,1,0,,2661,0,0,,2661,
1644418432,B14,1,0,,2661,0,0,,2661,
1644418432,B11,1,0,,2661,0,0,,2661,
1644418432,cn12,1,0,,2661,0,0,,2661,
1644418432,B54,1,0,,2661,0,0,,2661,
1644418432,B51,1,0,,2661,0,0,,2661,
1644418432,os4,1,0,,2661,0,0,,2661,
1644418432,in4,1,0,,2661,0,0,,2661,
1644418432,B33,1,0,,2661,0,0,,2661,
1644418432,in27,1,0,,2662,0,0,,2662,
1644418432,B14,1,0,,2662,0,0,,2662,
1644418432,B11,1,0,,2662,0,0,,2662,
1644418432,cn12,1,0,,2662,0,0,,2662,
1644418432,B54,1,0,,2662,0,0,,2662,
1644418432,B51,1,0,,2662,0,0,,2662,
1644418432,os4,1,0,,2662,0,0,,2662,
1644418432,in4,1,0,,2662,0,0,,2662,
1644418432,B33,1,0,,2662,0,0,,2662,
1644418432,in27,1,0,,2663,0,0,,2663,
1644418432,B14,1,0,,2663,0,0,,2663,
1644418432,B11,1,0,,2663,0,0,,2663,
1644418432,cn12,1,0,,2663,0,0,,2663,
1644418432,B54,1,0,,2663,0,0,,2663,
1644418432,B51,1,0,,2663,0,0,,2663,
1644418432,os4,1,0,,2663,0,0,,2663,
1644418432,in4,1,0,,2663,0,0,,2663,
1644418432,B33,1,0,,2663,0,0,,2663,
1644418432,in27,1,0,,2664,0,0,,2664,
1644418432,B14,1,0,,2664,0,0,,2664,
1644418432,B11,1,0,,2664,0,0,,2664,
1644418432,cn12,1,0,,2664,0,0,,2664,
1644418432,B54,1,0,,2664,0,0,,2664,
1644418432,B51,1,0,,2664,0,0,,2664,
1644418432,os4,1,0,,2664,0,0,,2664,
1644418432,in4,1,0,,2664,0,0,,2664,
1644418432,B33,1,0,,2664,0,0,,2664,
1644418433,in27,1,0,,2665,0,0,,2665,
1644418433,B14,1,0,,2665,0,0,,2665,
1644418433,B11,1,0,,2665,0,0,,2665,
1644418433,cn12,1,0,,2665,0,0,,2665,
1644418433,B54,1,1,job954_scenario1_2625,2665,0,0,,2665,
1644418433,B51,1,0,,2665,0,0,,2665,
1644418433,os4,1,0,,2665,0,0,,2665,
1644418433,in4,1,0,,2665,0,0,,2665,
1644418433,B33,1,0,,2665,0,0,,2665,
1644418433,in27,1,0,,2666,0,0,,2666,
1644418434,B14,1,0,,2666,0,0,,2666,
1644418434,B11,1,0,,2666,0,0,,2666,
1644418434,cn12,1,0,,2666,0,0,,2666,
1644418434,B54,1,1,job954_scenario1_2625,2666,0,0,,2666,
1644418434,B51,1,0,,2666,0,0,,2666,
1644418434,os4,1,0,,2666,0,0,,2666,
1644418434,in4,1,0,,2666,0,0,,2666,
1644418434,B33,1,0,,2666,0,0,,2666,
1644418434,in27,1,0,,2667,0,0,,2667,
1644418434,B14,1,0,,2667,0,0,,2667,
1644418434,B11,1,0,,2667,0,0,,2667,
1644418434,cn12,1,0,,2667,0,0,,2667,
1644418434,B54,1,1,job954_scenario1_2625,2667,0,0,,2667,
1644418434,B51,1,0,,2667,0,0,,2667,
1644418434,os4,1,0,,2667,0,0,,2667,
1644418434,in4,1,0,,2667,0,0,,2667,
1644418434,B33,1,0,,2667,0,0,,2667,
1644418434,in27,1,0,,2668,0,0,,2668,
1644418434,B14,1,0,,2668,0,0,,2668,
1644418434,B11,1,0,,2668,0,0,,2668,
1644418434,cn12,1,0,,2668,0,0,,2668,
1644418434,B54,1,1,job954_scenario1_2625,2668,0,0,,2668,
1644418434,B51,1,0,,2668,0,0,,2668,
1644418434,os4,1,0,,2668,0,0,,2668,
1644418434,in4,1,0,,2668,0,0,,2668,
1644418434,B33,1,0,,2668,0,0,,2668,
1644418434,in27,1,0,,2669,0,0,,2669,
1644418434,B14,1,0,,2669,0,0,,2669,
1644418434,B11,1,0,,2669,0,0,,2669,
1644418434,cn12,1,0,,2669,0,0,,2669,
1644418434,B54,1,1,job954_scenario1_2625,2669,0,0,,2669,
1644418434,B51,1,0,,2669,0,0,,2669,
1644418434,os4,1,0,,2669,0,0,,2669,
1644418434,in4,1,0,,2669,0,0,,2669,
1644418434,B33,1,0,,2669,0,0,,2669,
1644418434,in27,1,0,,2670,0,0,,2670,
1644418434,B14,1,0,,2670,0,0,,2670,
1644418434,B11,1,0,,2670,0,0,,2670,
1644418434,cn12,1,0,,2670,0,0,,2670,
1644418434,B54,1,0,,2670,0,0,,2670,
1644418434,B51,1,0,,2670,0,0,,2670,
1644418434,os4,1,0,,2670,0,0,,2670,
1644418434,in4,1,0,,2670,0,0,,2670,
1644418434,B33,1,0,,2670,0,0,,2670,
1644418434,in27,1,0,,2671,0,0,,2671,
1644418434,B14,1,0,,2671,0,0,,2671,
1644418434,B11,1,0,,2671,0,0,,2671,
1644418434,cn12,1,0,,2671,0,0,,2671,
1644418434,B54,1,0,,2671,0,0,,2671,
1644418434,B51,1,0,,2671,0,0,,2671,
1644418434,os4,1,0,,2671,0,0,,2671,
1644418434,in4,1,0,,2671,0,0,,2671,
1644418434,B33,1,0,,2671,0,0,,2671,
1644418434,in27,1,0,,2672,0,0,,2672,
1644418434,B14,1,0,,2672,0,0,,2672,
1644418434,B11,1,0,,2672,0,0,,2672,
1644418434,cn12,1,0,,2672,0,0,,2672,
1644418434,B54,1,0,,2672,0,0,,2672,
1644418434,B51,1,0,,2672,0,0,,2672,
1644418434,os4,1,0,,2672,0,0,,2672,
1644418434,in4,1,0,,2672,0,0,,2672,
1644418435,B33,1,0,,2672,0,0,,2672,
1644418435,in27,1,0,,2673,0,0,,2673,
1644418435,B14,1,0,,2673,0,0,,2673,
1644418435,B11,1,0,,2673,0,0,,2673,
1644418435,cn12,1,0,,2673,0,0,,2673,
1644418435,B54,1,0,,2673,0,0,,2673,
1644418435,B51,1,0,,2673,0,0,,2673,
1644418435,os4,1,0,,2673,0,0,,2673,
1644418435,in4,1,0,,2673,0,0,,2673,
1644418435,B33,1,0,,2673,0,0,,2673,
1644418435,in27,1,0,,2674,0,0,,2674,
1644418435,B14,1,0,,2674,0,0,,2674,
1644418435,B11,1,0,,2674,0,0,,2674,
1644418435,cn12,1,0,,2674,0,0,,2674,
1644418435,B54,1,0,,2674,0,0,,2674,
1644418435,B51,1,0,,2674,0,0,,2674,
1644418435,os4,1,0,,2674,0,0,,2674,
1644418435,in4,1,0,,2674,0,0,,2674,
1644418435,B33,1,0,,2674,0,0,,2674,
1644418435,in27,1,0,,2675,0,0,,2675,
1644418435,B14,1,0,,2675,0,0,,2675,
1644418435,B11,1,0,,2675,0,0,,2675,
1644418435,cn12,1,0,,2675,0,0,,2675,
1644418435,B54,1,0,,2675,0,0,,2675,
1644418435,B51,1,0,,2675,0,0,,2675,
1644418435,os4,1,0,,2675,0,0,,2675,
1644418435,in4,1,0,,2675,0,0,,2675,
1644418435,B33,1,0,,2675,0,0,,2675,
1644418435,in27,1,0,,2676,0,0,,2676,
1644418435,B14,1,0,,2676,0,0,,2676,
1644418435,B11,1,0,,2676,0,0,,2676,
1644418435,cn12,1,0,,2676,0,0,,2676,
1644418435,B54,1,0,,2676,0,0,,2676,
1644418435,B51,1,0,,2676,0,0,,2676,
1644418435,os4,1,0,,2676,0,0,,2676,
1644418435,in4,1,0,,2676,0,0,,2676,
1644418435,B33,1,1,job965_scenario2_2675,2676,0,0,,2676,
1644418435,in27,1,0,,2677,0,0,,2677,
1644418435,B14,1,0,,2677,0,0,,2677,
1644418435,B11,1,0,,2677,0,0,,2677,
1644418435,cn12,1,0,,2677,0,0,,2677,
1644418435,B54,1,0,,2677,0,0,,2677,
1644418435,B51,1,0,,2677,0,0,,2677,
1644418435,os4,1,0,,2677,0,0,,2677,
1644418435,in4,1,0,,2677,0,0,,2677,
1644418435,B33,1,0,,2677,0,0,,2677,
1644418435,in27,1,0,,2678,0,0,,2678,
1644418435,B14,1,0,,2678,0,0,,2678,
1644418435,B11,1,0,,2678,0,0,,2678,
1644418435,cn12,1,0,,2678,0,0,,2678,
1644418435,B54,1,0,,2678,0,0,,2678,
1644418435,B51,1,0,,2678,0,0,,2678,
1644418435,os4,1,0,,2678,0,0,,2678,
1644418435,in4,1,0,,2678,0,0,,2678,
1644418435,B33,1,0,,2678,0,0,,2678,
1644418435,in27,1,0,,2679,0,0,,2679,
1644418435,B14,1,0,,2679,0,0,,2679,
1644418435,B11,1,0,,2679,0,0,,2679,
1644418435,cn12,1,0,,2679,0,0,,2679,
1644418435,B54,1,0,,2679,0,0,,2679,
1644418435,B51,1,0,,2679,0,0,,2679,
1644418435,os4,1,0,,2679,0,0,,2679,
1644418435,in4,1,0,,2679,0,0,,2679,
1644418436,B33,1,0,,2679,0,0,,2679,
1644418436,in27,1,0,,2680,0,0,,2680,
1644418436,B14,1,0,,2680,0,0,,2680,
1644418436,B11,1,0,,2680,0,0,,2680,
1644418436,cn12,1,0,,2680,0,0,,2680,
1644418436,B54,1,0,,2680,0,0,,2680,
1644418436,B51,1,0,,2680,0,0,,2680,
1644418436,os4,1,0,,2680,0,0,,2680,
1644418436,in4,1,0,,2680,0,0,,2680,
1644418436,B33,1,0,,2680,0,0,,2680,
1644418436,in27,1,0,,2681,0,0,,2681,
1644418436,B14,1,0,,2681,0,0,,2681,
1644418436,B11,1,0,,2681,0,0,,2681,
1644418436,cn12,1,0,,2681,0,0,,2681,
1644418436,B54,1,0,,2681,0,0,,2681,
1644418436,B51,1,0,,2681,0,0,,2681,
1644418436,os4,1,0,,2681,0,0,,2681,
1644418436,in4,1,0,,2681,0,0,,2681,
1644418436,B33,1,0,,2681,0,0,,2681,
1644418436,in27,1,0,,2682,0,0,,2682,
1644418436,B14,1,0,,2682,0,0,,2682,
1644418436,B11,1,0,,2682,0,0,,2682,
1644418436,cn12,1,0,,2682,0,0,,2682,
1644418436,B54,1,0,,2682,0,0,,2682,
1644418436,B51,1,0,,2682,0,0,,2682,
1644418436,os4,1,0,,2682,0,0,,2682,
1644418436,in4,1,0,,2682,0,0,,2682,
1644418436,B33,1,0,,2682,0,0,,2682,
1644418436,in27,1,0,,2683,0,0,,2683,
1644418436,B14,1,0,,2683,0,0,,2683,
1644418436,B11,1,0,,2683,0,0,,2683,
1644418436,cn12,1,0,,2683,0,0,,2683,
1644418436,B54,1,0,,2683,0,0,,2683,
1644418436,B51,1,0,,2683,0,0,,2683,
1644418436,os4,1,0,,2683,0,0,,2683,
1644418436,in4,1,0,,2683,0,0,,2683,
1644418436,B33,1,0,,2683,0,0,,2683,
1644418436,in27,1,0,,2684,0,0,,2684,
1644418436,B14,1,0,,2684,0,0,,2684,
1644418436,B11,1,0,,2684,0,0,,2684,
1644418436,cn12,1,0,,2684,0,0,,2684,
1644418436,B54,1,0,,2684,0,0,,2684,
1644418436,B51,1,0,,2684,0,0,,2684,
1644418436,os4,1,0,,2684,0,0,,2684,
1644418436,in4,1,0,,2684,0,0,,2684,
1644418436,B33,1,0,,2684,0,0,,2684,
1644418436,in27,1,0,,2685,0,0,,2685,
1644418436,B14,1,0,,2685,0,0,,2685,
1644418436,B11,1,0,,2685,0,0,,2685,
1644418436,cn12,1,0,,2685,0,0,,2685,
1644418436,B54,1,0,,2685,0,0,,2685,
1644418436,B51,1,0,,2685,0,0,,2685,
1644418436,os4,1,0,,2685,0,0,,2685,
1644418436,in4,1,0,,2685,0,0,,2685,
1644418436,B33,1,0,,2685,0,0,,2685,
1644418436,in27,1,0,,2686,0,0,,2686,
1644418436,B14,1,0,,2686,0,0,,2686,
1644418436,B11,1,0,,2686,0,0,,2686,
1644418436,cn12,1,0,,2686,0,0,,2686,
1644418436,B54,1,0,,2686,0,0,,2686,
1644418436,B51,1,0,,2686,0,0,,2686,
1644418436,os4,1,0,,2686,0,0,,2686,
1644418436,in4,1,0,,2686,0,0,,2686,
1644418436,B33,1,0,,2686,0,0,,2686,
1644418436,in27,1,0,,2687,0,0,,2687,
1644418436,B14,1,0,,2687,0,0,,2687,
1644418436,B11,1,0,,2687,0,0,,2687,
1644418436,cn12,1,0,,2687,0,0,,2687,
1644418436,B54,1,0,,2687,0,0,,2687,
1644418436,B51,1,0,,2687,0,0,,2687,
1644418436,os4,1,0,,2687,0,0,,2687,
1644418436,in4,1,0,,2687,0,0,,2687,
1644418436,B33,1,0,,2687,0,0,,2687,
1644418436,in27,1,0,,2688,0,0,,2688,
1644418436,B14,1,0,,2688,0,0,,2688,
1644418436,B11,1,0,,2688,0,0,,2688,
1644418436,cn12,1,0,,2688,0,0,,2688,
1644418436,B54,1,0,,2688,0,0,,2688,
1644418436,B51,1,0,,2688,0,0,,2688,
1644418436,os4,1,0,,2688,0,0,,2688,
1644418436,in4,1,0,,2688,0,0,,2688,
1644418436,B33,1,0,,2688,0,0,,2688,
1644418436,in27,1,0,,2689,0,0,,2689,
1644418436,B14,1,0,,2689,0,0,,2689,
1644418436,B11,1,0,,2689,0,0,,2689,
1644418436,cn12,1,0,,2689,0,0,,2689,
1644418436,B54,1,0,,2689,0,0,,2689,
1644418436,B51,1,0,,2689,0,0,,2689,
1644418436,os4,1,0,,2689,0,0,,2689,
1644418436,in4,1,0,,2689,0,0,,2689,
1644418436,B33,1,0,,2689,0,0,,2689,
1644418436,in27,1,0,,2690,0,0,,2690,
1644418436,B14,1,0,,2690,0,0,,2690,
1644418436,B11,1,0,,2690,0,0,,2690,
1644418436,cn12,1,0,,2690,0,0,,2690,
1644418436,B54,1,0,,2690,0,0,,2690,
1644418436,B51,1,0,,2690,0,0,,2690,
1644418436,os4,1,0,,2690,0,0,,2690,
1644418436,in4,1,0,,2690,0,0,,2690,
1644418436,B33,1,0,,2690,0,0,,2690,
1644418436,in27,1,0,,2691,0,0,,2691,
1644418436,B14,1,0,,2691,0,0,,2691,
1644418436,B11,1,0,,2691,0,0,,2691,
1644418436,cn12,1,0,,2691,0,0,,2691,
1644418436,B54,1,0,,2691,0,0,,2691,
1644418436,B51,1,0,,2691,0,0,,2691,
1644418436,os4,1,0,,2691,0,0,,2691,
1644418436,in4,1,0,,2691,0,0,,2691,
1644418436,B33,1,0,,2691,0,0,,2691,
1644418436,in27,1,0,,2692,0,0,,2692,
1644418436,B14,1,0,,2692,0,0,,2692,
1644418436,B11,1,0,,2692,0,0,,2692,
1644418436,cn12,1,0,,2692,0,0,,2692,
1644418436,B54,1,0,,2692,0,0,,2692,
1644418436,B51,1,0,,2692,0,0,,2692,
1644418436,os4,1,0,,2692,0,0,,2692,
1644418436,in4,1,0,,2692,0,0,,2692,
1644418436,B33,1,0,,2692,0,0,,2692,
1644418437,in27,1,0,,2693,0,0,,2693,
1644418437,B14,1,0,,2693,0,0,,2693,
1644418437,B11,1,0,,2693,0,0,,2693,
1644418437,cn12,1,0,,2693,0,0,,2693,
1644418437,B54,1,0,,2693,0,0,,2693,
1644418437,B51,1,0,,2693,0,0,,2693,
1644418437,os4,1,0,,2693,0,0,,2693,
1644418437,in4,1,0,,2693,0,0,,2693,
1644418437,B33,1,0,,2693,0,0,,2693,
1644418438,in27,1,0,,2694,0,0,,2694,
1644418438,B14,1,0,,2694,0,0,,2694,
1644418438,B11,1,0,,2694,0,0,,2694,
1644418438,cn12,1,0,,2694,0,0,,2694,
1644418438,B54,1,1,job968_scenario0_2686,2694,0,0,,2694,
1644418438,B51,1,0,,2694,0,0,,2694,
1644418438,os4,1,0,,2694,0,0,,2694,
1644418438,in4,1,0,,2694,0,0,,2694,
1644418438,B33,1,0,,2694,0,0,,2694,
1644418438,in27,1,0,,2695,0,0,,2695,
1644418438,B14,1,0,,2695,0,0,,2695,
1644418438,B11,1,0,,2695,0,0,,2695,
1644418438,cn12,1,0,,2695,0,0,,2695,
1644418438,B54,1,1,job968_scenario0_2686,2695,0,0,,2695,
1644418438,B51,1,0,,2695,0,0,,2695,
1644418438,os4,1,0,,2695,0,0,,2695,
1644418438,in4,1,0,,2695,0,0,,2695,
1644418438,B33,1,0,,2695,0,0,,2695,
1644418438,in27,1,0,,2696,0,0,,2696,
1644418438,B14,1,0,,2696,0,0,,2696,
1644418438,B11,1,0,,2696,0,0,,2696,
1644418438,cn12,1,0,,2696,0,0,,2696,
1644418438,B54,1,1,job968_scenario0_2686,2696,0,0,,2696,
1644418438,B51,1,0,,2696,0,0,,2696,
1644418438,os4,1,0,,2696,0,0,,2696,
1644418438,in4,1,0,,2696,0,0,,2696,
1644418438,B33,1,0,,2696,0,0,,2696,
1644418438,in27,1,0,,2697,0,0,,2697,
1644418438,B14,1,0,,2697,0,0,,2697,
1644418438,B11,1,0,,2697,0,0,,2697,
1644418438,cn12,1,0,,2697,0,0,,2697,
1644418438,B54,1,1,job968_scenario0_2686,2697,0,0,,2697,
1644418438,B51,1,0,,2697,0,0,,2697,
1644418438,os4,1,0,,2697,0,0,,2697,
1644418438,in4,1,0,,2697,0,0,,2697,
1644418438,B33,1,0,,2697,0,0,,2697,
1644418438,in27,1,0,,2698,0,0,,2698,
1644418438,B14,1,0,,2698,0,0,,2698,
1644418438,B11,1,0,,2698,0,0,,2698,
1644418438,cn12,1,0,,2698,0,0,,2698,
1644418438,B54,1,1,job968_scenario0_2686,2698,0,0,,2698,
1644418438,B51,1,0,,2698,0,0,,2698,
1644418438,os4,1,0,,2698,0,0,,2698,
1644418438,in4,1,0,,2698,0,0,,2698,
1644418438,B33,1,0,,2698,0,0,,2698,
1644418438,in27,1,0,,2699,0,0,,2699,
1644418438,B14,1,0,,2699,0,0,,2699,
1644418438,B11,1,0,,2699,0,0,,2699,
1644418438,cn12,1,0,,2699,0,0,,2699,
1644418438,B54,1,1,job968_scenario0_2686,2699,0,0,,2699,
1644418438,B51,1,0,,2699,0,0,,2699,
1644418438,os4,1,0,,2699,0,0,,2699,
1644418438,in4,1,0,,2699,0,0,,2699,
1644418438,B33,1,0,,2699,0,0,,2699,
1644418438,in27,1,0,,2700,0,0,,2700,
1644418438,B14,1,0,,2700,0,0,,2700,
1644418438,B11,1,0,,2700,0,0,,2700,
1644418438,cn12,1,0,,2700,0,0,,2700,
1644418438,B54,1,1,job968_scenario0_2686,2700,0,0,,2700,
1644418438,B51,1,0,,2700,0,0,,2700,
1644418438,os4,1,0,,2700,0,0,,2700,
1644418438,in4,1,0,,2700,0,0,,2700,
1644418438,B33,1,0,,2700,0,0,,2700,
1644418438,in27,1,0,,2701,0,0,,2701,
1644418438,B14,1,0,,2701,0,0,,2701,
1644418438,B11,1,0,,2701,0,0,,2701,
1644418438,cn12,1,0,,2701,0,0,,2701,
1644418438,B54,1,1,job968_scenario0_2686,2701,0,0,,2701,
1644418438,B51,1,0,,2701,0,0,,2701,
1644418438,os4,1,0,,2701,0,0,,2701,
1644418438,in4,1,0,,2701,0,0,,2701,
1644418438,B33,1,0,,2701,0,0,,2701,
1644418438,in27,1,0,,2702,0,0,,2702,
1644418438,B14,1,0,,2702,0,0,,2702,
1644418438,B11,1,0,,2702,0,0,,2702,
1644418438,cn12,1,0,,2702,0,0,,2702,
1644418438,B54,1,1,job968_scenario0_2686,2702,0,0,,2702,
1644418438,B51,1,0,,2702,0,0,,2702,
1644418438,os4,1,0,,2702,0,0,,2702,
1644418438,in4,1,0,,2702,0,0,,2702,
1644418438,B33,1,0,,2702,0,0,,2702,
1644418438,in27,1,0,,2703,0,0,,2703,
1644418438,B14,1,0,,2703,0,0,,2703,
1644418438,B11,1,0,,2703,0,0,,2703,
1644418438,cn12,1,0,,2703,0,0,,2703,
1644418438,B54,1,1,job968_scenario0_2686,2703,0,0,,2703,
1644418438,B51,1,0,,2703,0,0,,2703,
1644418438,os4,1,0,,2703,0,0,,2703,
1644418438,in4,1,0,,2703,0,0,,2703,
1644418438,B33,1,0,,2703,0,0,,2703,
1644418438,in27,1,0,,2704,0,0,,2704,
1644418438,B14,1,0,,2704,0,0,,2704,
1644418438,B11,1,0,,2704,0,0,,2704,
1644418438,cn12,1,0,,2704,0,0,,2704,
1644418438,B54,1,1,job968_scenario0_2686,2704,0,0,,2704,
1644418438,B51,1,0,,2704,0,0,,2704,
1644418438,os4,1,0,,2704,0,0,,2704,
1644418438,in4,1,0,,2704,0,0,,2704,
1644418438,B33,1,0,,2704,0,0,,2704,
1644418438,in27,1,0,,2705,0,0,,2705,
1644418438,B14,1,0,,2705,0,0,,2705,
1644418438,B11,1,0,,2705,0,0,,2705,
1644418438,cn12,1,0,,2705,0,0,,2705,
1644418438,B54,1,1,job968_scenario0_2686,2705,0,0,,2705,
1644418438,B51,1,0,,2705,0,0,,2705,
1644418438,os4,1,0,,2705,0,0,,2705,
1644418438,in4,1,0,,2705,0,0,,2705,
1644418438,B33,1,0,,2705,0,0,,2705,
1644418438,in27,1,0,,2706,0,0,,2706,
1644418438,B14,1,0,,2706,0,0,,2706,
1644418438,B11,1,0,,2706,0,0,,2706,
1644418438,cn12,1,0,,2706,0,0,,2706,
1644418438,B54,1,0,,2706,0,0,,2706,
1644418438,B51,1,0,,2706,0,0,,2706,
1644418438,os4,1,0,,2706,0,0,,2706,
1644418438,in4,1,0,,2706,0,0,,2706,
1644418438,B33,1,0,,2706,0,0,,2706,
1644418438,in27,1,0,,2707,0,0,,2707,
1644418438,B14,1,0,,2707,0,0,,2707,
1644418438,B11,1,0,,2707,0,0,,2707,
1644418438,cn12,1,0,,2707,0,0,,2707,
1644418438,B54,1,0,,2707,0,0,,2707,
1644418438,B51,1,0,,2707,0,0,,2707,
1644418438,os4,1,0,,2707,0,0,,2707,
1644418438,in4,1,0,,2707,0,0,,2707,
1644418438,B33,1,0,,2707,0,0,,2707,
1644418438,in27,1,0,,2708,0,0,,2708,
1644418438,B14,1,0,,2708,0,0,,2708,
1644418438,B11,1,0,,2708,0,0,,2708,
1644418438,cn12,1,0,,2708,0,0,,2708,
1644418438,B54,1,0,,2708,0,0,,2708,
1644418438,B51,1,0,,2708,0,0,,2708,
1644418438,os4,1,0,,2708,0,0,,2708,
1644418438,in4,1,0,,2708,0,0,,2708,
1644418438,B33,1,0,,2708,0,0,,2708,
1644418439,in27,1,0,,2709,0,0,,2709,
1644418439,B14,1,0,,2709,0,0,,2709,
1644418439,B11,1,0,,2709,0,0,,2709,
1644418439,cn12,1,0,,2709,0,0,,2709,
1644418439,B54,1,0,,2709,0,0,,2709,
1644418439,B51,1,0,,2709,0,0,,2709,
1644418439,os4,1,0,,2709,0,0,,2709,
1644418439,in4,1,0,,2709,0,0,,2709,
1644418439,B33,1,0,,2709,0,0,,2709,
1644418439,in27,1,0,,2710,0,0,,2710,
1644418439,B14,1,0,,2710,0,0,,2710,
1644418439,B11,1,0,,2710,0,0,,2710,
1644418439,cn12,1,0,,2710,0,0,,2710,
1644418439,B54,1,0,,2710,0,0,,2710,
1644418439,B51,1,0,,2710,0,0,,2710,
1644418439,os4,1,0,,2710,0,0,,2710,
1644418439,in4,1,0,,2710,0,0,,2710,
1644418439,B33,1,0,,2710,0,0,,2710,
1644418439,in27,1,0,,2711,0,0,,2711,
1644418439,B14,1,0,,2711,0,0,,2711,
1644418439,B11,1,0,,2711,0,0,,2711,
1644418439,cn12,1,0,,2711,0,0,,2711,
1644418439,B54,1,0,,2711,0,0,,2711,
1644418439,B51,1,0,,2711,0,0,,2711,
1644418439,os4,1,0,,2711,0,0,,2711,
1644418439,in4,1,0,,2711,0,0,,2711,
1644418439,B33,1,0,,2711,0,0,,2711,
1644418439,in27,1,0,,2712,0,0,,2712,
1644418439,B14,1,0,,2712,0,0,,2712,
1644418439,B11,1,0,,2712,0,0,,2712,
1644418439,cn12,1,0,,2712,0,0,,2712,
1644418439,B54,1,0,,2712,0,0,,2712,
1644418439,B51,1,0,,2712,0,0,,2712,
1644418439,os4,1,0,,2712,0,0,,2712,
1644418439,in4,1,0,,2712,0,0,,2712,
1644418439,B33,1,0,,2712,0,0,,2712,
1644418439,in27,1,0,,2713,0,0,,2713,
1644418439,B14,1,0,,2713,0,0,,2713,
1644418439,B11,1,0,,2713,0,0,,2713,
1644418439,cn12,1,0,,2713,0,0,,2713,
1644418439,B54,1,0,,2713,0,0,,2713,
1644418439,B51,1,0,,2713,0,0,,2713,
1644418439,os4,1,0,,2713,0,0,,2713,
1644418439,in4,1,0,,2713,0,0,,2713,
1644418439,B33,1,0,,2713,0,0,,2713,
1644418440,in27,1,0,,2714,0,0,,2714,
1644418440,B14,1,0,,2714,0,0,,2714,
1644418440,B11,1,0,,2714,0,0,,2714,
1644418440,cn12,1,0,,2714,0,0,,2714,
1644418440,B54,1,0,,2714,0,0,,2714,
1644418440,B51,1,1,job964_scenario0_2674,2714,0,0,,2714,
1644418440,os4,1,0,,2714,0,0,,2714,
1644418440,in4,1,0,,2714,0,0,,2714,
1644418440,B33,1,0,,2714,0,0,,2714,
1644418440,in27,1,0,,2715,0,0,,2715,
1644418440,B14,1,0,,2715,0,0,,2715,
1644418440,B11,1,0,,2715,0,0,,2715,
1644418440,cn12,1,0,,2715,0,0,,2715,
1644418440,B54,1,0,,2715,0,0,,2715,
1644418440,B51,1,1,job964_scenario0_2674,2715,0,0,,2715,
1644418440,os4,1,0,,2715,0,0,,2715,
1644418440,in4,1,0,,2715,0,0,,2715,
1644418440,B33,1,0,,2715,0,0,,2715,
1644418441,in27,1,0,,2716,0,0,,2716,
1644418441,B14,1,0,,2716,0,0,,2716,
1644418441,B11,1,0,,2716,0,0,,2716,
1644418441,cn12,1,0,,2716,0,0,,2716,
1644418441,B54,1,1,job967_scenario1_2685,2716,0,0,,2716,
1644418441,B51,1,1,job964_scenario0_2674,2716,0,0,,2716,
1644418441,os4,1,0,,2716,0,0,,2716,
1644418441,in4,1,0,,2716,0,0,,2716,
1644418441,B33,1,0,,2716,0,0,,2716,
1644418441,in27,1,0,,2717,0,0,,2717,
1644418441,B14,1,0,,2717,0,0,,2717,
1644418441,B11,1,0,,2717,0,0,,2717,
1644418441,cn12,1,0,,2717,0,0,,2717,
1644418441,B54,1,1,job967_scenario1_2685,2717,0,0,,2717,
1644418441,B51,1,1,job964_scenario0_2674,2717,0,0,,2717,
1644418441,os4,1,0,,2717,0,0,,2717,
1644418441,in4,1,0,,2717,0,0,,2717,
1644418441,B33,1,0,,2717,0,0,,2717,
1644418441,in27,1,0,,2718,0,0,,2718,
1644418441,B14,1,0,,2718,0,0,,2718,
1644418441,B11,1,0,,2718,0,0,,2718,
1644418441,cn12,1,0,,2718,0,0,,2718,
1644418441,B54,1,1,job967_scenario1_2685,2718,0,0,,2718,
1644418441,B51,1,1,job964_scenario0_2674,2718,0,0,,2718,
1644418441,os4,1,0,,2718,0,0,,2718,
1644418441,in4,1,0,,2718,0,0,,2718,
1644418441,B33,1,0,,2718,0,0,,2718,
1644418441,in27,1,0,,2719,0,0,,2719,
1644418441,B14,1,0,,2719,0,0,,2719,
1644418441,B11,1,0,,2719,0,0,,2719,
1644418441,cn12,1,0,,2719,0,0,,2719,
1644418441,B54,1,1,job967_scenario1_2685,2719,0,0,,2719,
1644418441,B51,1,1,job964_scenario0_2674,2719,0,0,,2719,
1644418441,os4,1,0,,2719,0,0,,2719,
1644418441,in4,1,0,,2719,0,0,,2719,
1644418441,B33,1,0,,2719,0,0,,2719,
1644418441,in27,1,0,,2720,0,0,,2720,
1644418441,B14,1,0,,2720,0,0,,2720,
1644418441,B11,1,0,,2720,0,0,,2720,
1644418441,cn12,1,0,,2720,0,0,,2720,
1644418441,B54,1,1,job967_scenario1_2685,2720,0,0,,2720,
1644418441,B51,1,1,job964_scenario0_2674,2720,0,0,,2720,
1644418441,os4,1,0,,2720,0,0,,2720,
1644418441,in4,1,0,,2720,0,0,,2720,
1644418441,B33,1,0,,2720,0,0,,2720,
1644418442,in27,1,0,,2721,0,0,,2721,
1644418442,B14,1,0,,2721,0,0,,2721,
1644418442,B11,1,0,,2721,0,0,,2721,
1644418442,cn12,1,0,,2721,0,0,,2721,
1644418442,B54,1,0,,2721,0,0,,2721,
1644418442,B51,1,1,job964_scenario0_2674,2721,0,0,,2721,
1644418442,os4,1,0,,2721,0,0,,2721,
1644418442,in4,1,0,,2721,0,0,,2721,
1644418442,B33,1,0,,2721,0,0,,2721,
1644418442,in27,1,0,,2722,0,0,,2722,
1644418442,B14,1,0,,2722,0,0,,2722,
1644418442,B11,1,0,,2722,0,0,,2722,
1644418442,cn12,1,0,,2722,0,0,,2722,
1644418442,B54,1,0,,2722,0,0,,2722,
1644418442,B51,1,1,job964_scenario0_2674,2722,0,0,,2722,
1644418442,os4,1,0,,2722,0,0,,2722,
1644418442,in4,1,0,,2722,0,0,,2722,
1644418442,B33,1,0,,2722,0,0,,2722,
1644418442,in27,1,0,,2723,0,0,,2723,
1644418442,B14,1,0,,2723,0,0,,2723,
1644418442,B11,1,0,,2723,0,0,,2723,
1644418442,cn12,1,0,,2723,0,0,,2723,
1644418442,B54,1,0,,2723,0,0,,2723,
1644418442,B51,1,1,job964_scenario0_2674,2723,0,0,,2723,
1644418442,os4,1,0,,2723,0,0,,2723,
1644418442,in4,1,0,,2723,0,0,,2723,
1644418442,B33,1,0,,2723,0,0,,2723,
1644418442,in27,1,0,,2724,0,0,,2724,
1644418442,B14,1,0,,2724,0,0,,2724,
1644418442,B11,1,0,,2724,0,0,,2724,
1644418442,cn12,1,0,,2724,0,0,,2724,
1644418442,B54,1,0,,2724,0,0,,2724,
1644418442,B51,1,1,job964_scenario0_2674,2724,0,0,,2724,
1644418442,os4,1,0,,2724,0,0,,2724,
1644418442,in4,1,0,,2724,0,0,,2724,
1644418442,B33,1,0,,2724,0,0,,2724,
1644418442,in27,1,0,,2725,0,0,,2725,
1644418442,B14,1,0,,2725,0,0,,2725,
1644418442,B11,1,0,,2725,0,0,,2725,
1644418442,cn12,1,0,,2725,0,0,,2725,
1644418442,B54,1,0,,2725,0,0,,2725,
1644418442,B51,1,0,,2725,0,0,,2725,
1644418442,os4,1,0,,2725,0,0,,2725,
1644418442,in4,1,0,,2725,0,0,,2725,
1644418442,B33,1,0,,2725,0,0,,2725,
1644418442,in27,1,0,,2726,0,0,,2726,
1644418442,B14,1,0,,2726,0,0,,2726,
1644418442,B11,1,0,,2726,0,0,,2726,
1644418442,cn12,1,0,,2726,0,0,,2726,
1644418442,B54,1,0,,2726,0,0,,2726,
1644418442,B51,1,0,,2726,0,0,,2726,
1644418442,os4,1,0,,2726,0,0,,2726,
1644418442,in4,1,0,,2726,0,0,,2726,
1644418442,B33,1,0,,2726,0,0,,2726,
1644418442,in27,1,0,,2727,0,0,,2727,
1644418442,B14,1,0,,2727,0,0,,2727,
1644418442,B11,1,0,,2727,0,0,,2727,
1644418442,cn12,1,0,,2727,0,0,,2727,
1644418442,B54,1,0,,2727,0,0,,2727,
1644418442,B51,1,0,,2727,0,0,,2727,
1644418442,os4,1,0,,2727,0,0,,2727,
1644418442,in4,1,0,,2727,0,0,,2727,
1644418442,B33,1,0,,2727,0,0,,2727,
1644418443,in27,1,0,,2728,0,0,,2728,
1644418443,B14,1,0,,2728,0,0,,2728,
1644418443,B11,1,0,,2728,0,0,,2728,
1644418443,cn12,1,0,,2728,0,0,,2728,
1644418443,B54,1,0,,2728,0,0,,2728,
1644418443,B51,1,0,,2728,0,0,,2728,
1644418443,os4,1,0,,2728,0,0,,2728,
1644418443,in4,1,0,,2728,0,0,,2728,
1644418443,B33,1,0,,2728,0,0,,2728,
1644418443,in27,1,0,,2729,0,0,,2729,
1644418443,B14,1,0,,2729,0,0,,2729,
1644418443,B11,1,0,,2729,0,0,,2729,
1644418443,cn12,1,0,,2729,0,0,,2729,
1644418443,B54,1,0,,2729,0,0,,2729,
1644418443,B51,1,0,,2729,0,0,,2729,
1644418443,os4,1,0,,2729,0,0,,2729,
1644418443,in4,1,0,,2729,0,0,,2729,
1644418444,B33,1,0,,2729,0,0,,2729,
1644418444,in27,1,0,,2730,0,0,,2730,
1644418444,B14,1,0,,2730,0,0,,2730,
1644418444,B11,1,0,,2730,0,0,,2730,
1644418444,cn12,1,0,,2730,0,0,,2730,
1644418444,B54,1,1,job973_scenario0_2714,2730,0,0,,2730,
1644418444,B51,1,0,,2730,0,0,,2730,
1644418444,os4,1,0,,2730,0,0,,2730,
1644418444,in4,1,0,,2730,0,0,,2730,
1644418444,B33,1,0,,2730,0,0,,2730,
1644418444,in27,1,0,,2731,0,0,,2731,
1644418444,B14,1,0,,2731,0,0,,2731,
1644418444,B11,1,0,,2731,0,0,,2731,
1644418444,cn12,1,0,,2731,0,0,,2731,
1644418444,B54,1,1,job973_scenario0_2714,2731,0,0,,2731,
1644418444,B51,1,0,,2731,0,0,,2731,
1644418444,os4,1,0,,2731,0,0,,2731,
1644418444,in4,1,0,,2731,0,0,,2731,
1644418444,B33,1,0,,2731,0,0,,2731,
1644418444,in27,1,0,,2732,0,0,,2732,
1644418444,B14,1,0,,2732,0,0,,2732,
1644418444,B11,1,0,,2732,0,0,,2732,
1644418444,cn12,1,0,,2732,0,0,,2732,
1644418444,B54,1,1,job973_scenario0_2714,2732,0,0,,2732,
1644418444,B51,1,0,,2732,0,0,,2732,
1644418444,os4,1,0,,2732,0,0,,2732,
1644418444,in4,1,0,,2732,0,0,,2732,
1644418444,B33,1,0,,2732,0,0,,2732,
1644418444,in27,1,0,,2733,0,0,,2733,
1644418444,B14,1,0,,2733,0,0,,2733,
1644418444,B11,1,0,,2733,0,0,,2733,
1644418444,cn12,1,0,,2733,0,0,,2733,
1644418444,B54,1,1,job973_scenario0_2714,2733,0,0,,2733,
1644418444,B51,1,0,,2733,0,0,,2733,
1644418444,os4,1,0,,2733,0,0,,2733,
1644418444,in4,1,0,,2733,0,0,,2733,
1644418444,B33,1,0,,2733,0,0,,2733,
1644418444,in27,1,0,,2734,0,0,,2734,
1644418444,B14,1,0,,2734,0,0,,2734,
1644418444,B11,1,0,,2734,0,0,,2734,
1644418444,cn12,1,0,,2734,0,0,,2734,
1644418444,B54,1,1,job973_scenario0_2714,2734,0,0,,2734,
1644418444,B51,1,0,,2734,0,0,,2734,
1644418444,os4,1,0,,2734,0,0,,2734,
1644418444,in4,1,0,,2734,0,0,,2734,
1644418444,B33,1,0,,2734,0,0,,2734,
1644418444,in27,1,0,,2735,0,0,,2735,
1644418444,B14,1,0,,2735,0,0,,2735,
1644418444,B11,1,0,,2735,0,0,,2735,
1644418444,cn12,1,0,,2735,0,0,,2735,
1644418444,B54,1,1,job973_scenario0_2714,2735,0,0,,2735,
1644418444,B51,1,0,,2735,0,0,,2735,
1644418444,os4,1,0,,2735,0,0,,2735,
1644418444,in4,1,0,,2735,0,0,,2735,
1644418444,B33,1,0,,2735,0,0,,2735,
1644418444,in27,1,0,,2736,0,0,,2736,
1644418444,B14,1,0,,2736,0,0,,2736,
1644418444,B11,1,0,,2736,0,0,,2736,
1644418444,cn12,1,0,,2736,0,0,,2736,
1644418444,B54,1,1,job973_scenario0_2714,2736,0,0,,2736,
1644418444,B51,1,0,,2736,0,0,,2736,
1644418444,os4,1,0,,2736,0,0,,2736,
1644418444,in4,1,0,,2736,0,0,,2736,
1644418444,B33,1,0,,2736,0,0,,2736,
1644418444,in27,1,0,,2737,0,0,,2737,
1644418444,B14,1,0,,2737,0,0,,2737,
1644418444,B11,1,0,,2737,0,0,,2737,
1644418444,cn12,1,0,,2737,0,0,,2737,
1644418444,B54,1,1,job973_scenario0_2714,2737,0,0,,2737,
1644418444,B51,1,0,,2737,0,0,,2737,
1644418444,os4,1,0,,2737,0,0,,2737,
1644418444,in4,1,0,,2737,0,0,,2737,
1644418444,B33,1,0,,2737,0,0,,2737,
1644418444,in27,1,0,,2738,0,0,,2738,
1644418444,B14,1,0,,2738,0,0,,2738,
1644418444,B11,1,0,,2738,0,0,,2738,
1644418444,cn12,1,0,,2738,0,0,,2738,
1644418444,B54,1,1,job973_scenario0_2714,2738,0,0,,2738,
1644418444,B51,1,0,,2738,0,0,,2738,
1644418444,os4,1,0,,2738,0,0,,2738,
1644418444,in4,1,0,,2738,0,0,,2738,
1644418444,B33,1,0,,2738,0,0,,2738,
1644418444,in27,1,0,,2739,0,0,,2739,
1644418444,B14,1,0,,2739,0,0,,2739,
1644418444,B11,1,0,,2739,0,0,,2739,
1644418444,cn12,1,0,,2739,0,0,,2739,
1644418444,B54,1,1,job973_scenario0_2714,2739,0,0,,2739,
1644418444,B51,1,0,,2739,0,0,,2739,
1644418444,os4,1,0,,2739,0,0,,2739,
1644418444,in4,1,0,,2739,0,0,,2739,
1644418444,B33,1,0,,2739,0,0,,2739,
1644418444,in27,1,0,,2740,0,0,,2740,
1644418444,B14,1,0,,2740,0,0,,2740,
1644418444,B11,1,0,,2740,0,0,,2740,
1644418444,cn12,1,0,,2740,0,0,,2740,
1644418444,B54,1,1,job973_scenario0_2714,2740,0,0,,2740,
1644418444,B51,1,0,,2740,0,0,,2740,
1644418444,os4,1,0,,2740,0,0,,2740,
1644418444,in4,1,0,,2740,0,0,,2740,
1644418444,B33,1,0,,2740,0,0,,2740,
1644418444,in27,1,0,,2741,0,0,,2741,
1644418444,B14,1,0,,2741,0,0,,2741,
1644418444,B11,1,0,,2741,0,0,,2741,
1644418444,cn12,1,0,,2741,0,0,,2741,
1644418444,B54,1,0,,2741,0,0,,2741,
1644418444,B51,1,0,,2741,0,0,,2741,
1644418444,os4,1,0,,2741,0,0,,2741,
1644418444,in4,1,0,,2741,0,0,,2741,
1644418444,B33,1,0,,2741,0,0,,2741,
1644418444,in27,1,0,,2742,0,0,,2742,
1644418444,B14,1,0,,2742,0,0,,2742,
1644418444,B11,1,0,,2742,0,0,,2742,
1644418444,cn12,1,0,,2742,0,0,,2742,
1644418444,B54,1,0,,2742,0,0,,2742,
1644418444,B51,1,0,,2742,0,0,,2742,
1644418444,os4,1,0,,2742,0,0,,2742,
1644418444,in4,1,0,,2742,0,0,,2742,
1644418444,B33,1,0,,2742,0,0,,2742,
1644418444,in27,1,0,,2743,0,0,,2743,
1644418444,B14,1,0,,2743,0,0,,2743,
1644418444,B11,1,0,,2743,0,0,,2743,
1644418444,cn12,1,0,,2743,0,0,,2743,
1644418445,B54,1,0,,2743,0,0,,2743,
1644418445,B51,1,0,,2743,0,0,,2743,
1644418445,os4,1,0,,2743,0,0,,2743,
1644418445,in4,1,0,,2743,0,0,,2743,
1644418445,B33,1,0,,2743,0,0,,2743,
1644418445,in27,1,0,,2744,0,0,,2744,
1644418445,B14,1,0,,2744,0,0,,2744,
1644418445,B11,1,0,,2744,0,0,,2744,
1644418445,cn12,1,0,,2744,0,0,,2744,
1644418445,B54,1,0,,2744,0,0,,2744,
1644418445,B51,1,0,,2744,0,0,,2744,
1644418445,os4,1,0,,2744,0,0,,2744,
1644418445,in4,1,0,,2744,0,0,,2744,
1644418445,B33,1,0,,2744,0,0,,2744,
1644418445,in27,1,0,,2745,0,0,,2745,
1644418445,B14,1,0,,2745,0,0,,2745,
1644418445,B11,1,0,,2745,0,0,,2745,
1644418445,cn12,1,0,,2745,0,0,,2745,
1644418445,B54,1,0,,2745,0,0,,2745,
1644418445,B51,1,0,,2745,0,0,,2745,
1644418445,os4,1,0,,2745,0,0,,2745,
1644418445,in4,1,0,,2745,0,0,,2745,
1644418445,B33,1,0,,2745,0,0,,2745,
1644418445,in27,1,0,,2746,0,0,,2746,
1644418445,B14,1,0,,2746,0,0,,2746,
1644418445,B11,1,0,,2746,0,0,,2746,
1644418445,cn12,1,0,,2746,0,0,,2746,
1644418445,B54,1,1,job971_scenario1_2706,2746,0,0,,2746,
1644418445,B51,1,0,,2746,0,0,,2746,
1644418445,os4,1,0,,2746,0,0,,2746,
1644418445,in4,1,0,,2746,0,0,,2746,
1644418445,B33,1,0,,2746,0,0,,2746,
1644418445,in27,1,0,,2747,0,0,,2747,
1644418445,B14,1,0,,2747,0,0,,2747,
1644418445,B11,1,0,,2747,0,0,,2747,
1644418445,cn12,1,0,,2747,0,0,,2747,
1644418445,B54,1,1,job971_scenario1_2706,2747,0,0,,2747,
1644418445,B51,1,0,,2747,0,0,,2747,
1644418445,os4,1,0,,2747,0,0,,2747,
1644418445,in4,1,0,,2747,0,0,,2747,
1644418445,B33,1,0,,2747,0,0,,2747,
1644418445,in27,1,0,,2748,0,0,,2748,
1644418445,B14,1,0,,2748,0,0,,2748,
1644418445,B11,1,0,,2748,0,0,,2748,
1644418445,cn12,1,0,,2748,0,0,,2748,
1644418445,B54,1,1,job971_scenario1_2706,2748,0,0,,2748,
1644418445,B51,1,0,,2748,0,0,,2748,
1644418445,os4,1,0,,2748,0,0,,2748,
1644418445,in4,1,0,,2748,0,0,,2748,
1644418445,B33,1,0,,2748,0,0,,2748,
1644418445,in27,1,0,,2749,0,0,,2749,
1644418445,B14,1,0,,2749,0,0,,2749,
1644418445,B11,1,0,,2749,0,0,,2749,
1644418445,cn12,1,0,,2749,0,0,,2749,
1644418445,B54,1,1,job971_scenario1_2706,2749,0,0,,2749,
1644418445,B51,1,0,,2749,0,0,,2749,
1644418445,os4,1,0,,2749,0,0,,2749,
1644418445,in4,1,0,,2749,0,0,,2749,
1644418445,B33,1,0,,2749,0,0,,2749,
1644418445,in27,1,0,,2750,0,0,,2750,
1644418445,B14,1,0,,2750,0,0,,2750,
1644418445,B11,1,0,,2750,0,0,,2750,
1644418445,cn12,1,0,,2750,0,0,,2750,
1644418445,B54,1,1,job971_scenario1_2706,2750,0,0,,2750,
1644418445,B51,1,0,,2750,0,0,,2750,
1644418445,os4,1,0,,2750,0,0,,2750,
1644418445,in4,1,0,,2750,0,0,,2750,
1644418445,B33,1,0,,2750,0,0,,2750,
1644418445,in27,1,0,,2751,0,0,,2751,
1644418445,B14,1,0,,2751,0,0,,2751,
1644418445,B11,1,0,,2751,0,0,,2751,
1644418445,cn12,1,0,,2751,0,0,,2751,
1644418445,B54,1,1,job971_scenario1_2706,2751,0,0,,2751,
1644418445,B51,1,0,,2751,0,0,,2751,
1644418445,os4,1,0,,2751,0,0,,2751,
1644418445,in4,1,0,,2751,0,0,,2751,
1644418445,B33,1,0,,2751,0,0,,2751,
1644418446,in27,1,0,,2752,0,0,,2752,
1644418446,B14,1,0,,2752,0,0,,2752,
1644418446,B11,1,0,,2752,0,0,,2752,
1644418446,cn12,1,0,,2752,0,0,,2752,
1644418446,B54,1,0,,2752,0,0,,2752,
1644418446,B51,1,0,,2752,0,0,,2752,
1644418446,os4,1,0,,2752,0,0,,2752,
1644418446,in4,1,0,,2752,0,0,,2752,
1644418446,B33,1,1,job982_scenario2_2751,2752,0,0,,2752,
1644418446,in27,1,0,,2753,0,0,,2753,
1644418446,B14,1,0,,2753,0,0,,2753,
1644418446,B11,1,0,,2753,0,0,,2753,
1644418446,cn12,1,0,,2753,0,0,,2753,
1644418446,B54,1,0,,2753,0,0,,2753,
1644418446,B51,1,0,,2753,0,0,,2753,
1644418446,os4,1,0,,2753,0,0,,2753,
1644418446,in4,1,0,,2753,0,0,,2753,
1644418446,B33,1,1,job982_scenario2_2751,2753,0,0,,2753,
1644418447,in27,1,0,,2754,0,0,,2754,
1644418447,B14,1,0,,2754,0,0,,2754,
1644418447,B11,1,0,,2754,0,0,,2754,
1644418447,cn12,1,0,,2754,0,0,,2754,
1644418447,B54,1,1,job976_scenario1_2719,2754,0,0,,2754,
1644418447,B51,1,0,,2754,0,0,,2754,
1644418447,os4,1,0,,2754,0,0,,2754,
1644418447,in4,1,0,,2754,0,0,,2754,
1644418447,B33,1,1,job982_scenario2_2751,2754,0,0,,2754,
1644418447,in27,1,0,,2755,0,0,,2755,
1644418447,B14,1,0,,2755,0,0,,2755,
1644418447,B11,1,0,,2755,0,0,,2755,
1644418447,cn12,1,0,,2755,0,0,,2755,
1644418447,B54,1,1,job976_scenario1_2719,2755,0,0,,2755,
1644418447,B51,1,0,,2755,0,0,,2755,
1644418447,os4,1,0,,2755,0,0,,2755,
1644418447,in4,1,0,,2755,0,0,,2755,
1644418447,B33,1,0,,2755,0,0,,2755,
1644418447,in27,1,0,,2756,0,0,,2756,
1644418447,B14,1,0,,2756,0,0,,2756,
1644418447,B11,1,0,,2756,0,0,,2756,
1644418447,cn12,1,0,,2756,0,0,,2756,
1644418447,B54,1,1,job976_scenario1_2719,2756,0,0,,2756,
1644418447,B51,1,0,,2756,0,0,,2756,
1644418447,os4,1,0,,2756,0,0,,2756,
1644418447,in4,1,0,,2756,0,0,,2756,
1644418447,B33,1,0,,2756,0,0,,2756,
1644418447,in27,1,0,,2757,0,0,,2757,
1644418447,B14,1,0,,2757,0,0,,2757,
1644418447,B11,1,0,,2757,0,0,,2757,
1644418447,cn12,1,0,,2757,0,0,,2757,
1644418447,B54,1,1,job976_scenario1_2719,2757,0,0,,2757,
1644418447,B51,1,0,,2757,0,0,,2757,
1644418447,os4,1,0,,2757,0,0,,2757,
1644418447,in4,1,0,,2757,0,0,,2757,
1644418447,B33,1,0,,2757,0,0,,2757,
1644418448,in27,1,0,,2758,0,0,,2758,
1644418448,B14,1,0,,2758,0,0,,2758,
1644418448,B11,1,0,,2758,0,0,,2758,
1644418448,cn12,1,0,,2758,0,0,,2758,
1644418448,B54,1,1,job976_scenario1_2719,2758,0,0,,2758,
1644418448,B51,1,0,,2758,0,0,,2758,
1644418448,os4,1,0,,2758,0,0,,2758,
1644418448,in4,1,0,,2758,0,0,,2758,
1644418448,B33,1,0,,2758,0,0,,2758,
1644418448,in27,1,0,,2759,0,0,,2759,
1644418448,B14,1,0,,2759,0,0,,2759,
1644418448,B11,1,0,,2759,0,0,,2759,
1644418448,cn12,1,0,,2759,0,0,,2759,
1644418448,B54,1,1,job976_scenario1_2719,2759,0,0,,2759,
1644418448,B51,1,0,,2759,0,0,,2759,
1644418448,os4,1,0,,2759,0,0,,2759,
1644418448,in4,1,0,,2759,0,0,,2759,
1644418448,B33,1,0,,2759,0,0,,2759,
1644418448,in27,1,0,,2760,0,0,,2760,
1644418448,B14,1,0,,2760,0,0,,2760,
1644418448,B11,1,0,,2760,0,0,,2760,
1644418448,cn12,1,0,,2760,0,0,,2760,
1644418448,B54,1,1,job976_scenario1_2719,2760,0,0,,2760,
1644418448,B51,1,0,,2760,0,0,,2760,
1644418448,os4,1,0,,2760,0,0,,2760,
1644418448,in4,1,0,,2760,0,0,,2760,
1644418448,B33,1,0,,2760,0,0,,2760,
1644418448,in27,1,0,,2761,0,0,,2761,
1644418448,B14,1,0,,2761,0,0,,2761,
1644418448,B11,1,0,,2761,0,0,,2761,
1644418448,cn12,1,0,,2761,0,0,,2761,
1644418448,B54,1,1,job976_scenario1_2719,2761,0,0,,2761,
1644418448,B51,1,0,,2761,0,0,,2761,
1644418448,os4,1,0,,2761,0,0,,2761,
1644418448,in4,1,0,,2761,0,0,,2761,
1644418448,B33,1,0,,2761,0,0,,2761,
1644418448,in27,1,0,,2762,0,0,,2762,
1644418448,B14,1,0,,2762,0,0,,2762,
1644418448,B11,1,0,,2762,0,0,,2762,
1644418448,cn12,1,0,,2762,0,0,,2762,
1644418448,B54,1,1,job976_scenario1_2719,2762,0,0,,2762,
1644418448,B51,1,0,,2762,0,0,,2762,
1644418448,os4,1,0,,2762,0,0,,2762,
1644418448,in4,1,0,,2762,0,0,,2762,
1644418448,B33,1,0,,2762,0,0,,2762,
1644418448,in27,1,0,,2763,0,0,,2763,
1644418448,B14,1,0,,2763,0,0,,2763,
1644418448,B11,1,0,,2763,0,0,,2763,
1644418448,cn12,1,0,,2763,0,0,,2763,
1644418448,B54,1,0,,2763,0,0,,2763,
1644418448,B51,1,0,,2763,0,0,,2763,
1644418448,os4,1,0,,2763,0,0,,2763,
1644418448,in4,1,0,,2763,0,0,,2763,
1644418448,B33,1,0,,2763,0,0,,2763,
1644418448,in27,1,0,,2764,0,0,,2764,
1644418448,B14,1,0,,2764,0,0,,2764,
1644418448,B11,1,0,,2764,0,0,,2764,
1644418448,cn12,1,0,,2764,0,0,,2764,
1644418448,B54,1,0,,2764,0,0,,2764,
1644418448,B51,1,0,,2764,0,0,,2764,
1644418448,os4,1,0,,2764,0,0,,2764,
1644418448,in4,1,0,,2764,0,0,,2764,
1644418448,B33,1,0,,2764,0,0,,2764,
1644418448,in27,1,0,,2765,0,0,,2765,
1644418448,B14,1,0,,2765,0,0,,2765,
1644418448,B11,1,0,,2765,0,0,,2765,
1644418448,cn12,1,0,,2765,0,0,,2765,
1644418448,B54,1,0,,2765,0,0,,2765,
1644418448,B51,1,0,,2765,0,0,,2765,
1644418448,os4,1,0,,2765,0,0,,2765,
1644418448,in4,1,0,,2765,0,0,,2765,
1644418448,B33,1,0,,2765,0,0,,2765,
1644418449,in27,1,0,,2766,0,0,,2766,
1644418449,B14,1,0,,2766,0,0,,2766,
1644418449,B11,1,0,,2766,0,0,,2766,
1644418449,cn12,1,0,,2766,0,0,,2766,
1644418449,B54,1,0,,2766,0,0,,2766,
1644418449,B51,1,0,,2766,0,0,,2766,
1644418449,os4,1,0,,2766,0,0,,2766,
1644418449,in4,1,0,,2766,0,0,,2766,
1644418449,B33,1,0,,2766,0,0,,2766,
1644418450,in27,1,0,,2767,0,0,,2767,
1644418450,B14,1,0,,2767,0,0,,2767,
1644418450,B11,1,0,,2767,0,0,,2767,
1644418450,cn12,1,0,,2767,0,0,,2767,
1644418450,B54,1,0,,2767,0,0,,2767,
1644418450,B51,1,0,,2767,0,0,,2767,
1644418450,os4,1,0,,2767,0,0,,2767,
1644418450,in4,1,0,,2767,0,0,,2767,
1644418450,B33,1,0,,2767,0,0,,2767,
1644418450,in27,1,0,,2768,0,0,,2768,
1644418450,B14,1,0,,2768,0,0,,2768,
1644418450,B11,1,0,,2768,0,0,,2768,
1644418450,cn12,1,0,,2768,0,0,,2768,
1644418450,B54,1,0,,2768,0,0,,2768,
1644418450,B51,1,0,,2768,0,0,,2768,
1644418450,os4,1,0,,2768,0,0,,2768,
1644418450,in4,1,0,,2768,0,0,,2768,
1644418450,B33,1,0,,2768,0,0,,2768,
1644418450,in27,1,0,,2769,0,0,,2769,
1644418450,B14,1,0,,2769,0,0,,2769,
1644418450,B11,1,0,,2769,0,0,,2769,
1644418450,cn12,1,0,,2769,0,0,,2769,
1644418450,B54,1,0,,2769,0,0,,2769,
1644418450,B51,1,0,,2769,0,0,,2769,
1644418450,os4,1,0,,2769,0,0,,2769,
1644418450,in4,1,0,,2769,0,0,,2769,
1644418450,B33,1,0,,2769,0,0,,2769,
1644418450,in27,1,0,,2770,0,0,,2770,
1644418450,B14,1,0,,2770,0,0,,2770,
1644418450,B11,1,0,,2770,0,0,,2770,
1644418450,cn12,1,0,,2770,0,0,,2770,
1644418450,B54,1,0,,2770,0,0,,2770,
1644418450,B51,1,0,,2770,0,0,,2770,
1644418450,os4,1,0,,2770,0,0,,2770,
1644418450,in4,1,0,,2770,0,0,,2770,
1644418450,B33,1,0,,2770,0,0,,2770,
1644418450,in27,1,0,,2771,0,0,,2771,
1644418450,B14,1,0,,2771,0,0,,2771,
1644418450,B11,1,0,,2771,0,0,,2771,
1644418450,cn12,1,0,,2771,0,0,,2771,
1644418450,B54,1,0,,2771,0,0,,2771,
1644418450,B51,1,0,,2771,0,0,,2771,
1644418450,os4,1,0,,2771,0,0,,2771,
1644418450,in4,1,0,,2771,0,0,,2771,
1644418450,B33,1,0,,2771,0,0,,2771,
1644418451,in27,1,0,,2772,0,0,,2772,
1644418451,B14,1,0,,2772,0,0,,2772,
1644418451,B11,1,0,,2772,0,0,,2772,
1644418451,cn12,1,0,,2772,0,0,,2772,
1644418451,B54,1,1,job981_scenario1_2743,2772,0,0,,2772,
1644418451,B51,1,0,,2772,0,0,,2772,
1644418451,os4,1,0,,2772,0,0,,2772,
1644418451,in4,1,0,,2772,0,0,,2772,
1644418451,B33,1,0,,2772,0,0,,2772,
1644418451,in27,1,0,,2773,0,0,,2773,
1644418451,B14,1,0,,2773,0,0,,2773,
1644418451,B11,1,0,,2773,0,0,,2773,
1644418451,cn12,1,0,,2773,0,0,,2773,
1644418451,B54,1,1,job981_scenario1_2743,2773,0,0,,2773,
1644418451,B51,1,0,,2773,0,0,,2773,
1644418451,os4,1,0,,2773,0,0,,2773,
1644418451,in4,1,0,,2773,0,0,,2773,
1644418451,B33,1,0,,2773,0,0,,2773,
1644418451,in27,1,0,,2774,0,0,,2774,
1644418451,B14,1,0,,2774,0,0,,2774,
1644418451,B11,1,0,,2774,0,0,,2774,
1644418451,cn12,1,0,,2774,0,0,,2774,
1644418451,B54,1,1,job981_scenario1_2743,2774,0,0,,2774,
1644418451,B51,1,0,,2774,0,0,,2774,
1644418451,os4,1,0,,2774,0,0,,2774,
1644418451,in4,1,0,,2774,0,0,,2774,
1644418451,B33,1,0,,2774,0,0,,2774,
1644418451,in27,1,0,,2775,0,0,,2775,
1644418451,B14,1,0,,2775,0,0,,2775,
1644418451,B11,1,0,,2775,0,0,,2775,
1644418451,cn12,1,0,,2775,0,0,,2775,
1644418451,B54,1,1,job981_scenario1_2743,2775,0,0,,2775,
1644418451,B51,1,0,,2775,0,0,,2775,
1644418451,os4,1,0,,2775,0,0,,2775,
1644418451,in4,1,0,,2775,0,0,,2775,
1644418451,B33,1,0,,2775,0,0,,2775,
1644418451,in27,1,0,,2776,0,0,,2776,
1644418451,B14,1,0,,2776,0,0,,2776,
1644418451,B11,1,0,,2776,0,0,,2776,
1644418451,cn12,1,0,,2776,0,0,,2776,
1644418451,B54,1,1,job981_scenario1_2743,2776,0,0,,2776,
1644418451,B51,1,0,,2776,0,0,,2776,
1644418451,os4,1,0,,2776,0,0,,2776,
1644418451,in4,1,0,,2776,0,0,,2776,
1644418451,B33,1,0,,2776,0,0,,2776,
1644418451,in27,1,0,,2777,0,0,,2777,
1644418451,B14,1,0,,2777,0,0,,2777,
1644418451,B11,1,0,,2777,0,0,,2777,
1644418451,cn12,1,0,,2777,0,0,,2777,
1644418451,B54,1,1,job981_scenario1_2743,2777,0,0,,2777,
1644418451,B51,1,0,,2777,0,0,,2777,
1644418451,os4,1,0,,2777,0,0,,2777,
1644418451,in4,1,0,,2777,0,0,,2777,
1644418451,B33,1,0,,2777,0,0,,2777,
1644418451,in27,1,0,,2778,0,0,,2778,
1644418451,B14,1,0,,2778,0,0,,2778,
1644418451,B11,1,0,,2778,0,0,,2778,
1644418451,cn12,1,0,,2778,0,0,,2778,
1644418451,B54,1,1,job981_scenario1_2743,2778,0,0,,2778,
1644418451,B51,1,0,,2778,0,0,,2778,
1644418451,os4,1,0,,2778,0,0,,2778,
1644418451,in4,1,0,,2778,0,0,,2778,
1644418451,B33,1,0,,2778,0,0,,2778,
1644418452,in27,1,0,,2779,0,0,,2779,
1644418452,B14,1,0,,2779,0,0,,2779,
1644418452,B11,1,0,,2779,0,0,,2779,
1644418452,cn12,1,0,,2779,0,0,,2779,
1644418452,B54,1,0,,2779,0,0,,2779,
1644418452,B51,1,0,,2779,0,0,,2779,
1644418452,os4,1,0,,2779,0,0,,2779,
1644418452,in4,1,0,,2779,0,0,,2779,
1644418452,B33,1,0,,2779,0,0,,2779,
1644418452,in27,1,0,,2780,0,0,,2780,
1644418452,B14,1,0,,2780,0,0,,2780,
1644418452,B11,1,0,,2780,0,0,,2780,
1644418452,cn12,1,0,,2780,0,0,,2780,
1644418452,B54,1,0,,2780,0,0,,2780,
1644418452,B51,1,0,,2780,0,0,,2780,
1644418452,os4,1,0,,2780,0,0,,2780,
1644418452,in4,1,0,,2780,0,0,,2780,
1644418452,B33,1,0,,2780,0,0,,2780,
1644418452,in27,1,0,,2781,0,0,,2781,
1644418452,B14,1,0,,2781,0,0,,2781,
1644418452,B11,1,0,,2781,0,0,,2781,
1644418452,cn12,1,0,,2781,0,0,,2781,
1644418452,B54,1,0,,2781,0,0,,2781,
1644418452,B51,1,0,,2781,0,0,,2781,
1644418452,os4,1,0,,2781,0,0,,2781,
1644418452,in4,1,0,,2781,0,0,,2781,
1644418452,B33,1,0,,2781,0,0,,2781,
1644418452,in27,1,0,,2782,0,0,,2782,
1644418452,B14,1,0,,2782,0,0,,2782,
1644418452,B11,1,0,,2782,0,0,,2782,
1644418452,cn12,1,0,,2782,0,0,,2782,
1644418452,B54,1,0,,2782,0,0,,2782,
1644418452,B51,1,0,,2782,0,0,,2782,
1644418452,os4,1,0,,2782,0,0,,2782,
1644418452,in4,1,0,,2782,0,0,,2782,
1644418452,B33,1,0,,2782,0,0,,2782,
1644418452,in27,1,0,,2783,0,0,,2783,
1644418452,B14,1,0,,2783,0,0,,2783,
1644418452,B11,1,0,,2783,0,0,,2783,
1644418452,cn12,1,0,,2783,0,0,,2783,
1644418452,B54,1,0,,2783,0,0,,2783,
1644418452,B51,1,0,,2783,0,0,,2783,
1644418452,os4,1,0,,2783,0,0,,2783,
1644418452,in4,1,0,,2783,0,0,,2783,
1644418452,B33,1,0,,2783,0,0,,2783,
1644418452,in27,1,0,,2784,0,0,,2784,
1644418452,B14,1,0,,2784,0,0,,2784,
1644418452,B11,1,0,,2784,0,0,,2784,
1644418452,cn12,1,0,,2784,0,0,,2784,
1644418452,B54,1,0,,2784,0,0,,2784,
1644418452,B51,1,0,,2784,0,0,,2784,
1644418452,os4,1,0,,2784,0,0,,2784,
1644418452,in4,1,0,,2784,0,0,,2784,
1644418452,B33,1,0,,2784,0,0,,2784,
1644418452,in27,1,0,,2785,0,0,,2785,
1644418452,B14,1,0,,2785,0,0,,2785,
1644418452,B11,1,0,,2785,0,0,,2785,
1644418452,cn12,1,0,,2785,0,0,,2785,
1644418452,B54,1,0,,2785,0,0,,2785,
1644418452,B51,1,0,,2785,0,0,,2785,
1644418452,os4,1,0,,2785,0,0,,2785,
1644418452,in4,1,0,,2785,0,0,,2785,
1644418452,B33,1,0,,2785,0,0,,2785,
1644418452,in27,1,0,,2786,0,0,,2786,
1644418452,B14,1,0,,2786,0,0,,2786,
1644418452,B11,1,0,,2786,0,0,,2786,
1644418452,cn12,1,0,,2786,0,0,,2786,
1644418452,B54,1,0,,2786,0,0,,2786,
1644418452,B51,1,0,,2786,0,0,,2786,
1644418452,os4,1,0,,2786,0,0,,2786,
1644418452,in4,1,0,,2786,0,0,,2786,
1644418452,B33,1,0,,2786,0,0,,2786,
1644418452,in27,1,0,,2787,0,0,,2787,
1644418452,B14,1,0,,2787,0,0,,2787,
1644418452,B11,1,0,,2787,0,0,,2787,
1644418452,cn12,1,0,,2787,0,0,,2787,
1644418452,B54,1,0,,2787,0,0,,2787,
1644418452,B51,1,0,,2787,0,0,,2787,
1644418452,os4,1,0,,2787,0,0,,2787,
1644418452,in4,1,0,,2787,0,0,,2787,
1644418452,B33,1,0,,2787,0,0,,2787,
1644418452,in27,1,0,,2788,0,0,,2788,
1644418452,B14,1,0,,2788,0,0,,2788,
1644418452,B11,1,0,,2788,0,0,,2788,
1644418452,cn12,1,0,,2788,0,0,,2788,
1644418452,B54,1,0,,2788,0,0,,2788,
1644418452,B51,1,0,,2788,0,0,,2788,
1644418452,os4,1,0,,2788,0,0,,2788,
1644418452,in4,1,0,,2788,0,0,,2788,
1644418452,B33,1,0,,2788,0,0,,2788,
1644418452,in27,1,0,,2789,0,0,,2789,
1644418452,B14,1,0,,2789,0,0,,2789,
1644418452,B11,1,0,,2789,0,0,,2789,
1644418452,cn12,1,0,,2789,0,0,,2789,
1644418452,B54,1,0,,2789,0,0,,2789,
1644418452,B51,1,0,,2789,0,0,,2789,
1644418452,os4,1,0,,2789,0,0,,2789,
1644418452,in4,1,0,,2789,0,0,,2789,
1644418452,B33,1,0,,2789,0,0,,2789,
1644418452,in27,1,0,,2790,0,0,,2790,
1644418452,B14,1,0,,2790,0,0,,2790,
1644418452,B11,1,0,,2790,0,0,,2790,
1644418452,cn12,1,0,,2790,0,0,,2790,
1644418452,B54,1,0,,2790,0,0,,2790,
1644418452,B51,1,0,,2790,0,0,,2790,
1644418452,os4,1,0,,2790,0,0,,2790,
1644418452,in4,1,0,,2790,0,0,,2790,
1644418452,B33,1,0,,2790,0,0,,2790,
1644418452,in27,1,0,,2791,0,0,,2791,
1644418452,B14,1,0,,2791,0,0,,2791,
1644418452,B11,1,0,,2791,0,0,,2791,
1644418452,cn12,1,0,,2791,0,0,,2791,
1644418452,B54,1,0,,2791,0,0,,2791,
1644418452,B51,1,0,,2791,0,0,,2791,
1644418452,os4,1,0,,2791,0,0,,2791,
1644418452,in4,1,0,,2791,0,0,,2791,
1644418452,B33,1,0,,2791,0,0,,2791,
1644418453,in27,1,0,,2792,0,0,,2792,
1644418453,B14,1,0,,2792,0,0,,2792,
1644418453,B11,1,0,,2792,0,0,,2792,
1644418453,cn12,1,0,,2792,0,0,,2792,
1644418453,B54,1,1,job989_scenario1_2790,2792,0,0,,2792,
1644418453,B51,1,0,,2792,0,0,,2792,
1644418453,os4,1,0,,2792,0,0,,2792,
1644418453,in4,1,0,,2792,0,0,,2792,
1644418453,B33,1,0,,2792,0,0,,2792,
1644418453,in27,1,0,,2793,0,0,,2793,
1644418453,B14,1,0,,2793,0,0,,2793,
1644418453,B11,1,0,,2793,0,0,,2793,
1644418453,cn12,1,0,,2793,0,0,,2793,
1644418453,B54,1,1,job989_scenario1_2790,2793,0,0,,2793,
1644418453,B51,1,0,,2793,0,0,,2793,
1644418453,os4,1,0,,2793,0,0,,2793,
1644418453,in4,1,0,,2793,0,0,,2793,
1644418453,B33,1,0,,2793,0,0,,2793,
1644418453,in27,1,0,,2794,0,0,,2794,
1644418453,B14,1,0,,2794,0,0,,2794,
1644418453,B11,1,0,,2794,0,0,,2794,
1644418453,cn12,1,0,,2794,0,0,,2794,
1644418453,B54,1,1,job989_scenario1_2790,2794,0,0,,2794,
1644418453,B51,1,0,,2794,0,0,,2794,
1644418453,os4,1,0,,2794,0,0,,2794,
1644418453,in4,1,0,,2794,0,0,,2794,
1644418453,B33,1,0,,2794,0,0,,2794,
1644418453,in27,1,0,,2795,0,0,,2795,
1644418453,B14,1,0,,2795,0,0,,2795,
1644418453,B11,1,0,,2795,0,0,,2795,
1644418453,cn12,1,0,,2795,0,0,,2795,
1644418453,B54,1,1,job989_scenario1_2790,2795,0,0,,2795,
1644418453,B51,1,0,,2795,0,0,,2795,
1644418453,os4,1,0,,2795,0,0,,2795,
1644418453,in4,1,0,,2795,0,0,,2795,
1644418453,B33,1,0,,2795,0,0,,2795,
1644418453,in27,1,0,,2796,0,0,,2796,
1644418453,B14,1,0,,2796,0,0,,2796,
1644418453,B11,1,0,,2796,0,0,,2796,
1644418453,cn12,1,0,,2796,0,0,,2796,
1644418453,B54,1,1,job989_scenario1_2790,2796,0,0,,2796,
1644418453,B51,1,0,,2796,0,0,,2796,
1644418453,os4,1,0,,2796,0,0,,2796,
1644418453,in4,1,0,,2796,0,0,,2796,
1644418453,B33,1,0,,2796,0,0,,2796,
1644418453,in27,1,0,,2797,0,0,,2797,
1644418453,B14,1,0,,2797,0,0,,2797,
1644418453,B11,1,0,,2797,0,0,,2797,
1644418453,cn12,1,0,,2797,0,0,,2797,
1644418453,B54,1,0,,2797,0,0,,2797,
1644418453,B51,1,0,,2797,0,0,,2797,
1644418453,os4,1,0,,2797,0,0,,2797,
1644418453,in4,1,0,,2797,0,0,,2797,
1644418453,B33,1,0,,2797,0,0,,2797,
1644418453,in27,1,0,,2798,0,0,,2798,
1644418453,B14,1,0,,2798,0,0,,2798,
1644418453,B11,1,0,,2798,0,0,,2798,
1644418453,cn12,1,0,,2798,0,0,,2798,
1644418453,B54,1,0,,2798,0,0,,2798,
1644418453,B51,1,0,,2798,0,0,,2798,
1644418453,os4,1,0,,2798,0,0,,2798,
1644418453,in4,1,0,,2798,0,0,,2798,
1644418453,B33,1,0,,2798,0,0,,2798,
1644418453,in27,1,0,,2799,0,0,,2799,
1644418453,B14,1,0,,2799,0,0,,2799,
1644418453,B11,1,0,,2799,0,0,,2799,
1644418453,cn12,1,0,,2799,0,0,,2799,
1644418453,B54,1,0,,2799,0,0,,2799,
1644418453,B51,1,0,,2799,0,0,,2799,
1644418453,os4,1,0,,2799,0,0,,2799,
1644418453,in4,1,0,,2799,0,0,,2799,
1644418453,B33,1,0,,2799,0,0,,2799,
1644418453,in27,1,0,,2800,0,0,,2800,
1644418453,B14,1,0,,2800,0,0,,2800,
1644418453,B11,1,0,,2800,0,0,,2800,
1644418453,cn12,1,0,,2800,0,0,,2800,
1644418453,B54,1,0,,2800,0,0,,2800,
1644418453,B51,1,0,,2800,0,0,,2800,
1644418453,os4,1,0,,2800,0,0,,2800,
1644418453,in4,1,0,,2800,0,0,,2800,
1644418453,B33,1,0,,2800,0,0,,2800,
1644418453,in27,1,0,,2801,0,0,,2801,
1644418453,B14,1,0,,2801,0,0,,2801,
1644418453,B11,1,0,,2801,0,0,,2801,
1644418453,cn12,1,0,,2801,0,0,,2801,
1644418453,B54,1,0,,2801,0,0,,2801,
1644418453,B51,1,0,,2801,0,0,,2801,
1644418453,os4,1,0,,2801,0,0,,2801,
1644418453,in4,1,0,,2801,0,0,,2801,
1644418454,B33,1,0,,2801,0,0,,2801,
1644418454,in27,1,0,,2802,0,0,,2802,
1644418454,B14,1,0,,2802,0,0,,2802,
1644418454,B11,1,0,,2802,0,0,,2802,
1644418454,cn12,1,0,,2802,0,0,,2802,
1644418454,B54,1,0,,2802,0,0,,2802,
1644418454,B51,1,0,,2802,0,0,,2802,
1644418454,os4,1,0,,2802,0,0,,2802,
1644418454,in4,1,0,,2802,0,0,,2802,
1644418454,B33,1,0,,2802,0,0,,2802,
1644418454,in27,1,0,,2803,0,0,,2803,
1644418454,B14,1,0,,2803,0,0,,2803,
1644418454,B11,1,0,,2803,0,0,,2803,
1644418454,cn12,1,0,,2803,0,0,,2803,
1644418454,B54,1,0,,2803,0,0,,2803,
1644418454,B51,1,0,,2803,0,0,,2803,
1644418454,os4,1,0,,2803,0,0,,2803,
1644418454,in4,1,0,,2803,0,0,,2803,
1644418454,B33,1,0,,2803,0,0,,2803,
1644418454,in27,1,0,,2804,0,0,,2804,
1644418454,B14,1,0,,2804,0,0,,2804,
1644418454,B11,1,0,,2804,0,0,,2804,
1644418454,cn12,1,0,,2804,0,0,,2804,
1644418454,B54,1,0,,2804,0,0,,2804,
1644418454,B51,1,0,,2804,0,0,,2804,
1644418454,os4,1,0,,2804,0,0,,2804,
1644418454,in4,1,0,,2804,0,0,,2804,
1644418454,B33,1,0,,2804,0,0,,2804,
1644418454,in27,1,0,,2805,0,0,,2805,
1644418454,B14,1,0,,2805,0,0,,2805,
1644418454,B11,1,1,job991_scenario3_2802,2805,0,0,,2805,
1644418454,cn12,1,0,,2805,0,0,,2805,
1644418454,B54,1,0,,2805,0,0,,2805,
1644418454,B51,1,0,,2805,0,0,,2805,
1644418454,os4,1,0,,2805,0,0,,2805,
1644418454,in4,1,0,,2805,0,0,,2805,
1644418454,B33,1,0,,2805,0,0,,2805,
1644418454,in27,1,0,,2806,0,0,,2806,
1644418454,B14,1,0,,2806,0,0,,2806,
1644418454,B11,1,1,job991_scenario3_2802,2806,0,0,,2806,
1644418454,cn12,1,0,,2806,0,0,,2806,
1644418454,B54,1,0,,2806,0,0,,2806,
1644418454,B51,1,0,,2806,0,0,,2806,
1644418454,os4,1,0,,2806,0,0,,2806,
1644418454,in4,1,0,,2806,0,0,,2806,
1644418454,B33,1,0,,2806,0,0,,2806,
1644418454,in27,1,0,,2807,0,0,,2807,
1644418454,B14,1,0,,2807,0,0,,2807,
1644418454,B11,1,1,job991_scenario3_2802,2807,0,0,,2807,
1644418454,cn12,1,0,,2807,0,0,,2807,
1644418454,B54,1,0,,2807,0,0,,2807,
1644418454,B51,1,0,,2807,0,0,,2807,
1644418454,os4,1,0,,2807,0,0,,2807,
1644418454,in4,1,0,,2807,0,0,,2807,
1644418454,B33,1,0,,2807,0,0,,2807,
1644418454,in27,1,0,,2808,0,0,,2808,
1644418454,B14,1,0,,2808,0,0,,2808,
1644418454,B11,1,0,,2808,0,0,,2808,
1644418454,cn12,1,0,,2808,0,0,,2808,
1644418454,B54,1,0,,2808,0,0,,2808,
1644418454,B51,1,0,,2808,0,0,,2808,
1644418454,os4,1,0,,2808,0,0,,2808,
1644418454,in4,1,0,,2808,0,0,,2808,
1644418454,B33,1,0,,2808,0,0,,2808,
1644418454,in27,1,0,,2809,0,0,,2809,
1644418454,B14,1,0,,2809,0,0,,2809,
1644418454,B11,1,0,,2809,0,0,,2809,
1644418454,cn12,1,0,,2809,0,0,,2809,
1644418454,B54,1,0,,2809,0,0,,2809,
1644418454,B51,1,0,,2809,0,0,,2809,
1644418454,os4,1,0,,2809,0,0,,2809,
1644418454,in4,1,0,,2809,0,0,,2809,
1644418454,B33,1,0,,2809,0,0,,2809,
1644418454,in27,1,0,,2810,0,0,,2810,
1644418454,B14,1,0,,2810,0,0,,2810,
1644418454,B11,1,0,,2810,0,0,,2810,
1644418454,cn12,1,0,,2810,0,0,,2810,
1644418454,B54,1,0,,2810,0,0,,2810,
1644418454,B51,1,0,,2810,0,0,,2810,
1644418454,os4,1,0,,2810,0,0,,2810,
1644418454,in4,1,0,,2810,0,0,,2810,
1644418454,B33,1,0,,2810,0,0,,2810,
1644418454,in27,1,0,,2811,0,0,,2811,
1644418454,B14,1,0,,2811,0,0,,2811,
1644418454,B11,1,0,,2811,0,0,,2811,
1644418454,cn12,1,0,,2811,0,0,,2811,
1644418454,B54,1,0,,2811,0,0,,2811,
1644418454,B51,1,0,,2811,0,0,,2811,
1644418454,os4,1,0,,2811,0,0,,2811,
1644418454,in4,1,0,,2811,0,0,,2811,
1644418454,B33,1,0,,2811,0,0,,2811,
1644418454,in27,1,0,,2812,0,0,,2812,
1644418454,B14,1,0,,2812,0,0,,2812,
1644418454,B11,1,0,,2812,0,0,,2812,
1644418454,cn12,1,0,,2812,0,0,,2812,
1644418454,B54,1,0,,2812,0,0,,2812,
1644418454,B51,1,0,,2812,0,0,,2812,
1644418454,os4,1,0,,2812,0,0,,2812,
1644418454,in4,1,0,,2812,0,0,,2812,
1644418454,B33,1,0,,2812,0,0,,2812,
1644418455,in27,1,0,,2813,0,0,,2813,
1644418455,B14,1,0,,2813,0,0,,2813,
1644418455,B11,1,0,,2813,0,0,,2813,
1644418455,cn12,1,0,,2813,0,0,,2813,
1644418455,B54,1,1,job988_scenario0_2789,2813,0,0,,2813,
1644418455,B51,1,0,,2813,0,0,,2813,
1644418455,os4,1,0,,2813,0,0,,2813,
1644418455,in4,1,0,,2813,0,0,,2813,
1644418455,B33,1,0,,2813,0,0,,2813,
1644418455,in27,1,0,,2814,0,0,,2814,
1644418455,B14,1,0,,2814,0,0,,2814,
1644418455,B11,1,0,,2814,0,0,,2814,
1644418455,cn12,1,0,,2814,0,0,,2814,
1644418455,B54,1,1,job988_scenario0_2789,2814,0,0,,2814,
1644418455,B51,1,0,,2814,0,0,,2814,
1644418455,os4,1,0,,2814,0,0,,2814,
1644418455,in4,1,0,,2814,0,0,,2814,
1644418455,B33,1,0,,2814,0,0,,2814,
1644418455,in27,1,0,,2815,0,0,,2815,
1644418455,B14,1,0,,2815,0,0,,2815,
1644418455,B11,1,0,,2815,0,0,,2815,
1644418455,cn12,1,0,,2815,0,0,,2815,
1644418455,B54,1,1,job988_scenario0_2789,2815,0,0,,2815,
1644418455,B51,1,0,,2815,0,0,,2815,
1644418455,os4,1,0,,2815,0,0,,2815,
1644418455,in4,1,0,,2815,0,0,,2815,
1644418455,B33,1,0,,2815,0,0,,2815,
1644418455,in27,1,0,,2816,0,0,,2816,
1644418455,B14,1,0,,2816,0,0,,2816,
1644418455,B11,1,0,,2816,0,0,,2816,
1644418455,cn12,1,0,,2816,0,0,,2816,
1644418455,B54,1,1,job988_scenario0_2789,2816,0,0,,2816,
1644418455,B51,1,0,,2816,0,0,,2816,
1644418455,os4,1,0,,2816,0,0,,2816,
1644418455,in4,1,0,,2816,0,0,,2816,
1644418455,B33,1,0,,2816,0,0,,2816,
1644418455,in27,1,0,,2817,0,0,,2817,
1644418455,B14,1,0,,2817,0,0,,2817,
1644418455,B11,1,0,,2817,0,0,,2817,
1644418455,cn12,1,0,,2817,0,0,,2817,
1644418455,B54,1,1,job988_scenario0_2789,2817,0,0,,2817,
1644418455,B51,1,0,,2817,0,0,,2817,
1644418456,os4,1,0,,2817,0,0,,2817,
1644418456,in4,1,0,,2817,0,0,,2817,
1644418456,B33,1,0,,2817,0,0,,2817,
1644418456,in27,1,0,,2818,0,0,,2818,
1644418456,B14,1,0,,2818,0,0,,2818,
1644418456,B11,1,0,,2818,0,0,,2818,
1644418456,cn12,1,0,,2818,0,0,,2818,
1644418456,B54,1,1,job988_scenario0_2789,2818,0,0,,2818,
1644418456,B51,1,0,,2818,0,0,,2818,
1644418456,os4,1,0,,2818,0,0,,2818,
1644418456,in4,1,0,,2818,0,0,,2818,
1644418456,B33,1,0,,2818,0,0,,2818,
1644418456,in27,1,0,,2819,0,0,,2819,
1644418456,B14,1,0,,2819,0,0,,2819,
1644418456,B11,1,0,,2819,0,0,,2819,
1644418456,cn12,1,0,,2819,0,0,,2819,
1644418456,B54,1,1,job988_scenario0_2789,2819,0,0,,2819,
1644418456,B51,1,0,,2819,0,0,,2819,
1644418456,os4,1,0,,2819,0,0,,2819,
1644418456,in4,1,0,,2819,0,0,,2819,
1644418456,B33,1,0,,2819,0,0,,2819,
1644418456,in27,1,0,,2820,0,0,,2820,
1644418456,B14,1,0,,2820,0,0,,2820,
1644418456,B11,1,0,,2820,0,0,,2820,
1644418456,cn12,1,0,,2820,0,0,,2820,
1644418456,B54,1,1,job988_scenario0_2789,2820,0,0,,2820,
1644418456,B51,1,0,,2820,0,0,,2820,
1644418456,os4,1,0,,2820,0,0,,2820,
1644418456,in4,1,0,,2820,0,0,,2820,
1644418456,B33,1,0,,2820,0,0,,2820,
1644418456,in27,1,0,,2821,0,0,,2821,
1644418456,B14,1,0,,2821,0,0,,2821,
1644418456,B11,1,0,,2821,0,0,,2821,
1644418456,cn12,1,0,,2821,0,0,,2821,
1644418456,B54,1,1,job988_scenario0_2789,2821,0,0,,2821,
1644418456,B51,1,0,,2821,0,0,,2821,
1644418456,os4,1,0,,2821,0,0,,2821,
1644418456,in4,1,0,,2821,0,0,,2821,
1644418456,B33,1,0,,2821,0,0,,2821,
1644418456,in27,1,0,,2822,0,0,,2822,
1644418456,B14,1,0,,2822,0,0,,2822,
1644418456,B11,1,0,,2822,0,0,,2822,
1644418456,cn12,1,0,,2822,0,0,,2822,
1644418456,B54,1,1,job988_scenario0_2789,2822,0,0,,2822,
1644418456,B51,1,0,,2822,0,0,,2822,
1644418456,os4,1,0,,2822,0,0,,2822,
1644418456,in4,1,0,,2822,0,0,,2822,
1644418456,B33,1,0,,2822,0,0,,2822,
1644418457,in27,1,0,,2823,0,0,,2823,
1644418457,B14,1,0,,2823,0,0,,2823,
1644418457,B11,1,0,,2823,0,0,,2823,
1644418457,cn12,1,0,,2823,0,0,,2823,
1644418457,B54,1,0,,2823,0,0,,2823,
1644418457,B51,1,0,,2823,0,0,,2823,
1644418457,os4,1,0,,2823,0,0,,2823,
1644418457,in4,1,0,,2823,0,0,,2823,
1644418457,B33,1,0,,2823,0,0,,2823,
1644418457,in27,1,0,,2824,0,0,,2824,
1644418457,B14,1,0,,2824,0,0,,2824,
1644418457,B11,1,0,,2824,0,0,,2824,
1644418457,cn12,1,0,,2824,0,0,,2824,
1644418457,B54,1,0,,2824,0,0,,2824,
1644418457,B51,1,0,,2824,0,0,,2824,
1644418457,os4,1,0,,2824,0,0,,2824,
1644418457,in4,1,0,,2824,0,0,,2824,
1644418457,B33,1,0,,2824,0,0,,2824,
1644418457,in27,1,0,,2825,0,0,,2825,
1644418457,B14,1,0,,2825,0,0,,2825,
1644418457,B11,1,0,,2825,0,0,,2825,
1644418457,cn12,1,0,,2825,0,0,,2825,
1644418457,B54,1,0,,2825,0,0,,2825,
1644418457,B51,1,0,,2825,0,0,,2825,
1644418457,os4,1,0,,2825,0,0,,2825,
1644418457,in4,1,0,,2825,0,0,,2825,
1644418457,B33,1,0,,2825,0,0,,2825,
1644418457,in27,1,0,,2826,0,0,,2826,
1644418457,B14,1,0,,2826,0,0,,2826,
1644418457,B11,1,0,,2826,0,0,,2826,
1644418457,cn12,1,0,,2826,0,0,,2826,
1644418457,B54,1,0,,2826,0,0,,2826,
1644418457,B51,1,0,,2826,0,0,,2826,
1644418457,os4,1,0,,2826,0,0,,2826,
1644418457,in4,1,0,,2826,0,0,,2826,
1644418457,B33,1,0,,2826,0,0,,2826,
1644418457,in27,1,0,,2827,0,0,,2827,
1644418457,B14,1,0,,2827,0,0,,2827,
1644418457,B11,1,0,,2827,0,0,,2827,
1644418457,cn12,1,0,,2827,0,0,,2827,
1644418457,B54,1,0,,2827,0,0,,2827,
1644418457,B51,1,0,,2827,0,0,,2827,
1644418457,os4,1,0,,2827,0,0,,2827,
1644418457,in4,1,0,,2827,0,0,,2827,
1644418457,B33,1,0,,2827,0,0,,2827,
1644418457,in27,1,0,,2828,0,0,,2828,
1644418457,B14,1,0,,2828,0,0,,2828,
1644418457,B11,1,0,,2828,0,0,,2828,
1644418457,cn12,1,0,,2828,0,0,,2828,
1644418457,B54,1,0,,2828,0,0,,2828,
1644418457,B51,1,0,,2828,0,0,,2828,
1644418457,os4,1,0,,2828,0,0,,2828,
1644418457,in4,1,0,,2828,0,0,,2828,
1644418457,B33,1,0,,2828,0,0,,2828,
1644418457,in27,1,0,,2829,0,0,,2829,
1644418457,B14,1,0,,2829,0,0,,2829,
1644418457,B11,1,0,,2829,0,0,,2829,
1644418457,cn12,1,0,,2829,0,0,,2829,
1644418457,B54,1,0,,2829,0,0,,2829,
1644418457,B51,1,0,,2829,0,0,,2829,
1644418457,os4,1,0,,2829,0,0,,2829,
1644418457,in4,1,0,,2829,0,0,,2829,
1644418457,B33,1,0,,2829,0,0,,2829,
1644418457,in27,1,0,,2830,0,0,,2830,
1644418457,B14,1,0,,2830,0,0,,2830,
1644418457,B11,1,0,,2830,0,0,,2830,
1644418457,cn12,1,0,,2830,0,0,,2830,
1644418457,B54,1,0,,2830,0,0,,2830,
1644418457,B51,1,0,,2830,0,0,,2830,
1644418457,os4,1,0,,2830,0,0,,2830,
1644418457,in4,1,0,,2830,0,0,,2830,
1644418457,B33,1,0,,2830,0,0,,2830,
1644418457,in27,1,0,,2831,0,0,,2831,
1644418457,B14,1,0,,2831,0,0,,2831,
1644418457,B11,1,0,,2831,0,0,,2831,
1644418457,cn12,1,0,,2831,0,0,,2831,
1644418457,B54,1,0,,2831,0,0,,2831,
1644418458,B51,1,0,,2831,0,0,,2831,
1644418458,os4,1,0,,2831,0,0,,2831,
1644418458,in4,1,0,,2831,0,0,,2831,
1644418458,B33,1,0,,2831,0,0,,2831,
1644418458,in27,1,0,,2832,0,0,,2832,
1644418458,B14,1,0,,2832,0,0,,2832,
1644418458,B11,1,0,,2832,0,0,,2832,
1644418458,cn12,1,0,,2832,0,0,,2832,
1644418458,B54,1,0,,2832,0,0,,2832,
1644418458,B51,1,0,,2832,0,0,,2832,
1644418458,os4,1,0,,2832,0,0,,2832,
1644418458,in4,1,0,,2832,0,0,,2832,
1644418458,B33,1,0,,2832,0,0,,2832,
1644418458,in27,1,0,,2833,0,0,,2833,
1644418458,B14,1,0,,2833,0,0,,2833,
1644418458,B11,1,0,,2833,0,0,,2833,
1644418458,cn12,1,0,,2833,0,0,,2833,
1644418458,B54,1,0,,2833,0,0,,2833,
1644418458,B51,1,0,,2833,0,0,,2833,
1644418458,os4,1,0,,2833,0,0,,2833,
1644418458,in4,1,0,,2833,0,0,,2833,
1644418458,B33,1,0,,2833,0,0,,2833,
1644418458,in27,1,0,,2834,0,0,,2834,
1644418458,B14,1,0,,2834,0,0,,2834,
1644418458,B11,1,0,,2834,0,0,,2834,
1644418458,cn12,1,0,,2834,0,0,,2834,
1644418458,B54,1,0,,2834,0,0,,2834,
1644418458,B51,1,0,,2834,0,0,,2834,
1644418458,os4,1,0,,2834,0,0,,2834,
1644418458,in4,1,0,,2834,0,0,,2834,
1644418458,B33,1,0,,2834,0,0,,2834,
1644418458,in27,1,0,,2835,0,0,,2835,
1644418458,B14,1,0,,2835,0,0,,2835,
1644418458,B11,1,0,,2835,0,0,,2835,
1644418458,cn12,1,0,,2835,0,0,,2835,
1644418458,B54,1,0,,2835,0,0,,2835,
1644418458,B51,1,0,,2835,0,0,,2835,
1644418458,os4,1,0,,2835,0,0,,2835,
1644418458,in4,1,0,,2835,0,0,,2835,
1644418458,B33,1,0,,2835,0,0,,2835,
1644418458,in27,1,0,,2836,0,0,,2836,
1644418458,B14,1,0,,2836,0,0,,2836,
1644418458,B11,1,0,,2836,0,0,,2836,
1644418458,cn12,1,0,,2836,0,0,,2836,
1644418458,B54,1,0,,2836,0,0,,2836,
1644418458,B51,1,0,,2836,0,0,,2836,
1644418458,os4,1,0,,2836,0,0,,2836,
1644418458,in4,1,0,,2836,0,0,,2836,
1644418458,B33,1,0,,2836,0,0,,2836,
1644418459,in27,1,0,,2837,0,0,,2837,
1644418459,B14,1,0,,2837,0,0,,2837,
1644418459,B11,1,0,,2837,0,0,,2837,
1644418459,cn12,1,0,,2837,0,0,,2837,
1644418459,B54,1,0,,2837,0,0,,2837,
1644418459,B51,1,0,,2837,0,0,,2837,
1644418459,os4,1,0,,2837,0,0,,2837,
1644418459,in4,1,0,,2837,0,0,,2837,
1644418459,B33,1,0,,2837,0,0,,2837,
1644418459,in27,1,0,,2838,0,0,,2838,
1644418459,B14,1,0,,2838,0,0,,2838,
1644418459,B11,1,0,,2838,0,0,,2838,
1644418459,cn12,1,0,,2838,0,0,,2838,
1644418459,B54,1,0,,2838,0,0,,2838,
1644418459,B51,1,0,,2838,0,0,,2838,
1644418459,os4,1,0,,2838,0,0,,2838,
1644418459,in4,1,0,,2838,0,0,,2838,
1644418459,B33,1,0,,2838,0,0,,2838,
1644418459,in27,1,0,,2839,0,0,,2839,
1644418459,B14,1,0,,2839,0,0,,2839,
1644418459,B11,1,0,,2839,0,0,,2839,
1644418459,cn12,1,0,,2839,0,0,,2839,
1644418459,B54,1,0,,2839,0,0,,2839,
1644418459,B51,1,0,,2839,0,0,,2839,
1644418459,os4,1,0,,2839,0,0,,2839,
1644418459,in4,1,0,,2839,0,0,,2839,
1644418459,B33,1,0,,2839,0,0,,2839,
1644418459,in27,1,0,,2840,0,0,,2840,
1644418459,B14,1,0,,2840,0,0,,2840,
1644418459,B11,1,0,,2840,0,0,,2840,
1644418459,cn12,1,0,,2840,0,0,,2840,
1644418459,B54,1,0,,2840,0,0,,2840,
1644418459,B51,1,0,,2840,0,0,,2840,
1644418459,os4,1,0,,2840,0,0,,2840,
1644418459,in4,1,0,,2840,0,0,,2840,
1644418459,B33,1,0,,2840,0,0,,2840,
1644418459,in27,1,0,,2841,0,0,,2841,
1644418459,B14,1,0,,2841,0,0,,2841,
1644418459,B11,1,0,,2841,0,0,,2841,
1644418459,cn12,1,0,,2841,0,0,,2841,
1644418459,B54,1,0,,2841,0,0,,2841,
1644418459,B51,1,0,,2841,0,0,,2841,
1644418459,os4,1,0,,2841,0,0,,2841,
1644418459,in4,1,0,,2841,0,0,,2841,
1644418459,B33,1,0,,2841,0,0,,2841,
1644418459,in27,1,0,,2842,0,0,,2842,
1644418459,B14,1,0,,2842,0,0,,2842,
1644418459,B11,1,0,,2842,0,0,,2842,
1644418459,cn12,1,0,,2842,0,0,,2842,
1644418459,B54,1,0,,2842,0,0,,2842,
1644418459,B51,1,0,,2842,0,0,,2842,
1644418459,os4,1,0,,2842,0,0,,2842,
1644418459,in4,1,0,,2842,0,0,,2842,
1644418459,B33,1,0,,2842,0,0,,2842,
1644418459,in27,1,0,,2843,0,0,,2843,
1644418459,B14,1,0,,2843,0,0,,2843,
1644418459,B11,1,0,,2843,0,0,,2843,
1644418459,cn12,1,0,,2843,0,0,,2843,
1644418459,B54,1,0,,2843,0,0,,2843,
1644418459,B51,1,0,,2843,0,0,,2843,
1644418459,os4,1,0,,2843,0,0,,2843,
1644418459,in4,1,0,,2843,0,0,,2843,
1644418459,B33,1,0,,2843,0,0,,2843,
1644418459,in27,1,0,,2844,0,0,,2844,
1644418459,B14,1,0,,2844,0,0,,2844,
1644418459,B11,1,0,,2844,0,0,,2844,
1644418460,cn12,1,0,,2844,0,0,,2844,
1644418460,B54,1,0,,2844,0,0,,2844,
1644418460,B51,1,0,,2844,0,0,,2844,
1644418460,os4,1,0,,2844,0,0,,2844,
1644418460,in4,1,0,,2844,0,0,,2844,
1644418460,B33,1,0,,2844,0,0,,2844,
1644418460,in27,1,0,,2845,0,0,,2845,
1644418460,B14,1,0,,2845,0,0,,2845,
1644418460,B11,1,0,,2845,0,0,,2845,
1644418460,cn12,1,0,,2845,0,0,,2845,
1644418460,B54,1,0,,2845,0,0,,2845,
1644418460,B51,1,0,,2845,0,0,,2845,
1644418460,os4,1,0,,2845,0,0,,2845,
1644418460,in4,1,0,,2845,0,0,,2845,
1644418460,B33,1,0,,2845,0,0,,2845,
1644418460,in27,1,0,,2846,0,0,,2846,
1644418460,B14,1,0,,2846,0,0,,2846,
1644418460,B11,1,0,,2846,0,0,,2846,
1644418460,cn12,1,0,,2846,0,0,,2846,
1644418460,B54,1,0,,2846,0,0,,2846,
1644418460,B51,1,0,,2846,0,0,,2846,
1644418460,os4,1,0,,2846,0,0,,2846,
1644418460,in4,1,0,,2846,0,0,,2846,
1644418460,B33,1,0,,2846,0,0,,2846,
1644418460,in27,1,0,,2847,0,0,,2847,
1644418460,B14,1,0,,2847,0,0,,2847,
1644418460,B11,1,0,,2847,0,0,,2847,
1644418460,cn12,1,0,,2847,0,0,,2847,
1644418460,B54,1,0,,2847,0,0,,2847,
1644418460,B51,1,0,,2847,0,0,,2847,
1644418460,os4,1,0,,2847,0,0,,2847,
1644418460,in4,1,0,,2847,0,0,,2847,
1644418460,B33,1,0,,2847,0,0,,2847,
1644418460,in27,1,0,,2848,0,0,,2848,
1644418460,B14,1,0,,2848,0,0,,2848,
1644418460,B11,1,0,,2848,0,0,,2848,
1644418460,cn12,1,0,,2848,0,0,,2848,
1644418460,B54,1,0,,2848,0,0,,2848,
1644418460,B51,1,0,,2848,0,0,,2848,
1644418460,os4,1,0,,2848,0,0,,2848,
1644418461,in4,1,0,,2848,0,0,,2848,
1644418461,B33,1,0,,2848,0,0,,2848,
1644418461,in27,1,0,,2849,0,0,,2849,
1644418461,B14,1,0,,2849,0,0,,2849,
1644418461,B11,1,0,,2849,0,0,,2849,
1644418461,cn12,1,0,,2849,0,0,,2849,
1644418461,B54,1,1,job993_scenario0_2825,2849,0,0,,2849,
1644418461,B51,1,0,,2849,0,0,,2849,
1644418461,os4,1,0,,2849,0,0,,2849,
1644418461,in4,1,0,,2849,0,0,,2849,
1644418461,B33,1,0,,2849,0,0,,2849,
1644418461,in27,1,0,,2850,0,0,,2850,
1644418461,B14,1,0,,2850,0,0,,2850,
1644418461,B11,1,0,,2850,0,0,,2850,
1644418461,cn12,1,0,,2850,0,0,,2850,
1644418461,B54,1,1,job993_scenario0_2825,2850,0,0,,2850,
1644418461,B51,1,0,,2850,0,0,,2850,
1644418461,os4,1,0,,2850,0,0,,2850,
1644418461,in4,1,0,,2850,0,0,,2850,
1644418461,B33,1,0,,2850,0,0,,2850,
1644418461,in27,1,0,,2851,0,0,,2851,
1644418461,B14,1,0,,2851,0,0,,2851,
1644418461,B11,1,0,,2851,0,0,,2851,
1644418461,cn12,1,0,,2851,0,0,,2851,
1644418461,B54,1,1,job993_scenario0_2825,2851,0,0,,2851,
1644418461,B51,1,0,,2851,0,0,,2851,
1644418461,os4,1,0,,2851,0,0,,2851,
1644418461,in4,1,0,,2851,0,0,,2851,
1644418461,B33,1,0,,2851,0,0,,2851,
1644418462,in27,1,0,,2852,0,0,,2852,
1644418462,B14,1,0,,2852,0,0,,2852,
1644418462,B11,1,0,,2852,0,0,,2852,
1644418462,cn12,1,0,,2852,0,0,,2852,
1644418462,B54,1,1,job993_scenario0_2825,2852,0,0,,2852,
1644418462,B51,1,0,,2852,0,0,,2852,
1644418462,os4,1,0,,2852,0,0,,2852,
1644418462,in4,1,0,,2852,0,0,,2852,
1644418462,B33,1,0,,2852,0,0,,2852,
1644418462,in27,1,0,,2853,0,0,,2853,
1644418462,B14,1,0,,2853,0,0,,2853,
1644418462,B11,1,0,,2853,0,0,,2853,
1644418462,cn12,1,0,,2853,0,0,,2853,
1644418462,B54,1,1,job993_scenario0_2825,2853,0,0,,2853,
1644418462,B51,1,0,,2853,0,0,,2853,
1644418462,os4,1,0,,2853,0,0,,2853,
1644418462,in4,1,0,,2853,0,0,,2853,
1644418462,B33,1,0,,2853,0,0,,2853,
1644418462,in27,1,0,,2854,0,0,,2854,
1644418462,B14,1,0,,2854,0,0,,2854,
1644418462,B11,1,0,,2854,0,0,,2854,
1644418462,cn12,1,0,,2854,0,0,,2854,
1644418462,B54,1,1,job993_scenario0_2825,2854,0,0,,2854,
1644418462,B51,1,0,,2854,0,0,,2854,
1644418462,os4,1,0,,2854,0,0,,2854,
1644418462,in4,1,0,,2854,0,0,,2854,
1644418462,B33,1,0,,2854,0,0,,2854,
1644418462,in27,1,0,,2855,0,0,,2855,
1644418462,B14,1,0,,2855,0,0,,2855,
1644418462,B11,1,0,,2855,0,0,,2855,
1644418462,cn12,1,0,,2855,0,0,,2855,
1644418462,B54,1,1,job993_scenario0_2825,2855,0,0,,2855,
1644418462,B51,1,0,,2855,0,0,,2855,
1644418462,os4,1,0,,2855,0,0,,2855,
1644418462,in4,1,0,,2855,0,0,,2855,
1644418462,B33,1,0,,2855,0,0,,2855,
1644418462,in27,1,0,,2856,0,0,,2856,
1644418462,B14,1,0,,2856,0,0,,2856,
1644418462,B11,1,0,,2856,0,0,,2856,
1644418462,cn12,1,0,,2856,0,0,,2856,
1644418463,B54,1,1,job993_scenario0_2825,2856,0,0,,2856,
1644418463,B51,1,0,,2856,0,0,,2856,
1644418463,os4,1,0,,2856,0,0,,2856,
1644418463,in4,1,0,,2856,0,0,,2856,
1644418463,B33,1,0,,2856,0,0,,2856,
1644418463,in27,1,0,,2857,0,0,,2857,
1644418463,B14,1,0,,2857,0,0,,2857,
1644418463,B11,1,0,,2857,0,0,,2857,
1644418463,cn12,1,0,,2857,0,0,,2857,
1644418463,B54,1,1,job993_scenario0_2825,2857,0,0,,2857,
1644418463,B51,1,0,,2857,0,0,,2857,
1644418463,os4,1,0,,2857,0,0,,2857,
1644418463,in4,1,0,,2857,0,0,,2857,
1644418463,B33,1,0,,2857,0,0,,2857,
1644418463,in27,1,0,,2858,0,0,,2858,
1644418463,B14,1,0,,2858,0,0,,2858,
1644418463,B11,1,0,,2858,0,0,,2858,
1644418463,cn12,1,0,,2858,0,0,,2858,
1644418463,B54,1,1,job993_scenario0_2825,2858,0,0,,2858,
1644418463,B51,1,0,,2858,0,0,,2858,
1644418463,os4,1,0,,2858,0,0,,2858,
1644418463,in4,1,0,,2858,0,0,,2858,
1644418463,B33,1,0,,2858,0,0,,2858,
1644418463,in27,1,0,,2859,0,0,,2859,
1644418463,B14,1,0,,2859,0,0,,2859,
1644418463,B11,1,0,,2859,0,0,,2859,
1644418463,cn12,1,0,,2859,0,0,,2859,
1644418463,B54,1,1,job993_scenario0_2825,2859,0,0,,2859,
1644418463,B51,1,0,,2859,0,0,,2859,
1644418463,os4,1,0,,2859,0,0,,2859,
1644418463,in4,1,0,,2859,0,0,,2859,
1644418463,B33,1,0,,2859,0,0,,2859,
1644418463,in27,1,0,,2860,0,0,,2860,
1644418463,B14,1,0,,2860,0,0,,2860,
1644418463,B11,1,0,,2860,0,0,,2860,
1644418463,cn12,1,0,,2860,0,0,,2860,
1644418463,B54,1,1,job993_scenario0_2825,2860,0,0,,2860,
1644418463,B51,1,0,,2860,0,0,,2860,
1644418463,os4,1,0,,2860,0,0,,2860,
1644418463,in4,1,0,,2860,0,0,,2860,
1644418463,B33,1,0,,2860,0,0,,2860,
1644418463,in27,1,0,,2861,0,0,,2861,
1644418463,B14,1,0,,2861,0,0,,2861,
1644418463,B11,1,0,,2861,0,0,,2861,
1644418463,cn12,1,0,,2861,0,0,,2861,
1644418463,B54,1,0,,2861,0,0,,2861,
1644418463,B51,1,0,,2861,0,0,,2861,
1644418463,os4,1,0,,2861,0,0,,2861,
1644418463,in4,1,0,,2861,0,0,,2861,
1644418463,B33,1,0,,2861,0,0,,2861,
1644418463,in27,1,0,,2862,0,0,,2862,
1644418463,B14,1,0,,2862,0,0,,2862,
1644418463,B11,1,0,,2862,0,0,,2862,
1644418463,cn12,1,0,,2862,0,0,,2862,
1644418463,B54,1,0,,2862,0,0,,2862,
1644418463,B51,1,0,,2862,0,0,,2862,
1644418463,os4,1,0,,2862,0,0,,2862,
1644418463,in4,1,0,,2862,0,0,,2862,
1644418463,B33,1,0,,2862,0,0,,2862,
1644418463,in27,1,0,,2863,0,0,,2863,
1644418463,B14,1,0,,2863,0,0,,2863,
1644418463,B11,1,0,,2863,0,0,,2863,
1644418463,cn12,1,0,,2863,0,0,,2863,
1644418463,B54,1,0,,2863,0,0,,2863,
1644418463,B51,1,0,,2863,0,0,,2863,
1644418463,os4,1,0,,2863,0,0,,2863,
1644418463,in4,1,0,,2863,0,0,,2863,
1644418463,B33,1,0,,2863,0,0,,2863,
1644418463,in27,1,0,,2864,0,0,,2864,
1644418463,B14,1,0,,2864,0,0,,2864,
1644418463,B11,1,0,,2864,0,0,,2864,
1644418463,cn12,1,0,,2864,0,0,,2864,
1644418463,B54,1,0,,2864,0,0,,2864,
1644418463,B51,1,0,,2864,0,0,,2864,
1644418463,os4,1,0,,2864,0,0,,2864,
1644418463,in4,1,0,,2864,0,0,,2864,
1644418463,B33,1,0,,2864,0,0,,2864,
1644418463,in27,1,0,,2865,0,0,,2865,
1644418463,B14,1,0,,2865,0,0,,2865,
1644418463,B11,1,0,,2865,0,0,,2865,
1644418463,cn12,1,0,,2865,0,0,,2865,
1644418463,B54,1,0,,2865,0,0,,2865,
1644418463,B51,1,0,,2865,0,0,,2865,
1644418463,os4,1,0,,2865,0,0,,2865,
1644418463,in4,1,0,,2865,0,0,,2865,
1644418463,B33,1,0,,2865,0,0,,2865,
1644418463,in27,1,0,,2866,0,0,,2866,
1644418463,B14,1,0,,2866,0,0,,2866,
1644418463,B11,1,0,,2866,0,0,,2866,
1644418463,cn12,1,0,,2866,0,0,,2866,
1644418463,B54,1,0,,2866,0,0,,2866,
1644418463,B51,1,0,,2866,0,0,,2866,
1644418463,os4,1,0,,2866,0,0,,2866,
1644418463,in4,1,0,,2866,0,0,,2866,
1644418463,B33,1,0,,2866,0,0,,2866,
1644418463,in27,1,0,,2867,0,0,,2867,
1644418463,B14,1,0,,2867,0,0,,2867,
1644418463,B11,1,0,,2867,0,0,,2867,
1644418463,cn12,1,0,,2867,0,0,,2867,
1644418463,B54,1,0,,2867,0,0,,2867,
1644418463,B51,1,0,,2867,0,0,,2867,
1644418463,os4,1,0,,2867,0,0,,2867,
1644418463,in4,1,0,,2867,0,0,,2867,
1644418463,B33,1,0,,2867,0,0,,2867,
1644418463,in27,1,0,,2868,0,0,,2868,
1644418463,B14,1,0,,2868,0,0,,2868,
1644418463,B11,1,0,,2868,0,0,,2868,
1644418463,cn12,1,0,,2868,0,0,,2868,
1644418463,B54,1,0,,2868,0,0,,2868,
1644418463,B51,1,0,,2868,0,0,,2868,
1644418464,os4,1,0,,2868,0,0,,2868,
1644418464,in4,1,0,,2868,0,0,,2868,
1644418464,B33,1,0,,2868,0,0,,2868,
1644418464,in27,1,0,,2869,0,0,,2869,
1644418464,B14,1,0,,2869,0,0,,2869,
1644418464,B11,1,0,,2869,0,0,,2869,
1644418464,cn12,1,0,,2869,0,0,,2869,
1644418464,B54,1,0,,2869,0,0,,2869,
1644418464,B51,1,0,,2869,0,0,,2869,
1644418464,os4,1,0,,2869,0,0,,2869,
1644418464,in4,1,0,,2869,0,0,,2869,
1644418464,B33,1,0,,2869,0,0,,2869,
1644418464,in27,1,0,,2870,0,0,,2870,
1644418464,B14,1,0,,2870,0,0,,2870,
1644418464,B11,1,0,,2870,0,0,,2870,
1644418464,cn12,1,0,,2870,0,0,,2870,
1644418464,B54,1,0,,2870,0,0,,2870,
1644418464,B51,1,0,,2870,0,0,,2870,
1644418464,os4,1,0,,2870,0,0,,2870,
1644418464,in4,1,0,,2870,0,0,,2870,
1644418464,B33,1,0,,2870,0,0,,2870,
1644418464,in27,1,0,,2871,0,0,,2871,
1644418464,B14,1,0,,2871,0,0,,2871,
1644418464,B11,1,0,,2871,0,0,,2871,
1644418464,cn12,1,0,,2871,0,0,,2871,
1644418464,B54,1,0,,2871,0,0,,2871,
1644418464,B51,1,0,,2871,0,0,,2871,
1644418464,os4,1,0,,2871,0,0,,2871,
1644418464,in4,1,0,,2871,0,0,,2871,
1644418464,B33,1,0,,2871,0,0,,2871,
1644418465,in27,1,0,,2872,0,0,,2872,
1644418465,B14,1,0,,2872,0,0,,2872,
1644418465,B11,1,0,,2872,0,0,,2872,
1644418465,cn12,1,0,,2872,0,0,,2872,
1644418465,B54,1,1,job995_scenario0_2844,2872,0,0,,2872,
1644418465,B51,1,0,,2872,0,0,,2872,
1644418465,os4,1,0,,2872,0,0,,2872,
1644418465,in4,1,0,,2872,0,0,,2872,
1644418465,B33,1,0,,2872,0,0,,2872,
1644418465,in27,1,0,,2873,0,0,,2873,
1644418465,B14,1,0,,2873,0,0,,2873,
1644418465,B11,1,0,,2873,0,0,,2873,
1644418465,cn12,1,0,,2873,0,0,,2873,
1644418465,B54,1,1,job995_scenario0_2844,2873,0,0,,2873,
1644418465,B51,1,0,,2873,0,0,,2873,
1644418465,os4,1,0,,2873,0,0,,2873,
1644418465,in4,1,0,,2873,0,0,,2873,
1644418465,B33,1,0,,2873,0,0,,2873,
1644418465,in27,1,0,,2874,0,0,,2874,
1644418465,B14,1,0,,2874,0,0,,2874,
1644418465,B11,1,0,,2874,0,0,,2874,
1644418465,cn12,1,0,,2874,0,0,,2874,
1644418465,B54,1,1,job995_scenario0_2844,2874,0,0,,2874,
1644418465,B51,1,0,,2874,0,0,,2874,
1644418465,os4,1,0,,2874,0,0,,2874,
1644418465,in4,1,0,,2874,0,0,,2874,
1644418465,B33,1,0,,2874,0,0,,2874,
1644418465,in27,1,0,,2875,0,0,,2875,
1644418465,B14,1,0,,2875,0,0,,2875,
1644418465,B11,1,0,,2875,0,0,,2875,
1644418465,cn12,1,0,,2875,0,0,,2875,
1644418465,B54,1,1,job995_scenario0_2844,2875,0,0,,2875,
1644418465,B51,1,0,,2875,0,0,,2875,
1644418465,os4,1,0,,2875,0,0,,2875,
1644418465,in4,1,0,,2875,0,0,,2875,
1644418465,B33,1,0,,2875,0,0,,2875,
1644418465,in27,1,0,,2876,0,0,,2876,
1644418465,B14,1,0,,2876,0,0,,2876,
1644418465,B11,1,0,,2876,0,0,,2876,
1644418465,cn12,1,0,,2876,0,0,,2876,
1644418465,B54,1,1,job995_scenario0_2844,2876,0,0,,2876,
1644418465,B51,1,0,,2876,0,0,,2876,
1644418465,os4,1,0,,2876,0,0,,2876,
1644418465,in4,1,0,,2876,0,0,,2876,
1644418465,B33,1,0,,2876,0,0,,2876,
1644418465,in27,1,0,,2877,0,0,,2877,
1644418465,B14,1,0,,2877,0,0,,2877,
1644418465,B11,1,0,,2877,0,0,,2877,
1644418465,cn12,1,0,,2877,0,0,,2877,
1644418465,B54,1,1,job995_scenario0_2844,2877,0,0,,2877,
1644418465,B51,1,0,,2877,0,0,,2877,
1644418465,os4,1,0,,2877,0,0,,2877,
1644418465,in4,1,0,,2877,0,0,,2877,
1644418465,B33,1,0,,2877,0,0,,2877,
1644418466,in27,1,0,,2878,0,0,,2878,
1644418466,B14,1,0,,2878,0,0,,2878,
1644418466,B11,1,0,,2878,0,0,,2878,
1644418466,cn12,1,0,,2878,0,0,,2878,
1644418466,B54,1,1,job995_scenario0_2844,2878,0,0,,2878,
1644418466,B51,1,0,,2878,0,0,,2878,
1644418466,os4,1,0,,2878,0,0,,2878,
1644418466,in4,1,0,,2878,0,0,,2878,
1644418466,B33,1,0,,2878,0,0,,2878,
1644418466,in27,1,0,,2879,0,0,,2879,
1644418466,B14,1,0,,2879,0,0,,2879,
1644418466,B11,1,0,,2879,0,0,,2879,
1644418466,cn12,1,0,,2879,0,0,,2879,
1644418466,B54,1,1,job995_scenario0_2844,2879,0,0,,2879,
1644418466,B51,1,0,,2879,0,0,,2879,
1644418466,os4,1,0,,2879,0,0,,2879,
1644418466,in4,1,0,,2879,0,0,,2879,
1644418466,B33,1,0,,2879,0,0,,2879,
1644418466,in27,1,0,,2880,0,0,,2880,
1644418466,B14,1,0,,2880,0,0,,2880,
1644418466,B11,1,0,,2880,0,0,,2880,
1644418466,cn12,1,0,,2880,0,0,,2880,
1644418466,B54,1,1,job995_scenario0_2844,2880,0,0,,2880,
1644418466,B51,1,0,,2880,0,0,,2880,
1644418466,os4,1,0,,2880,0,0,,2880,
1644418466,in4,1,0,,2880,0,0,,2880,
1644418466,B33,1,0,,2880,0,0,,2880,
1644418466,in27,1,0,,2881,0,0,,2881,
1644418466,B14,1,0,,2881,0,0,,2881,
1644418466,B11,1,0,,2881,0,0,,2881,
1644418466,cn12,1,0,,2881,0,0,,2881,
1644418466,B54,1,1,job995_scenario0_2844,2881,0,0,,2881,
1644418466,B51,1,0,,2881,0,0,,2881,
1644418466,os4,1,0,,2881,0,0,,2881,
1644418466,in4,1,0,,2881,0,0,,2881,
1644418466,B33,1,0,,2881,0,0,,2881,
1644418466,in27,1,0,,2882,0,0,,2882,
1644418466,B14,1,0,,2882,0,0,,2882,
1644418466,B11,1,0,,2882,0,0,,2882,
1644418466,cn12,1,0,,2882,0,0,,2882,
1644418466,B54,1,1,job995_scenario0_2844,2882,0,0,,2882,
1644418466,B51,1,0,,2882,0,0,,2882,
1644418466,os4,1,0,,2882,0,0,,2882,
1644418466,in4,1,0,,2882,0,0,,2882,
1644418466,B33,1,0,,2882,0,0,,2882,
1644418466,in27,1,0,,2883,0,0,,2883,
1644418466,B14,1,0,,2883,0,0,,2883,
1644418466,B11,1,0,,2883,0,0,,2883,
1644418466,cn12,1,0,,2883,0,0,,2883,
1644418466,B54,1,0,,2883,0,0,,2883,
1644418466,B51,1,0,,2883,0,0,,2883,
1644418466,os4,1,0,,2883,0,0,,2883,
1644418466,in4,1,0,,2883,0,0,,2883,
1644418466,B33,1,0,,2883,0,0,,2883,
1644418466,in27,1,0,,2884,0,0,,2884,
1644418466,B14,1,0,,2884,0,0,,2884,
1644418466,B11,1,0,,2884,0,0,,2884,
1644418466,cn12,1,0,,2884,0,0,,2884,
1644418466,B54,1,0,,2884,0,0,,2884,
1644418466,B51,1,0,,2884,0,0,,2884,
1644418466,os4,1,0,,2884,0,0,,2884,
1644418466,in4,1,0,,2884,0,0,,2884,
1644418466,B33,1,0,,2884,0,0,,2884,
1644418466,in27,1,0,,2885,0,0,,2885,
1644418466,B14,1,0,,2885,0,0,,2885,
1644418466,B11,1,0,,2885,0,0,,2885,
1644418466,cn12,1,0,,2885,0,0,,2885,
1644418466,B54,1,0,,2885,0,0,,2885,
1644418466,B51,1,0,,2885,0,0,,2885,
1644418466,os4,1,0,,2885,0,0,,2885,
1644418466,in4,1,0,,2885,0,0,,2885,
1644418466,B33,1,0,,2885,0,0,,2885,
1644418466,in27,1,0,,2886,0,0,,2886,
1644418466,B14,1,0,,2886,0,0,,2886,
1644418466,B11,1,0,,2886,0,0,,2886,
1644418466,cn12,1,0,,2886,0,0,,2886,
1644418466,B54,1,0,,2886,0,0,,2886,
1644418466,B51,1,0,,2886,0,0,,2886,
1644418466,os4,1,0,,2886,0,0,,2886,
1644418466,in4,1,0,,2886,0,0,,2886,
1644418466,B33,1,0,,2886,0,0,,2886,
1644418466,in27,1,0,,2887,0,0,,2887,
1644418466,B14,1,0,,2887,0,0,,2887,
1644418466,B11,1,0,,2887,0,0,,2887,
1644418466,cn12,1,0,,2887,0,0,,2887,
1644418466,B54,1,0,,2887,0,0,,2887,
1644418466,B51,1,0,,2887,0,0,,2887,
1644418466,os4,1,0,,2887,0,0,,2887,
1644418466,in4,1,0,,2887,0,0,,2887,
1644418466,B33,1,0,,2887,0,0,,2887,
1644418467,in27,1,0,,2888,0,0,,2888,
1644418467,B14,1,0,,2888,0,0,,2888,
1644418467,B11,1,0,,2888,0,0,,2888,
1644418467,cn12,1,0,,2888,0,0,,2888,
1644418467,B54,1,0,,2888,0,0,,2888,
1644418467,B51,1,0,,2888,0,0,,2888,
1644418467,os4,1,0,,2888,0,0,,2888,
1644418467,in4,1,0,,2888,0,0,,2888,
1644418467,B33,1,0,,2888,0,0,,2888,
1644418467,in27,1,0,,2889,0,0,,2889,
1644418467,B14,1,0,,2889,0,0,,2889,
1644418467,B11,1,0,,2889,0,0,,2889,
1644418467,cn12,1,0,,2889,0,0,,2889,
1644418467,B54,1,0,,2889,0,0,,2889,
1644418467,B51,1,0,,2889,0,0,,2889,
1644418467,os4,1,0,,2889,0,0,,2889,
1644418467,in4,1,0,,2889,0,0,,2889,
1644418467,B33,1,0,,2889,0,0,,2889,
1644418467,in27,1,0,,2890,0,0,,2890,
1644418467,B14,1,0,,2890,0,0,,2890,
1644418467,B11,1,0,,2890,0,0,,2890,
1644418467,cn12,1,0,,2890,0,0,,2890,
1644418467,B54,1,0,,2890,0,0,,2890,
1644418467,B51,1,0,,2890,0,0,,2890,
1644418467,os4,1,0,,2890,0,0,,2890,
1644418467,in4,1,0,,2890,0,0,,2890,
1644418467,B33,1,0,,2890,0,0,,2890,
1644418468,in27,1,0,,2891,0,0,,2891,
1644418468,B14,1,0,,2891,0,0,,2891,
1644418468,B11,1,0,,2891,0,0,,2891,
1644418468,cn12,1,0,,2891,0,0,,2891,
1644418468,B54,1,0,,2891,0,0,,2891,
1644418468,B51,1,0,,2891,0,0,,2891,
1644418468,os4,1,1,job1002_scenario4_2887,2891,0,0,,2891,
1644418468,in4,1,0,,2891,0,0,,2891,
1644418468,B33,1,0,,2891,0,0,,2891,
1644418468,in27,1,0,,2892,0,0,,2892,
1644418468,B14,1,0,,2892,0,0,,2892,
1644418468,B11,1,0,,2892,0,0,,2892,
1644418468,cn12,1,0,,2892,0,0,,2892,
1644418469,B54,1,0,,2892,0,0,,2892,
1644418469,B51,1,0,,2892,0,0,,2892,
1644418469,os4,1,1,job1002_scenario4_2887,2892,0,0,,2892,
1644418469,in4,1,0,,2892,0,0,,2892,
1644418469,B33,1,0,,2892,0,0,,2892,
1644418469,in27,1,0,,2893,0,0,,2893,
1644418469,B14,1,0,,2893,0,0,,2893,
1644418469,B11,1,0,,2893,0,0,,2893,
1644418469,cn12,1,0,,2893,0,0,,2893,
1644418469,B54,1,0,,2893,0,0,,2893,
1644418469,B51,1,0,,2893,0,0,,2893,
1644418469,os4,1,1,job1002_scenario4_2887,2893,0,0,,2893,
1644418469,in4,1,0,,2893,0,0,,2893,
1644418469,B33,1,0,,2893,0,0,,2893,
1644418469,in27,1,0,,2894,0,0,,2894,
1644418469,B14,1,0,,2894,0,0,,2894,
1644418469,B11,1,0,,2894,0,0,,2894,
1644418469,cn12,1,0,,2894,0,0,,2894,
1644418469,B54,1,0,,2894,0,0,,2894,
1644418469,B51,1,0,,2894,0,0,,2894,
1644418469,os4,1,1,job1002_scenario4_2887,2894,0,0,,2894,
1644418469,in4,1,0,,2894,0,0,,2894,
1644418469,B33,1,0,,2894,0,0,,2894,
1644418469,in27,1,0,,2895,0,0,,2895,
1644418469,B14,1,0,,2895,0,0,,2895,
1644418469,B11,1,0,,2895,0,0,,2895,
1644418469,cn12,1,0,,2895,0,0,,2895,
1644418469,B54,1,0,,2895,0,0,,2895,
1644418469,B51,1,0,,2895,0,0,,2895,
1644418469,os4,1,1,job1002_scenario4_2887,2895,0,0,,2895,
1644418469,in4,1,0,,2895,0,0,,2895,
1644418469,B33,1,0,,2895,0,0,,2895,
1644418469,in27,1,0,,2896,0,0,,2896,
1644418469,B14,1,0,,2896,0,0,,2896,
1644418469,B11,1,0,,2896,0,0,,2896,
1644418469,cn12,1,0,,2896,0,0,,2896,
1644418469,B54,1,0,,2896,0,0,,2896,
1644418469,B51,1,0,,2896,0,0,,2896,
1644418469,os4,1,1,job1002_scenario4_2887,2896,0,0,,2896,
1644418469,in4,1,0,,2896,0,0,,2896,
1644418469,B33,1,0,,2896,0,0,,2896,
1644418469,in27,1,0,,2897,0,0,,2897,
1644418469,B14,1,0,,2897,0,0,,2897,
1644418469,B11,1,0,,2897,0,0,,2897,
1644418469,cn12,1,0,,2897,0,0,,2897,
1644418469,B54,1,0,,2897,0,0,,2897,
1644418469,B51,1,0,,2897,0,0,,2897,
1644418469,os4,1,1,job1002_scenario4_2887,2897,0,0,,2897,
1644418469,in4,1,0,,2897,0,0,,2897,
1644418469,B33,1,0,,2897,0,0,,2897,
1644418469,in27,1,0,,2898,0,0,,2898,
1644418469,B14,1,0,,2898,0,0,,2898,
1644418469,B11,1,0,,2898,0,0,,2898,
1644418469,cn12,1,0,,2898,0,0,,2898,
1644418469,B54,1,0,,2898,0,0,,2898,
1644418469,B51,1,0,,2898,0,0,,2898,
1644418469,os4,1,0,,2898,0,0,,2898,
1644418469,in4,1,0,,2898,0,0,,2898,
1644418469,B33,1,0,,2898,0,0,,2898,
1644418469,in27,1,0,,2899,0,0,,2899,
1644418469,B14,1,0,,2899,0,0,,2899,
1644418469,B11,1,0,,2899,0,0,,2899,
1644418469,cn12,1,0,,2899,0,0,,2899,
1644418469,B54,1,0,,2899,0,0,,2899,
1644418469,B51,1,0,,2899,0,0,,2899,
1644418469,os4,1,0,,2899,0,0,,2899,
1644418469,in4,1,0,,2899,0,0,,2899,
1644418469,B33,1,0,,2899,0,0,,2899,
1644418469,in27,1,0,,2900,0,0,,2900,
1644418469,B14,1,0,,2900,0,0,,2900,
1644418469,B11,1,0,,2900,0,0,,2900,
1644418469,cn12,1,0,,2900,0,0,,2900,
1644418469,B54,1,0,,2900,0,0,,2900,
1644418469,B51,1,0,,2900,0,0,,2900,
1644418469,os4,1,0,,2900,0,0,,2900,
1644418469,in4,1,0,,2900,0,0,,2900,
1644418469,B33,1,0,,2900,0,0,,2900,
1644418469,in27,1,0,,2901,0,0,,2901,
1644418469,B14,1,0,,2901,0,0,,2901,
1644418469,B11,1,0,,2901,0,0,,2901,
1644418469,cn12,1,0,,2901,0,0,,2901,
1644418469,B54,1,0,,2901,0,0,,2901,
1644418469,B51,1,0,,2901,0,0,,2901,
1644418469,os4,1,0,,2901,0,0,,2901,
1644418469,in4,1,0,,2901,0,0,,2901,
1644418469,B33,1,0,,2901,0,0,,2901,
1644418470,in27,1,0,,2902,0,0,,2902,
1644418470,B14,1,0,,2902,0,0,,2902,
1644418470,B11,1,0,,2902,0,0,,2902,
1644418470,cn12,1,0,,2902,0,0,,2902,
1644418470,B54,1,1,job999_scenario1_2863,2902,0,0,,2902,
1644418470,B51,1,0,,2902,0,0,,2902,
1644418470,os4,1,0,,2902,0,0,,2902,
1644418470,in4,1,0,,2902,0,0,,2902,
1644418470,B33,1,0,,2902,0,0,,2902,
1644418470,in27,1,0,,2903,0,0,,2903,
1644418470,B14,1,0,,2903,0,0,,2903,
1644418470,B11,1,0,,2903,0,0,,2903,
1644418470,cn12,1,0,,2903,0,0,,2903,
1644418470,B54,1,1,job999_scenario1_2863,2903,0,0,,2903,
1644418470,B51,1,0,,2903,0,0,,2903,
1644418470,os4,1,0,,2903,0,0,,2903,
1644418470,in4,1,0,,2903,0,0,,2903,
1644418470,B33,1,0,,2903,0,0,,2903,
1644418470,in27,1,0,,2904,0,0,,2904,
1644418470,B14,1,0,,2904,0,0,,2904,
1644418470,B11,1,0,,2904,0,0,,2904,
1644418470,cn12,1,0,,2904,0,0,,2904,
1644418470,B54,1,1,job999_scenario1_2863,2904,0,0,,2904,
1644418470,B51,1,0,,2904,0,0,,2904,
1644418470,os4,1,0,,2904,0,0,,2904,
1644418470,in4,1,0,,2904,0,0,,2904,
1644418470,B33,1,0,,2904,0,0,,2904,
1644418470,in27,1,0,,2905,0,0,,2905,
1644418470,B14,1,0,,2905,0,0,,2905,
1644418470,B11,1,0,,2905,0,0,,2905,
1644418471,cn12,1,0,,2905,0,0,,2905,
1644418471,B54,1,1,job999_scenario1_2863,2905,0,0,,2905,
1644418471,B51,1,0,,2905,0,0,,2905,
1644418471,os4,1,0,,2905,0,0,,2905,
1644418471,in4,1,0,,2905,0,0,,2905,
1644418471,B33,1,0,,2905,0,0,,2905,
1644418471,in27,1,0,,2906,0,0,,2906,
1644418471,B14,1,0,,2906,0,0,,2906,
1644418471,B11,1,0,,2906,0,0,,2906,
1644418471,cn12,1,0,,2906,0,0,,2906,
1644418471,B54,1,1,job999_scenario1_2863,2906,0,0,,2906,
1644418471,B51,1,0,,2906,0,0,,2906,
1644418471,os4,1,0,,2906,0,0,,2906,
1644418471,in4,1,0,,2906,0,0,,2906,
1644418471,B33,1,0,,2906,0,0,,2906,
1644418471,in27,1,0,,2907,0,0,,2907,
1644418471,B14,1,0,,2907,0,0,,2907,
1644418471,B11,1,0,,2907,0,0,,2907,
1644418471,cn12,1,0,,2907,0,0,,2907,
1644418471,B54,1,0,,2907,0,0,,2907,
1644418471,B51,1,0,,2907,0,0,,2907,
1644418471,os4,1,0,,2907,0,0,,2907,
1644418471,in4,1,0,,2907,0,0,,2907,
1644418471,B33,1,0,,2907,0,0,,2907,
1644418471,in27,1,0,,2908,0,0,,2908,
1644418471,B14,1,0,,2908,0,0,,2908,
1644418471,B11,1,0,,2908,0,0,,2908,
1644418471,cn12,1,0,,2908,0,0,,2908,
1644418471,B54,1,0,,2908,0,0,,2908,
1644418471,B51,1,0,,2908,0,0,,2908,
1644418471,os4,1,0,,2908,0,0,,2908,
1644418471,in4,1,0,,2908,0,0,,2908,
1644418471,B33,1,0,,2908,0,0,,2908,
1644418471,in27,1,0,,2909,0,0,,2909,
1644418471,B14,1,0,,2909,0,0,,2909,
1644418471,B11,1,0,,2909,0,0,,2909,
1644418471,cn12,1,0,,2909,0,0,,2909,
1644418471,B54,1,0,,2909,0,0,,2909,
1644418471,B51,1,0,,2909,0,0,,2909,
1644418471,os4,1,0,,2909,0,0,,2909,
1644418471,in4,1,0,,2909,0,0,,2909,
1644418471,B33,1,0,,2909,0,0,,2909,
1644418471,in27,1,0,,2910,0,0,,2910,
1644418471,B14,1,0,,2910,0,0,,2910,
1644418471,B11,1,0,,2910,0,0,,2910,
1644418471,cn12,1,0,,2910,0,0,,2910,
1644418471,B54,1,0,,2910,0,0,,2910,
1644418471,B51,1,0,,2910,0,0,,2910,
1644418471,os4,1,0,,2910,0,0,,2910,
1644418471,in4,1,0,,2910,0,0,,2910,
1644418471,B33,1,0,,2910,0,0,,2910,
1644418472,in27,1,0,,2911,0,0,,2911,
1644418472,B14,1,0,,2911,0,0,,2911,
1644418472,B11,1,0,,2911,0,0,,2911,
1644418472,cn12,1,0,,2911,0,0,,2911,
1644418472,B54,1,0,,2911,0,0,,2911,
1644418472,B51,1,0,,2911,0,0,,2911,
1644418472,os4,1,0,,2911,0,0,,2911,
1644418472,in4,1,0,,2911,0,0,,2911,
1644418472,B33,1,0,,2911,0,0,,2911,
1644418472,in27,1,0,,2912,0,0,,2912,
1644418472,B14,1,0,,2912,0,0,,2912,
1644418472,B11,1,0,,2912,0,0,,2912,
1644418472,cn12,1,0,,2912,0,0,,2912,
1644418472,B54,1,0,,2912,0,0,,2912,
1644418472,B51,1,0,,2912,0,0,,2912,
1644418472,os4,1,0,,2912,0,0,,2912,
1644418472,in4,1,0,,2912,0,0,,2912,
1644418472,B33,1,0,,2912,0,0,,2912,
1644418472,in27,1,0,,2913,0,0,,2913,
1644418472,B14,1,0,,2913,0,0,,2913,
1644418472,B11,1,0,,2913,0,0,,2913,
1644418472,cn12,1,0,,2913,0,0,,2913,
1644418472,B54,1,0,,2913,0,0,,2913,
1644418472,B51,1,0,,2913,0,0,,2913,
1644418472,os4,1,0,,2913,0,0,,2913,
1644418472,in4,1,0,,2913,0,0,,2913,
1644418472,B33,1,0,,2913,0,0,,2913,
1644418472,in27,1,0,,2914,0,0,,2914,
1644418472,B14,1,0,,2914,0,0,,2914,
1644418472,B11,1,0,,2914,0,0,,2914,
1644418472,cn12,1,0,,2914,0,0,,2914,
1644418472,B54,1,0,,2914,0,0,,2914,
1644418472,B51,1,0,,2914,0,0,,2914,
1644418472,os4,1,0,,2914,0,0,,2914,
1644418472,in4,1,0,,2914,0,0,,2914,
1644418472,B33,1,0,,2914,0,0,,2914,
1644418472,in27,1,0,,2915,0,0,,2915,
1644418472,B14,1,0,,2915,0,0,,2915,
1644418472,B11,1,0,,2915,0,0,,2915,
1644418472,cn12,1,0,,2915,0,0,,2915,
1644418472,B54,1,0,,2915,0,0,,2915,
1644418472,B51,1,0,,2915,0,0,,2915,
1644418472,os4,1,0,,2915,0,0,,2915,
1644418472,in4,1,0,,2915,0,0,,2915,
1644418472,B33,1,0,,2915,0,0,,2915,
1644418472,in27,1,0,,2916,0,0,,2916,
1644418472,B14,1,0,,2916,0,0,,2916,
1644418472,B11,1,0,,2916,0,0,,2916,
1644418472,cn12,1,0,,2916,0,0,,2916,
1644418472,B54,1,0,,2916,0,0,,2916,
1644418472,B51,1,0,,2916,0,0,,2916,
1644418472,os4,1,0,,2916,0,0,,2916,
1644418472,in4,1,0,,2916,0,0,,2916,
1644418473,B33,1,0,,2916,0,0,,2916,
1644418473,in27,1,0,,2917,0,0,,2917,
1644418473,B14,1,0,,2917,0,0,,2917,
1644418473,B11,1,0,,2917,0,0,,2917,
1644418473,cn12,1,0,,2917,0,0,,2917,
1644418473,B54,1,0,,2917,0,0,,2917,
1644418473,B51,1,0,,2917,0,0,,2917,
1644418473,os4,1,0,,2917,0,0,,2917,
1644418473,in4,1,0,,2917,0,0,,2917,
1644418473,B33,1,0,,2917,0,0,,2917,
1644418473,in27,1,0,,2918,0,0,,2918,
1644418473,B14,1,0,,2918,0,0,,2918,
1644418473,B11,1,0,,2918,0,0,,2918,
1644418473,cn12,1,0,,2918,0,0,,2918,
1644418473,B54,1,0,,2918,0,0,,2918,
1644418473,B51,1,0,,2918,0,0,,2918,
1644418473,os4,1,0,,2918,0,0,,2918,
1644418473,in4,1,0,,2918,0,0,,2918,
1644418473,B33,1,0,,2918,0,0,,2918,
1644418473,in27,1,0,,2919,0,0,,2919,
1644418473,B14,1,0,,2919,0,0,,2919,
1644418473,B11,1,0,,2919,0,0,,2919,
1644418473,cn12,1,0,,2919,0,0,,2919,
1644418473,B54,1,0,,2919,0,0,,2919,
1644418473,B51,1,0,,2919,0,0,,2919,
1644418473,os4,1,0,,2919,0,0,,2919,
1644418473,in4,1,0,,2919,0,0,,2919,
1644418473,B33,1,0,,2919,0,0,,2919,
1644418474,in27,1,0,,2920,0,0,,2920,
1644418474,B14,1,0,,2920,0,0,,2920,
1644418474,B11,1,0,,2920,0,0,,2920,
1644418474,cn12,1,0,,2920,0,0,,2920,
1644418474,B54,1,0,,2920,0,0,,2920,
1644418474,B51,1,0,,2920,0,0,,2920,
1644418474,os4,1,0,,2920,0,0,,2920,
1644418474,in4,1,0,,2920,0,0,,2920,
1644418474,B33,1,0,,2920,0,0,,2920,
1644418474,in27,1,0,,2921,0,0,,2921,
1644418474,B14,1,0,,2921,0,0,,2921,
1644418474,B11,1,0,,2921,0,0,,2921,
1644418474,cn12,1,0,,2921,0,0,,2921,
1644418474,B54,1,0,,2921,0,0,,2921,
1644418474,B51,1,0,,2921,0,0,,2921,
1644418474,os4,1,0,,2921,0,0,,2921,
1644418474,in4,1,0,,2921,0,0,,2921,
1644418474,B33,1,0,,2921,0,0,,2921,
1644418474,in27,1,0,,2922,0,0,,2922,
1644418474,B14,1,0,,2922,0,0,,2922,
1644418474,B11,1,0,,2922,0,0,,2922,
1644418474,cn12,1,0,,2922,0,0,,2922,
1644418474,B54,1,0,,2922,0,0,,2922,
1644418474,B51,1,0,,2922,0,0,,2922,
1644418474,os4,1,0,,2922,0,0,,2922,
1644418474,in4,1,0,,2922,0,0,,2922,
1644418474,B33,1,0,,2922,0,0,,2922,
1644418474,in27,1,0,,2923,0,0,,2923,
1644418474,B14,1,0,,2923,0,0,,2923,
1644418474,B11,1,0,,2923,0,0,,2923,
1644418474,cn12,1,0,,2923,0,0,,2923,
1644418474,B54,1,0,,2923,0,0,,2923,
1644418474,B51,1,0,,2923,0,0,,2923,
1644418474,os4,1,0,,2923,0,0,,2923,
1644418474,in4,1,0,,2923,0,0,,2923,
1644418474,B33,1,0,,2923,0,0,,2923,
1644418474,in27,1,0,,2924,0,0,,2924,
1644418474,B14,1,0,,2924,0,0,,2924,
1644418474,B11,1,0,,2924,0,0,,2924,
1644418474,cn12,1,0,,2924,0,0,,2924,
1644418474,B54,1,0,,2924,0,0,,2924,
1644418474,B51,1,0,,2924,0,0,,2924,
1644418474,os4,1,0,,2924,0,0,,2924,
1644418474,in4,1,0,,2924,0,0,,2924,
1644418474,B33,1,0,,2924,0,0,,2924,
1644418474,in27,1,0,,2925,0,0,,2925,
1644418474,B14,1,0,,2925,0,0,,2925,
1644418474,B11,1,0,,2925,0,0,,2925,
1644418474,cn12,1,0,,2925,0,0,,2925,
1644418474,B54,1,0,,2925,0,0,,2925,
1644418474,B51,1,0,,2925,0,0,,2925,
1644418474,os4,1,0,,2925,0,0,,2925,
1644418474,in4,1,0,,2925,0,0,,2925,
1644418474,B33,1,0,,2925,0,0,,2925,
1644418474,in27,1,0,,2926,0,0,,2926,
1644418474,B14,1,0,,2926,0,0,,2926,
1644418474,B11,1,0,,2926,0,0,,2926,
1644418474,cn12,1,0,,2926,0,0,,2926,
1644418474,B54,1,0,,2926,0,0,,2926,
1644418474,B51,1,0,,2926,0,0,,2926,
1644418474,os4,1,0,,2926,0,0,,2926,
1644418474,in4,1,0,,2926,0,0,,2926,
1644418474,B33,1,0,,2926,0,0,,2926,
1644418474,in27,1,0,,2927,0,0,,2927,
1644418474,B14,1,0,,2927,0,0,,2927,
1644418474,B11,1,0,,2927,0,0,,2927,
1644418474,cn12,1,0,,2927,0,0,,2927,
1644418474,B54,1,0,,2927,0,0,,2927,
1644418475,B51,1,0,,2927,0,0,,2927,
1644418475,os4,1,0,,2927,0,0,,2927,
1644418475,in4,1,0,,2927,0,0,,2927,
1644418475,B33,1,0,,2927,0,0,,2927,
1644418475,in27,1,0,,2928,0,0,,2928,
1644418475,B14,1,0,,2928,0,0,,2928,
1644418475,B11,1,0,,2928,0,0,,2928,
1644418475,cn12,1,0,,2928,0,0,,2928,
1644418475,B54,1,0,,2928,0,0,,2928,
1644418475,B51,1,0,,2928,0,0,,2928,
1644418475,os4,1,0,,2928,0,0,,2928,
1644418475,in4,1,0,,2928,0,0,,2928,
1644418475,B33,1,0,,2928,0,0,,2928,
1644418475,in27,1,0,,2929,0,0,,2929,
1644418475,B14,1,0,,2929,0,0,,2929,
1644418475,B11,1,0,,2929,0,0,,2929,
1644418475,cn12,1,0,,2929,0,0,,2929,
1644418475,B54,1,0,,2929,0,0,,2929,
1644418475,B51,1,0,,2929,0,0,,2929,
1644418475,os4,1,0,,2929,0,0,,2929,
1644418475,in4,1,0,,2929,0,0,,2929,
1644418475,B33,1,0,,2929,0,0,,2929,
1644418475,in27,1,0,,2930,0,0,,2930,
1644418475,B14,1,0,,2930,0,0,,2930,
1644418475,B11,1,0,,2930,0,0,,2930,
1644418475,cn12,1,0,,2930,0,0,,2930,
1644418475,B54,1,0,,2930,0,0,,2930,
1644418475,B51,1,0,,2930,0,0,,2930,
1644418475,os4,1,0,,2930,0,0,,2930,
1644418475,in4,1,0,,2930,0,0,,2930,
1644418475,B33,1,0,,2930,0,0,,2930,
1644418475,in27,1,0,,2931,0,0,,2931,
1644418475,B14,1,0,,2931,0,0,,2931,
1644418475,B11,1,0,,2931,0,0,,2931,
1644418475,cn12,1,0,,2931,0,0,,2931,
1644418475,B54,1,0,,2931,0,0,,2931,
1644418475,B51,1,0,,2931,0,0,,2931,
1644418475,os4,1,0,,2931,0,0,,2931,
1644418475,in4,1,0,,2931,0,0,,2931,
1644418475,B33,1,0,,2931,0,0,,2931,
1644418475,in27,1,0,,2932,0,0,,2932,
1644418475,B14,1,0,,2932,0,0,,2932,
1644418475,B11,1,0,,2932,0,0,,2932,
1644418475,cn12,1,0,,2932,0,0,,2932,
1644418475,B54,1,0,,2932,0,0,,2932,
1644418475,B51,1,0,,2932,0,0,,2932,
1644418475,os4,1,0,,2932,0,0,,2932,
1644418475,in4,1,0,,2932,0,0,,2932,
1644418475,B33,1,0,,2932,0,0,,2932,
1644418475,in27,1,0,,2933,0,0,,2933,
1644418475,B14,1,0,,2933,0,0,,2933,
1644418475,B11,1,0,,2933,0,0,,2933,
1644418475,cn12,1,0,,2933,0,0,,2933,
1644418475,B54,1,0,,2933,0,0,,2933,
1644418475,B51,1,0,,2933,0,0,,2933,
1644418475,os4,1,0,,2933,0,0,,2933,
1644418475,in4,1,0,,2933,0,0,,2933,
1644418475,B33,1,0,,2933,0,0,,2933,
1644418475,in27,1,0,,2934,0,0,,2934,
1644418475,B14,1,0,,2934,0,0,,2934,
1644418475,B11,1,0,,2934,0,0,,2934,
1644418475,cn12,1,0,,2934,0,0,,2934,
1644418475,B54,1,0,,2934,0,0,,2934,
1644418475,B51,1,0,,2934,0,0,,2934,
1644418475,os4,1,0,,2934,0,0,,2934,
1644418475,in4,1,0,,2934,0,0,,2934,
1644418475,B33,1,0,,2934,0,0,,2934,
1644418476,in27,1,0,,2935,0,0,,2935,
1644418476,B14,1,0,,2935,0,0,,2935,
1644418476,B11,1,0,,2935,0,0,,2935,
1644418476,cn12,1,0,,2935,0,0,,2935,
1644418476,B54,1,1,job1004_scenario1_2897,2935,0,0,,2935,
1644418476,B51,1,0,,2935,0,0,,2935,
1644418476,os4,1,0,,2935,0,0,,2935,
1644418476,in4,1,0,,2935,0,0,,2935,
1644418476,B33,1,0,,2935,0,0,,2935,
1644418476,in27,1,0,,2936,0,0,,2936,
1644418476,B14,1,0,,2936,0,0,,2936,
1644418476,B11,1,0,,2936,0,0,,2936,
1644418476,cn12,1,0,,2936,0,0,,2936,
1644418476,B54,1,1,job1004_scenario1_2897,2936,0,0,,2936,
1644418476,B51,1,0,,2936,0,0,,2936,
1644418476,os4,1,0,,2936,0,0,,2936,
1644418476,in4,1,0,,2936,0,0,,2936,
1644418476,B33,1,0,,2936,0,0,,2936,
1644418477,in27,1,0,,2937,0,0,,2937,
1644418477,B14,1,0,,2937,0,0,,2937,
1644418477,B11,1,0,,2937,0,0,,2937,
1644418477,cn12,1,0,,2937,0,0,,2937,
1644418477,B54,1,1,job1004_scenario1_2897,2937,0,0,,2937,
1644418477,B51,1,0,,2937,0,0,,2937,
1644418477,os4,1,0,,2937,0,0,,2937,
1644418477,in4,1,0,,2937,0,0,,2937,
1644418477,B33,1,0,,2937,0,0,,2937,
1644418477,in27,1,0,,2938,0,0,,2938,
1644418477,B14,1,0,,2938,0,0,,2938,
1644418477,B11,1,0,,2938,0,0,,2938,
1644418477,cn12,1,0,,2938,0,0,,2938,
1644418477,B54,1,1,job1004_scenario1_2897,2938,0,0,,2938,
1644418477,B51,1,0,,2938,0,0,,2938,
1644418477,os4,1,0,,2938,0,0,,2938,
1644418477,in4,1,0,,2938,0,0,,2938,
1644418477,B33,1,0,,2938,0,0,,2938,
1644418477,in27,1,0,,2939,0,0,,2939,
1644418477,B14,1,0,,2939,0,0,,2939,
1644418477,B11,1,0,,2939,0,0,,2939,
1644418477,cn12,1,0,,2939,0,0,,2939,
1644418477,B54,1,1,job1004_scenario1_2897,2939,0,0,,2939,
1644418477,B51,1,0,,2939,0,0,,2939,
1644418477,os4,1,0,,2939,0,0,,2939,
1644418477,in4,1,0,,2939,0,0,,2939,
1644418477,B33,1,0,,2939,0,0,,2939,
1644418477,in27,1,0,,2940,0,0,,2940,
1644418477,B14,1,0,,2940,0,0,,2940,
1644418477,B11,1,0,,2940,0,0,,2940,
1644418477,cn12,1,0,,2940,0,0,,2940,
1644418477,B54,1,1,job1004_scenario1_2897,2940,0,0,,2940,
1644418477,B51,1,0,,2940,0,0,,2940,
1644418477,os4,1,0,,2940,0,0,,2940,
1644418477,in4,1,0,,2940,0,0,,2940,
1644418477,B33,1,0,,2940,0,0,,2940,
1644418477,in27,1,0,,2941,0,0,,2941,
1644418477,B14,1,0,,2941,0,0,,2941,
1644418477,B11,1,0,,2941,0,0,,2941,
1644418477,cn12,1,0,,2941,0,0,,2941,
1644418477,B54,1,0,,2941,0,0,,2941,
1644418477,B51,1,0,,2941,0,0,,2941,
1644418477,os4,1,0,,2941,0,0,,2941,
1644418477,in4,1,0,,2941,0,0,,2941,
1644418477,B33,1,0,,2941,0,0,,2941,
1644418477,in27,1,0,,2942,0,0,,2942,
1644418477,B14,1,0,,2942,0,0,,2942,
1644418477,B11,1,0,,2942,0,0,,2942,
1644418477,cn12,1,0,,2942,0,0,,2942,
1644418477,B54,1,0,,2942,0,0,,2942,
1644418477,B51,1,0,,2942,0,0,,2942,
1644418477,os4,1,0,,2942,0,0,,2942,
1644418477,in4,1,0,,2942,0,0,,2942,
1644418477,B33,1,0,,2942,0,0,,2942,
1644418477,in27,1,0,,2943,0,0,,2943,
1644418477,B14,1,0,,2943,0,0,,2943,
1644418477,B11,1,0,,2943,0,0,,2943,
1644418477,cn12,1,0,,2943,0,0,,2943,
1644418477,B54,1,0,,2943,0,0,,2943,
1644418477,B51,1,0,,2943,0,0,,2943,
1644418477,os4,1,0,,2943,0,0,,2943,
1644418477,in4,1,0,,2943,0,0,,2943,
1644418477,B33,1,0,,2943,0,0,,2943,
1644418478,in27,1,0,,2944,0,0,,2944,
1644418478,B14,1,0,,2944,0,0,,2944,
1644418478,B11,1,0,,2944,0,0,,2944,
1644418478,cn12,1,0,,2944,0,0,,2944,
1644418478,B54,1,0,,2944,0,0,,2944,
1644418478,B51,1,0,,2944,0,0,,2944,
1644418478,os4,1,0,,2944,0,0,,2944,
1644418478,in4,1,0,,2944,0,0,,2944,
1644418478,B33,1,0,,2944,0,0,,2944,
1644418479,in27,1,0,,2945,0,0,,2945,
1644418479,B14,1,0,,2945,0,0,,2945,
1644418479,B11,1,0,,2945,0,0,,2945,
1644418479,cn12,1,0,,2945,0,0,,2945,
1644418479,B54,1,1,job1006_scenario1_2909,2945,0,0,,2945,
1644418479,B51,1,0,,2945,0,0,,2945,
1644418479,os4,1,0,,2945,0,0,,2945,
1644418479,in4,1,0,,2945,0,0,,2945,
1644418479,B33,1,0,,2945,0,0,,2945,
1644418479,in27,1,0,,2946,0,0,,2946,
1644418479,B14,1,0,,2946,0,0,,2946,
1644418479,B11,1,0,,2946,0,0,,2946,
1644418479,cn12,1,0,,2946,0,0,,2946,
1644418479,B54,1,1,job1006_scenario1_2909,2946,0,0,,2946,
1644418479,B51,1,0,,2946,0,0,,2946,
1644418479,os4,1,0,,2946,0,0,,2946,
1644418479,in4,1,0,,2946,0,0,,2946,
1644418479,B33,1,0,,2946,0,0,,2946,
1644418479,in27,1,0,,2947,0,0,,2947,
1644418479,B14,1,0,,2947,0,0,,2947,
1644418479,B11,1,0,,2947,0,0,,2947,
1644418479,cn12,1,0,,2947,0,0,,2947,
1644418479,B54,1,1,job1006_scenario1_2909,2947,0,0,,2947,
1644418479,B51,1,0,,2947,0,0,,2947,
1644418479,os4,1,0,,2947,0,0,,2947,
1644418479,in4,1,0,,2947,0,0,,2947,
1644418479,B33,1,0,,2947,0,0,,2947,
1644418480,in27,1,0,,2948,0,0,,2948,
1644418480,B14,1,0,,2948,0,0,,2948,
1644418480,B11,1,0,,2948,0,0,,2948,
1644418480,cn12,1,0,,2948,0,0,,2948,
1644418480,B54,1,1,job1006_scenario1_2909,2948,0,0,,2948,
1644418480,B51,1,0,,2948,0,0,,2948,
1644418480,os4,1,0,,2948,0,0,,2948,
1644418480,in4,1,0,,2948,0,0,,2948,
1644418480,B33,1,0,,2948,0,0,,2948,
1644418480,in27,1,0,,2949,0,0,,2949,
1644418480,B14,1,0,,2949,0,0,,2949,
1644418480,B11,1,0,,2949,0,0,,2949,
1644418480,cn12,1,0,,2949,0,0,,2949,
1644418480,B54,1,0,,2949,0,0,,2949,
1644418480,B51,1,0,,2949,0,0,,2949,
1644418480,os4,1,0,,2949,0,0,,2949,
1644418480,in4,1,0,,2949,0,0,,2949,
1644418480,B33,1,0,,2949,0,0,,2949,
1644418480,in27,1,0,,2950,0,0,,2950,
1644418480,B14,1,0,,2950,0,0,,2950,
1644418480,B11,1,0,,2950,0,0,,2950,
1644418480,cn12,1,0,,2950,0,0,,2950,
1644418480,B54,1,0,,2950,0,0,,2950,
1644418480,B51,1,0,,2950,0,0,,2950,
1644418480,os4,1,0,,2950,0,0,,2950,
1644418480,in4,1,0,,2950,0,0,,2950,
1644418480,B33,1,0,,2950,0,0,,2950,
1644418480,in27,1,0,,2951,0,0,,2951,
1644418480,B14,1,0,,2951,0,0,,2951,
1644418480,B11,1,0,,2951,0,0,,2951,
1644418480,cn12,1,0,,2951,0,0,,2951,
1644418480,B54,1,0,,2951,0,0,,2951,
1644418480,B51,1,0,,2951,0,0,,2951,
1644418480,os4,1,0,,2951,0,0,,2951,
1644418480,in4,1,0,,2951,0,0,,2951,
1644418480,B33,1,0,,2951,0,0,,2951,
1644418480,in27,1,0,,2952,0,0,,2952,
1644418480,B14,1,0,,2952,0,0,,2952,
1644418480,B11,1,0,,2952,0,0,,2952,
1644418480,cn12,1,0,,2952,0,0,,2952,
1644418480,B54,1,0,,2952,0,0,,2952,
1644418480,B51,1,0,,2952,0,0,,2952,
1644418480,os4,1,0,,2952,0,0,,2952,
1644418480,in4,1,0,,2952,0,0,,2952,
1644418480,B33,1,0,,2952,0,0,,2952,
1644418480,in27,1,0,,2953,0,0,,2953,
1644418480,B14,1,0,,2953,0,0,,2953,
1644418480,B11,1,0,,2953,0,0,,2953,
1644418480,cn12,1,0,,2953,0,0,,2953,
1644418480,B54,1,0,,2953,0,0,,2953,
1644418480,B51,1,0,,2953,0,0,,2953,
1644418480,os4,1,0,,2953,0,0,,2953,
1644418480,in4,1,0,,2953,0,0,,2953,
1644418480,B33,1,0,,2953,0,0,,2953,
1644418480,in27,1,0,,2954,0,0,,2954,
1644418480,B14,1,0,,2954,0,0,,2954,
1644418480,B11,1,0,,2954,0,0,,2954,
1644418480,cn12,1,0,,2954,0,0,,2954,
1644418480,B54,1,0,,2954,0,0,,2954,
1644418480,B51,1,0,,2954,0,0,,2954,
1644418480,os4,1,0,,2954,0,0,,2954,
1644418480,in4,1,0,,2954,0,0,,2954,
1644418480,B33,1,0,,2954,0,0,,2954,
1644418480,in27,1,0,,2955,0,0,,2955,
1644418480,B14,1,0,,2955,0,0,,2955,
1644418480,B11,1,0,,2955,0,0,,2955,
1644418480,cn12,1,0,,2955,0,0,,2955,
1644418480,B54,1,0,,2955,0,0,,2955,
1644418480,B51,1,0,,2955,0,0,,2955,
1644418480,os4,1,0,,2955,0,0,,2955,
1644418480,in4,1,0,,2955,0,0,,2955,
1644418480,B33,1,0,,2955,0,0,,2955,
1644418481,in27,1,0,,2956,0,0,,2956,
1644418481,B14,1,0,,2956,0,0,,2956,
1644418481,B11,1,0,,2956,0,0,,2956,
1644418481,cn12,1,0,,2956,0,0,,2956,
1644418481,B54,1,0,,2956,0,0,,2956,
1644418481,B51,1,0,,2956,0,0,,2956,
1644418481,os4,1,0,,2956,0,0,,2956,
1644418481,in4,1,0,,2956,0,0,,2956,
1644418481,B33,1,0,,2956,0,0,,2956,
1644418481,in27,1,0,,2957,0,0,,2957,
1644418481,B14,1,0,,2957,0,0,,2957,
1644418481,B11,1,0,,2957,0,0,,2957,
1644418481,cn12,1,0,,2957,0,0,,2957,
1644418481,B54,1,0,,2957,0,0,,2957,
1644418481,B51,1,0,,2957,0,0,,2957,
1644418481,os4,1,0,,2957,0,0,,2957,
1644418481,in4,1,0,,2957,0,0,,2957,
1644418481,B33,1,0,,2957,0,0,,2957,
1644418481,in27,1,0,,2958,0,0,,2958,
1644418481,B14,1,0,,2958,0,0,,2958,
1644418481,B11,1,0,,2958,0,0,,2958,
1644418481,cn12,1,0,,2958,0,0,,2958,
1644418481,B54,1,0,,2958,0,0,,2958,
1644418481,B51,1,0,,2958,0,0,,2958,
1644418481,os4,1,0,,2958,0,0,,2958,
1644418481,in4,1,0,,2958,0,0,,2958,
1644418481,B33,1,0,,2958,0,0,,2958,
1644418481,in27,1,0,,2959,0,0,,2959,
1644418481,B14,1,0,,2959,0,0,,2959,
1644418481,B11,1,0,,2959,0,0,,2959,
1644418481,cn12,1,0,,2959,0,0,,2959,
1644418481,B54,1,0,,2959,0,0,,2959,
1644418481,B51,1,0,,2959,0,0,,2959,
1644418481,os4,1,0,,2959,0,0,,2959,
1644418481,in4,1,0,,2959,0,0,,2959,
1644418481,B33,1,0,,2959,0,0,,2959,
1644418481,in27,1,0,,2960,0,0,,2960,
1644418481,B14,1,0,,2960,0,0,,2960,
1644418481,B11,1,0,,2960,0,0,,2960,
1644418481,cn12,1,0,,2960,0,0,,2960,
1644418481,B54,1,0,,2960,0,0,,2960,
1644418481,B51,1,0,,2960,0,0,,2960,
1644418481,os4,1,0,,2960,0,0,,2960,
1644418481,in4,1,0,,2960,0,0,,2960,
1644418481,B33,1,0,,2960,0,0,,2960,
1644418481,in27,1,0,,2961,0,0,,2961,
1644418481,B14,1,0,,2961,0,0,,2961,
1644418481,B11,1,0,,2961,0,0,,2961,
1644418481,cn12,1,0,,2961,0,0,,2961,
1644418481,B54,1,0,,2961,0,0,,2961,
1644418481,B51,1,0,,2961,0,0,,2961,
1644418481,os4,1,0,,2961,0,0,,2961,
1644418481,in4,1,0,,2961,0,0,,2961,
1644418481,B33,1,0,,2961,0,0,,2961,
1644418481,in27,1,0,,2962,0,0,,2962,
1644418481,B14,1,0,,2962,0,0,,2962,
1644418482,B11,1,0,,2962,0,0,,2962,
1644418482,cn12,1,0,,2962,0,0,,2962,
1644418482,B54,1,0,,2962,0,0,,2962,
1644418482,B51,1,0,,2962,0,0,,2962,
1644418482,os4,1,0,,2962,0,0,,2962,
1644418482,in4,1,0,,2962,0,0,,2962,
1644418482,B33,1,0,,2962,0,0,,2962,
1644418482,in27,1,0,,2963,0,0,,2963,
1644418482,B14,1,0,,2963,0,0,,2963,
1644418482,B11,1,0,,2963,0,0,,2963,
1644418482,cn12,1,0,,2963,0,0,,2963,
1644418482,B54,1,0,,2963,0,0,,2963,
1644418482,B51,1,0,,2963,0,0,,2963,
1644418482,os4,1,0,,2963,0,0,,2963,
1644418482,in4,1,0,,2963,0,0,,2963,
1644418482,B33,1,0,,2963,0,0,,2963,
1644418482,in27,1,0,,2964,0,0,,2964,
1644418482,B14,1,0,,2964,0,0,,2964,
1644418482,B11,1,0,,2964,0,0,,2964,
1644418482,cn12,1,0,,2964,0,0,,2964,
1644418482,B54,1,0,,2964,0,0,,2964,
1644418482,B51,1,0,,2964,0,0,,2964,
1644418482,os4,1,0,,2964,0,0,,2964,
1644418482,in4,1,0,,2964,0,0,,2964,
1644418482,B33,1,0,,2964,0,0,,2964,
1644418482,in27,1,0,,2965,0,0,,2965,
1644418482,B14,1,0,,2965,0,0,,2965,
1644418482,B11,1,0,,2965,0,0,,2965,
1644418482,cn12,1,0,,2965,0,0,,2965,
1644418482,B54,1,0,,2965,0,0,,2965,
1644418482,B51,1,0,,2965,0,0,,2965,
1644418482,os4,1,0,,2965,0,0,,2965,
1644418482,in4,1,0,,2965,0,0,,2965,
1644418482,B33,1,0,,2965,0,0,,2965,
1644418482,in27,1,0,,2966,0,0,,2966,
1644418482,B14,1,0,,2966,0,0,,2966,
1644418482,B11,1,0,,2966,0,0,,2966,
1644418482,cn12,1,0,,2966,0,0,,2966,
1644418482,B54,1,0,,2966,0,0,,2966,
1644418482,B51,1,0,,2966,0,0,,2966,
1644418482,os4,1,0,,2966,0,0,,2966,
1644418482,in4,1,0,,2966,0,0,,2966,
1644418482,B33,1,0,,2966,0,0,,2966,
1644418482,in27,1,0,,2967,0,0,,2967,
1644418482,B14,1,0,,2967,0,0,,2967,
1644418482,B11,1,0,,2967,0,0,,2967,
1644418482,cn12,1,0,,2967,0,0,,2967,
1644418482,B54,1,0,,2967,0,0,,2967,
1644418482,B51,1,0,,2967,0,0,,2967,
1644418482,os4,1,0,,2967,0,0,,2967,
1644418482,in4,1,0,,2967,0,0,,2967,
1644418482,B33,1,0,,2967,0,0,,2967,
1644418482,in27,1,0,,2968,0,0,,2968,
1644418482,B14,1,0,,2968,0,0,,2968,
1644418482,B11,1,0,,2968,0,0,,2968,
1644418482,cn12,1,0,,2968,0,0,,2968,
1644418482,B54,1,0,,2968,0,0,,2968,
1644418482,B51,1,0,,2968,0,0,,2968,
1644418482,os4,1,0,,2968,0,0,,2968,
1644418482,in4,1,0,,2968,0,0,,2968,
1644418482,B33,1,0,,2968,0,0,,2968,
1644418482,in27,1,0,,2969,0,0,,2969,
1644418482,B14,1,0,,2969,0,0,,2969,
1644418482,B11,1,0,,2969,0,0,,2969,
1644418482,cn12,1,0,,2969,0,0,,2969,
1644418482,B54,1,0,,2969,0,0,,2969,
1644418482,B51,1,0,,2969,0,0,,2969,
1644418482,os4,1,0,,2969,0,0,,2969,
1644418482,in4,1,0,,2969,0,0,,2969,
1644418482,B33,1,0,,2969,0,0,,2969,
1644418482,in27,1,0,,2970,0,0,,2970,
1644418482,B14,1,0,,2970,0,0,,2970,
1644418482,B11,1,0,,2970,0,0,,2970,
1644418482,cn12,1,0,,2970,0,0,,2970,
1644418482,B54,1,0,,2970,0,0,,2970,
1644418482,B51,1,0,,2970,0,0,,2970,
1644418482,os4,1,0,,2970,0,0,,2970,
1644418482,in4,1,0,,2970,0,0,,2970,
1644418482,B33,1,0,,2970,0,0,,2970,
1644418482,in27,1,0,,2971,0,0,,2971,
1644418482,B14,1,0,,2971,0,0,,2971,
1644418482,B11,1,0,,2971,0,0,,2971,
1644418482,cn12,1,0,,2971,0,0,,2971,
1644418482,B54,1,0,,2971,0,0,,2971,
1644418482,B51,1,0,,2971,0,0,,2971,
1644418482,os4,1,0,,2971,0,0,,2971,
1644418482,in4,1,0,,2971,0,0,,2971,
1644418482,B33,1,0,,2971,0,0,,2971,
1644418482,in27,1,0,,2972,0,0,,2972,
1644418482,B14,1,0,,2972,0,0,,2972,
1644418482,B11,1,0,,2972,0,0,,2972,
1644418482,cn12,1,0,,2972,0,0,,2972,
1644418482,B54,1,0,,2972,0,0,,2972,
1644418482,B51,1,0,,2972,0,0,,2972,
1644418482,os4,1,0,,2972,0,0,,2972,
1644418482,in4,1,0,,2972,0,0,,2972,
1644418482,B33,1,0,,2972,0,0,,2972,
1644418482,in27,1,0,,2973,0,0,,2973,
1644418482,B14,1,0,,2973,0,0,,2973,
1644418482,B11,1,0,,2973,0,0,,2973,
1644418482,cn12,1,0,,2973,0,0,,2973,
1644418482,B54,1,0,,2973,0,0,,2973,
1644418482,B51,1,0,,2973,0,0,,2973,
1644418482,os4,1,0,,2973,0,0,,2973,
1644418482,in4,1,0,,2973,0,0,,2973,
1644418482,B33,1,0,,2973,0,0,,2973,
1644418482,in27,1,0,,2974,0,0,,2974,
1644418482,B14,1,0,,2974,0,0,,2974,
1644418482,B11,1,0,,2974,0,0,,2974,
1644418482,cn12,1,0,,2974,0,0,,2974,
1644418482,B54,1,0,,2974,0,0,,2974,
1644418482,B51,1,0,,2974,0,0,,2974,
1644418482,os4,1,0,,2974,0,0,,2974,
1644418482,in4,1,0,,2974,0,0,,2974,
1644418483,B33,1,0,,2974,0,0,,2974,
1644418483,in27,1,0,,2975,0,0,,2975,
1644418483,B14,1,0,,2975,0,0,,2975,
1644418483,B11,1,0,,2975,0,0,,2975,
1644418483,cn12,1,0,,2975,0,0,,2975,
1644418483,B54,1,0,,2975,0,0,,2975,
1644418483,B51,1,0,,2975,0,0,,2975,
1644418483,os4,1,0,,2975,0,0,,2975,
1644418483,in4,1,0,,2975,0,0,,2975,
1644418483,B33,1,0,,2975,0,0,,2975,
1644418484,in27,1,0,,2976,0,0,,2976,
1644418484,B14,1,0,,2976,0,0,,2976,
1644418484,B11,1,0,,2976,0,0,,2976,
1644418484,cn12,1,0,,2976,0,0,,2976,
1644418484,B54,1,1,job1011_scenario1_2975,2976,0,0,,2976,
1644418484,B51,1,0,,2976,0,0,,2976,
1644418484,os4,1,0,,2976,0,0,,2976,
1644418484,in4,1,0,,2976,0,0,,2976,
1644418484,B33,1,0,,2976,0,0,,2976,
1644418484,in27,1,0,,2977,0,0,,2977,
1644418484,B14,1,0,,2977,0,0,,2977,
1644418484,B11,1,0,,2977,0,0,,2977,
1644418484,cn12,1,0,,2977,0,0,,2977,
1644418484,B54,1,1,job1011_scenario1_2975,2977,0,0,,2977,
1644418484,B51,1,0,,2977,0,0,,2977,
1644418484,os4,1,0,,2977,0,0,,2977,
1644418484,in4,1,0,,2977,0,0,,2977,
1644418484,B33,1,0,,2977,0,0,,2977,
1644418484,in27,1,0,,2978,0,0,,2978,
1644418484,B14,1,0,,2978,0,0,,2978,
1644418484,B11,1,0,,2978,0,0,,2978,
1644418484,cn12,1,0,,2978,0,0,,2978,
1644418484,B54,1,1,job1011_scenario1_2975,2978,0,0,,2978,
1644418484,B51,1,0,,2978,0,0,,2978,
1644418484,os4,1,0,,2978,0,0,,2978,
1644418484,in4,1,0,,2978,0,0,,2978,
1644418484,B33,1,0,,2978,0,0,,2978,
1644418484,in27,1,0,,2979,0,0,,2979,
1644418484,B14,1,0,,2979,0,0,,2979,
1644418484,B11,1,0,,2979,0,0,,2979,
1644418484,cn12,1,0,,2979,0,0,,2979,
1644418484,B54,1,1,job1011_scenario1_2975,2979,0,0,,2979,
1644418484,B51,1,0,,2979,0,0,,2979,
1644418484,os4,1,0,,2979,0,0,,2979,
1644418484,in4,1,0,,2979,0,0,,2979,
1644418484,B33,1,0,,2979,0,0,,2979,
1644418484,in27,1,0,,2980,0,0,,2980,
1644418484,B14,1,0,,2980,0,0,,2980,
1644418484,B11,1,0,,2980,0,0,,2980,
1644418484,cn12,1,0,,2980,0,0,,2980,
1644418484,B54,1,1,job1011_scenario1_2975,2980,0,0,,2980,
1644418484,B51,1,0,,2980,0,0,,2980,
1644418484,os4,1,0,,2980,0,0,,2980,
1644418484,in4,1,0,,2980,0,0,,2980,
1644418484,B33,1,0,,2980,0,0,,2980,
1644418484,in27,1,0,,2981,0,0,,2981,
1644418484,B14,1,0,,2981,0,0,,2981,
1644418484,B11,1,0,,2981,0,0,,2981,
1644418484,cn12,1,0,,2981,0,0,,2981,
1644418484,B54,1,0,,2981,0,0,,2981,
1644418484,B51,1,0,,2981,0,0,,2981,
1644418484,os4,1,0,,2981,0,0,,2981,
1644418484,in4,1,0,,2981,0,0,,2981,
1644418484,B33,1,0,,2981,0,0,,2981,
1644418484,in27,1,0,,2982,0,0,,2982,
1644418484,B14,1,0,,2982,0,0,,2982,
1644418484,B11,1,0,,2982,0,0,,2982,
1644418484,cn12,1,0,,2982,0,0,,2982,
1644418484,B54,1,0,,2982,0,0,,2982,
1644418484,B51,1,0,,2982,0,0,,2982,
1644418484,os4,1,0,,2982,0,0,,2982,
1644418484,in4,1,0,,2982,0,0,,2982,
1644418484,B33,1,0,,2982,0,0,,2982,
1644418484,in27,1,0,,2983,0,0,,2983,
1644418484,B14,1,0,,2983,0,0,,2983,
1644418484,B11,1,0,,2983,0,0,,2983,
1644418484,cn12,1,0,,2983,0,0,,2983,
1644418484,B54,1,0,,2983,0,0,,2983,
1644418484,B51,1,0,,2983,0,0,,2983,
1644418484,os4,1,0,,2983,0,0,,2983,
1644418484,in4,1,0,,2983,0,0,,2983,
1644418484,B33,1,0,,2983,0,0,,2983,
1644418484,in27,1,0,,2984,0,0,,2984,
1644418484,B14,1,0,,2984,0,0,,2984,
1644418484,B11,1,0,,2984,0,0,,2984,
1644418484,cn12,1,0,,2984,0,0,,2984,
1644418484,B54,1,0,,2984,0,0,,2984,
1644418484,B51,1,0,,2984,0,0,,2984,
1644418484,os4,1,0,,2984,0,0,,2984,
1644418484,in4,1,0,,2984,0,0,,2984,
1644418484,B33,1,0,,2984,0,0,,2984,
1644418484,in27,1,0,,2985,0,0,,2985,
1644418484,B14,1,0,,2985,0,0,,2985,
1644418484,B11,1,0,,2985,0,0,,2985,
1644418484,cn12,1,0,,2985,0,0,,2985,
1644418484,B54,1,0,,2985,0,0,,2985,
1644418484,B51,1,0,,2985,0,0,,2985,
1644418485,os4,1,0,,2985,0,0,,2985,
1644418485,in4,1,0,,2985,0,0,,2985,
1644418485,B33,1,0,,2985,0,0,,2985,
1644418485,in27,1,0,,2986,0,0,,2986,
1644418485,B14,1,0,,2986,0,0,,2986,
1644418485,B11,1,0,,2986,0,0,,2986,
1644418485,cn12,1,0,,2986,0,0,,2986,
1644418485,B54,1,0,,2986,0,0,,2986,
1644418485,B51,1,0,,2986,0,0,,2986,
1644418485,os4,1,0,,2986,0,0,,2986,
1644418485,in4,1,0,,2986,0,0,,2986,
1644418485,B33,1,0,,2986,0,0,,2986,
1644418485,in27,1,0,,2987,0,0,,2987,
1644418485,B14,1,0,,2987,0,0,,2987,
1644418485,B11,1,0,,2987,0,0,,2987,
1644418485,cn12,1,0,,2987,0,0,,2987,
1644418485,B54,1,0,,2987,0,0,,2987,
1644418485,B51,1,0,,2987,0,0,,2987,
1644418485,os4,1,0,,2987,0,0,,2987,
1644418485,in4,1,0,,2987,0,0,,2987,
1644418485,B33,1,0,,2987,0,0,,2987,
1644418485,in27,1,0,,2988,0,0,,2988,
1644418485,B14,1,0,,2988,0,0,,2988,
1644418485,B11,1,0,,2988,0,0,,2988,
1644418485,cn12,1,0,,2988,0,0,,2988,
1644418485,B54,1,0,,2988,0,0,,2988,
1644418485,B51,1,0,,2988,0,0,,2988,
1644418485,os4,1,0,,2988,0,0,,2988,
1644418485,in4,1,0,,2988,0,0,,2988,
1644418485,B33,1,0,,2988,0,0,,2988,
1644418485,in27,1,0,,2989,0,0,,2989,
1644418485,B14,1,0,,2989,0,0,,2989,
1644418485,B11,1,0,,2989,0,0,,2989,
1644418485,cn12,1,0,,2989,0,0,,2989,
1644418485,B54,1,0,,2989,0,0,,2989,
1644418485,B51,1,0,,2989,0,0,,2989,
1644418485,os4,1,0,,2989,0,0,,2989,
1644418485,in4,1,0,,2989,0,0,,2989,
1644418485,B33,1,0,,2989,0,0,,2989,
1644418486,in27,1,0,,2990,0,0,,2990,
1644418486,B14,1,0,,2990,0,0,,2990,
1644418486,B11,1,0,,2990,0,0,,2990,
1644418486,cn12,1,0,,2990,0,0,,2990,
1644418486,B54,1,0,,2990,0,0,,2990,
1644418486,B51,1,0,,2990,0,0,,2990,
1644418486,os4,1,0,,2990,0,0,,2990,
1644418486,in4,1,0,,2990,0,0,,2990,
1644418486,B33,1,0,,2990,0,0,,2990,
1644418486,in27,1,0,,2991,0,0,,2991,
1644418486,B14,1,0,,2991,0,0,,2991,
1644418486,B11,1,0,,2991,0,0,,2991,
1644418486,cn12,1,0,,2991,0,0,,2991,
1644418486,B54,1,0,,2991,0,0,,2991,
1644418486,B51,1,0,,2991,0,0,,2991,
1644418486,os4,1,0,,2991,0,0,,2991,
1644418486,in4,1,0,,2991,0,0,,2991,
1644418486,B33,1,0,,2991,0,0,,2991,
1644418486,in27,1,0,,2992,0,0,,2992,
1644418486,B14,1,0,,2992,0,0,,2992,
1644418486,B11,1,0,,2992,0,0,,2992,
1644418486,cn12,1,0,,2992,0,0,,2992,
1644418486,B54,1,0,,2992,0,0,,2992,
1644418486,B51,1,0,,2992,0,0,,2992,
1644418486,os4,1,0,,2992,0,0,,2992,
1644418486,in4,1,0,,2992,0,0,,2992,
1644418486,B33,1,0,,2992,0,0,,2992,
1644418486,in27,1,0,,2993,0,0,,2993,
1644418486,B14,1,0,,2993,0,0,,2993,
1644418486,B11,1,0,,2993,0,0,,2993,
1644418486,cn12,1,0,,2993,0,0,,2993,
1644418486,B54,1,0,,2993,0,0,,2993,
1644418486,B51,1,0,,2993,0,0,,2993,
1644418486,os4,1,0,,2993,0,0,,2993,
1644418486,in4,1,0,,2993,0,0,,2993,
1644418486,B33,1,0,,2993,0,0,,2993,
1644418486,in27,1,0,,2994,0,0,,2994,
1644418486,B14,1,0,,2994,0,0,,2994,
1644418486,B11,1,0,,2994,0,0,,2994,
1644418486,cn12,1,0,,2994,0,0,,2994,
1644418486,B54,1,0,,2994,0,0,,2994,
1644418486,B51,1,0,,2994,0,0,,2994,
1644418486,os4,1,0,,2994,0,0,,2994,
1644418486,in4,1,0,,2994,0,0,,2994,
1644418486,B33,1,0,,2994,0,0,,2994,
1644418486,in27,1,0,,2995,0,0,,2995,
1644418486,B14,1,0,,2995,0,0,,2995,
1644418486,B11,1,0,,2995,0,0,,2995,
1644418486,cn12,1,0,,2995,0,0,,2995,
1644418486,B54,1,0,,2995,0,0,,2995,
1644418487,B51,1,0,,2995,0,0,,2995,
1644418487,os4,1,0,,2995,0,0,,2995,
1644418487,in4,1,0,,2995,0,0,,2995,
1644418487,B33,1,0,,2995,0,0,,2995,
1644418487,in27,1,0,,2996,0,0,,2996,
1644418487,B14,1,0,,2996,0,0,,2996,
1644418487,B11,1,0,,2996,0,0,,2996,
1644418487,cn12,1,0,,2996,0,0,,2996,
1644418487,B54,1,0,,2996,0,0,,2996,
1644418487,B51,1,0,,2996,0,0,,2996,
1644418487,os4,1,0,,2996,0,0,,2996,
1644418487,in4,1,0,,2996,0,0,,2996,
1644418487,B33,1,0,,2996,0,0,,2996,
1644418487,in27,1,0,,2997,0,0,,2997,
1644418487,B14,1,0,,2997,0,0,,2997,
1644418487,B11,1,0,,2997,0,0,,2997,
1644418487,cn12,1,0,,2997,0,0,,2997,
1644418487,B54,1,0,,2997,0,0,,2997,
1644418487,B51,1,0,,2997,0,0,,2997,
1644418487,os4,1,0,,2997,0,0,,2997,
1644418487,in4,1,0,,2997,0,0,,2997,
1644418487,B33,1,0,,2997,0,0,,2997,
1644418487,in27,1,0,,2998,0,0,,2998,
1644418487,B14,1,0,,2998,0,0,,2998,
1644418487,B11,1,0,,2998,0,0,,2998,
1644418487,cn12,1,0,,2998,0,0,,2998,
1644418487,B54,1,0,,2998,0,0,,2998,
1644418487,B51,1,0,,2998,0,0,,2998,
1644418487,os4,1,0,,2998,0,0,,2998,
1644418487,in4,1,0,,2998,0,0,,2998,
1644418487,B33,1,0,,2998,0,0,,2998,
1644418487,in27,1,0,,2999,0,0,,2999,
1644418487,B14,1,0,,2999,0,0,,2999,
1644418487,B11,1,0,,2999,0,0,,2999,
1644418487,cn12,1,0,,2999,0,0,,2999,
1644418487,B54,1,0,,2999,0,0,,2999,
1644418487,B51,1,0,,2999,0,0,,2999,
1644418487,os4,1,0,,2999,0,0,,2999,
1644418487,in4,1,0,,2999,0,0,,2999,
1644418487,B33,1,0,,2999,0,0,,2999,
1644418487,in27,1,0,,3000,0,0,,3000,
1644418487,B14,1,0,,3000,0,0,,3000,
1644418487,B11,1,0,,3000,0,0,,3000,
1644418487,cn12,1,0,,3000,0,0,,3000,
1644418487,B54,1,0,,3000,0,0,,3000,
1644418487,B51,1,0,,3000,0,0,,3000,
1644418487,os4,1,0,,3000,0,0,,3000,
1644418487,in4,1,0,,3000,0,0,,3000,
1644418487,B33,1,0,,3000,0,0,,3000,
1644418487,in27,1,0,,3001,0,0,,3001,
1644418487,B14,1,0,,3001,0,0,,3001,
1644418487,B11,1,0,,3001,0,0,,3001,
1644418487,cn12,1,0,,3001,0,0,,3001,
1644418487,B54,1,0,,3001,0,0,,3001,
1644418487,B51,1,0,,3001,0,0,,3001,
1644418487,os4,1,0,,3001,0,0,,3001,
1644418487,in4,1,0,,3001,0,0,,3001,
1644418487,B33,1,0,,3001,0,0,,3001,
1644418487,in27,1,0,,3002,0,0,,3002,
1644418487,B14,1,0,,3002,0,0,,3002,
1644418487,B11,1,0,,3002,0,0,,3002,
1644418487,cn12,1,0,,3002,0,0,,3002,
1644418487,B54,1,0,,3002,0,0,,3002,
1644418487,B51,1,0,,3002,0,0,,3002,
1644418487,os4,1,0,,3002,0,0,,3002,
1644418487,in4,1,0,,3002,0,0,,3002,
1644418487,B33,1,0,,3002,0,0,,3002,
1644418487,in27,1,0,,3003,0,0,,3003,
1644418487,B14,1,0,,3003,0,0,,3003,
1644418487,B11,1,0,,3003,0,0,,3003,
1644418487,cn12,1,0,,3003,0,0,,3003,
1644418487,B54,1,0,,3003,0,0,,3003,
1644418487,B51,1,0,,3003,0,0,,3003,
1644418487,os4,1,0,,3003,0,0,,3003,
1644418487,in4,1,0,,3003,0,0,,3003,
1644418487,B33,1,0,,3003,0,0,,3003,
1644418487,in27,1,0,,3004,0,0,,3004,
1644418487,B14,1,0,,3004,0,0,,3004,
1644418487,B11,1,0,,3004,0,0,,3004,
1644418487,cn12,1,0,,3004,0,0,,3004,
1644418487,B54,1,0,,3004,0,0,,3004,
1644418487,B51,1,0,,3004,0,0,,3004,
1644418487,os4,1,0,,3004,0,0,,3004,
1644418487,in4,1,0,,3004,0,0,,3004,
1644418487,B33,1,0,,3004,0,0,,3004,
1644418487,in27,1,0,,3005,0,0,,3005,
1644418487,B14,1,0,,3005,0,0,,3005,
1644418487,B11,1,0,,3005,0,0,,3005,
1644418487,cn12,1,0,,3005,0,0,,3005,
1644418487,B54,1,0,,3005,0,0,,3005,
1644418487,B51,1,0,,3005,0,0,,3005,
1644418487,os4,1,0,,3005,0,0,,3005,
1644418487,in4,1,0,,3005,0,0,,3005,
1644418487,B33,1,0,,3005,0,0,,3005,
1644418487,in27,1,0,,3006,0,0,,3006,
1644418487,B14,1,0,,3006,0,0,,3006,
1644418487,B11,1,0,,3006,0,0,,3006,
1644418487,cn12,1,0,,3006,0,0,,3006,
1644418487,B54,1,0,,3006,0,0,,3006,
1644418487,B51,1,0,,3006,0,0,,3006,
1644418487,os4,1,0,,3006,0,0,,3006,
1644418487,in4,1,0,,3006,0,0,,3006,
1644418487,B33,1,0,,3006,0,0,,3006,
1644418487,in27,1,0,,3007,0,0,,3007,
1644418487,B14,1,0,,3007,0,0,,3007,
1644418487,B11,1,0,,3007,0,0,,3007,
1644418487,cn12,1,0,,3007,0,0,,3007,
1644418487,B54,1,0,,3007,0,0,,3007,
1644418487,B51,1,0,,3007,0,0,,3007,
1644418487,os4,1,0,,3007,0,0,,3007,
1644418487,in4,1,0,,3007,0,0,,3007,
1644418487,B33,1,0,,3007,0,0,,3007,
1644418489,in27,1,0,,3008,0,0,,3008,
1644418489,B14,1,0,,3008,0,0,,3008,
1644418489,B11,1,0,,3008,0,0,,3008,
1644418489,cn12,1,0,,3008,0,0,,3008,
1644418489,B54,1,1,job1010_scenario0_2968,3008,0,0,,3008,
1644418489,B51,1,0,,3008,0,0,,3008,
1644418489,os4,1,1,job1014_scenario4_3004,3008,0,0,,3008,
1644418489,in4,1,0,,3008,0,0,,3008,
1644418489,B33,1,0,,3008,0,0,,3008,
1644418490,in27,1,0,,3009,0,0,,3009,
1644418490,B14,1,0,,3009,0,0,,3009,
1644418490,B11,1,0,,3009,0,0,,3009,
1644418490,cn12,1,0,,3009,0,0,,3009,
1644418490,B54,1,1,job1010_scenario0_2968,3009,0,0,,3009,
1644418490,B51,1,0,,3009,0,0,,3009,
1644418490,os4,1,1,job1014_scenario4_3004,3009,0,0,,3009,
1644418490,in4,1,0,,3009,0,0,,3009,
1644418490,B33,1,0,,3009,0,0,,3009,
1644418490,in27,1,0,,3010,0,0,,3010,
1644418490,B14,1,0,,3010,0,0,,3010,
1644418490,B11,1,0,,3010,0,0,,3010,
1644418490,cn12,1,0,,3010,0,0,,3010,
1644418490,B54,1,1,job1010_scenario0_2968,3010,0,0,,3010,
1644418490,B51,1,0,,3010,0,0,,3010,
1644418490,os4,1,0,,3010,0,0,,3010,
1644418490,in4,1,0,,3010,0,0,,3010,
1644418490,B33,1,0,,3010,0,0,,3010,
1644418490,in27,1,0,,3011,0,0,,3011,
1644418490,B14,1,0,,3011,0,0,,3011,
1644418490,B11,1,0,,3011,0,0,,3011,
1644418491,cn12,1,0,,3011,0,0,,3011,
1644418491,B54,1,1,job1010_scenario0_2968,3011,0,0,,3011,
1644418491,B51,1,0,,3011,0,0,,3011,
1644418491,os4,1,0,,3011,0,0,,3011,
1644418491,in4,1,0,,3011,0,0,,3011,
1644418491,B33,1,0,,3011,0,0,,3011,
1644418491,in27,1,0,,3012,0,0,,3012,
1644418491,B14,1,0,,3012,0,0,,3012,
1644418491,B11,1,0,,3012,0,0,,3012,
1644418491,cn12,1,0,,3012,0,0,,3012,
1644418491,B54,1,1,job1010_scenario0_2968,3012,0,0,,3012,
1644418491,B51,1,0,,3012,0,0,,3012,
1644418491,os4,1,0,,3012,0,0,,3012,
1644418491,in4,1,0,,3012,0,0,,3012,
1644418491,B33,1,0,,3012,0,0,,3012,
1644418491,in27,1,0,,3013,0,0,,3013,
1644418491,B14,1,0,,3013,0,0,,3013,
1644418491,B11,1,0,,3013,0,0,,3013,
1644418491,cn12,1,0,,3013,0,0,,3013,
1644418491,B54,1,1,job1010_scenario0_2968,3013,0,0,,3013,
1644418491,B51,1,0,,3013,0,0,,3013,
1644418491,os4,1,0,,3013,0,0,,3013,
1644418491,in4,1,0,,3013,0,0,,3013,
1644418491,B33,1,0,,3013,0,0,,3013,
1644418491,in27,1,0,,3014,0,0,,3014,
1644418491,B14,1,0,,3014,0,0,,3014,
1644418491,B11,1,0,,3014,0,0,,3014,
1644418491,cn12,1,0,,3014,0,0,,3014,
1644418491,B54,1,1,job1010_scenario0_2968,3014,0,0,,3014,
1644418491,B51,1,0,,3014,0,0,,3014,
1644418491,os4,1,0,,3014,0,0,,3014,
1644418491,in4,1,0,,3014,0,0,,3014,
1644418491,B33,1,0,,3014,0,0,,3014,
1644418491,in27,1,0,,3015,0,0,,3015,
1644418491,B14,1,0,,3015,0,0,,3015,
1644418491,B11,1,0,,3015,0,0,,3015,
1644418491,cn12,1,0,,3015,0,0,,3015,
1644418491,B54,1,1,job1010_scenario0_2968,3015,0,0,,3015,
1644418491,B51,1,0,,3015,0,0,,3015,
1644418491,os4,1,0,,3015,0,0,,3015,
1644418491,in4,1,0,,3015,0,0,,3015,
1644418491,B33,1,0,,3015,0,0,,3015,
1644418491,in27,1,0,,3016,0,0,,3016,
1644418491,B14,1,0,,3016,0,0,,3016,
1644418491,B11,1,0,,3016,0,0,,3016,
1644418491,cn12,1,0,,3016,0,0,,3016,
1644418491,B54,1,1,job1010_scenario0_2968,3016,0,0,,3016,
1644418491,B51,1,0,,3016,0,0,,3016,
1644418491,os4,1,0,,3016,0,0,,3016,
1644418491,in4,1,0,,3016,0,0,,3016,
1644418491,B33,1,0,,3016,0,0,,3016,
1644418491,in27,1,0,,3017,0,0,,3017,
1644418491,B14,1,0,,3017,0,0,,3017,
1644418491,B11,1,0,,3017,0,0,,3017,
1644418491,cn12,1,0,,3017,0,0,,3017,
1644418491,B54,1,1,job1010_scenario0_2968,3017,0,0,,3017,
1644418491,B51,1,0,,3017,0,0,,3017,
1644418491,os4,1,0,,3017,0,0,,3017,
1644418491,in4,1,0,,3017,0,0,,3017,
1644418491,B33,1,0,,3017,0,0,,3017,
1644418491,in27,1,0,,3018,0,0,,3018,
1644418491,B14,1,0,,3018,0,0,,3018,
1644418491,B11,1,0,,3018,0,0,,3018,
1644418491,cn12,1,0,,3018,0,0,,3018,
1644418491,B54,1,1,job1010_scenario0_2968,3018,0,0,,3018,
1644418491,B51,1,0,,3018,0,0,,3018,
1644418491,os4,1,0,,3018,0,0,,3018,
1644418491,in4,1,0,,3018,0,0,,3018,
1644418491,B33,1,0,,3018,0,0,,3018,
1644418491,in27,1,0,,3019,0,0,,3019,
1644418491,B14,1,0,,3019,0,0,,3019,
1644418491,B11,1,0,,3019,0,0,,3019,
1644418491,cn12,1,0,,3019,0,0,,3019,
1644418491,B54,1,1,job1010_scenario0_2968,3019,0,0,,3019,
1644418491,B51,1,0,,3019,0,0,,3019,
1644418491,os4,1,0,,3019,0,0,,3019,
1644418491,in4,1,0,,3019,0,0,,3019,
1644418491,B33,1,0,,3019,0,0,,3019,
1644418491,in27,1,0,,3020,0,0,,3020,
1644418491,B14,1,0,,3020,0,0,,3020,
1644418491,B11,1,0,,3020,0,0,,3020,
1644418491,cn12,1,0,,3020,0,0,,3020,
1644418491,B54,1,1,job1010_scenario0_2968,3020,0,0,,3020,
1644418491,B51,1,0,,3020,0,0,,3020,
1644418491,os4,1,0,,3020,0,0,,3020,
1644418491,in4,1,0,,3020,0,0,,3020,
1644418491,B33,1,0,,3020,0,0,,3020,
1644418493,in27,1,0,,3021,0,0,,3021,
1644418493,B14,1,0,,3021,0,0,,3021,
1644418493,B11,1,0,,3021,0,0,,3021,
1644418493,cn12,1,0,,3021,0,0,,3021,
1644418493,B54,1,0,,3021,0,0,,3021,
1644418493,B51,1,0,,3021,0,0,,3021,
1644418493,os4,1,0,,3021,0,0,,3021,
1644418493,in4,1,0,,3021,0,0,,3021,
1644418493,B33,1,0,,3021,0,0,,3021,
1644418493,in27,1,0,,3022,0,0,,3022,
1644418493,B14,1,0,,3022,0,0,,3022,
1644418493,B11,1,0,,3022,0,0,,3022,
1644418493,cn12,1,0,,3022,0,0,,3022,
1644418493,B54,1,0,,3022,0,0,,3022,
1644418493,B51,1,0,,3022,0,0,,3022,
1644418493,os4,1,0,,3022,0,0,,3022,
1644418493,in4,1,0,,3022,0,0,,3022,
1644418493,B33,1,0,,3022,0,0,,3022,
1644418493,in27,1,0,,3023,0,0,,3023,
1644418493,B14,1,0,,3023,0,0,,3023,
1644418493,B11,1,0,,3023,0,0,,3023,
1644418493,cn12,1,0,,3023,0,0,,3023,
1644418493,B54,1,0,,3023,0,0,,3023,
1644418493,B51,1,0,,3023,0,0,,3023,
1644418493,os4,1,0,,3023,0,0,,3023,
1644418493,in4,1,0,,3023,0,0,,3023,
1644418493,B33,1,0,,3023,0,0,,3023,
1644418494,in27,1,0,,3024,0,0,,3024,
1644418494,B14,1,0,,3024,0,0,,3024,
1644418494,B11,1,1,job1019_scenario3_3021,3024,0,0,,3024,
1644418494,cn12,1,0,,3024,0,0,,3024,
1644418494,B54,1,0,,3024,0,0,,3024,
1644418494,B51,1,0,,3024,0,0,,3024,
1644418494,os4,1,0,,3024,0,0,,3024,
1644418494,in4,1,0,,3024,0,0,,3024,
1644418494,B33,1,0,,3024,0,0,,3024,
1644418494,in27,1,0,,3025,0,0,,3025,
1644418494,B14,1,0,,3025,0,0,,3025,
1644418494,B11,1,1,job1019_scenario3_3021,3025,0,0,,3025,
1644418494,cn12,1,0,,3025,0,0,,3025,
1644418494,B54,1,0,,3025,0,0,,3025,
1644418494,B51,1,0,,3025,0,0,,3025,
1644418494,os4,1,0,,3025,0,0,,3025,
1644418494,in4,1,0,,3025,0,0,,3025,
1644418494,B33,1,0,,3025,0,0,,3025,
1644418494,in27,1,0,,3026,0,0,,3026,
1644418494,B14,1,0,,3026,0,0,,3026,
1644418494,B11,1,1,job1019_scenario3_3021,3026,0,0,,3026,
1644418494,cn12,1,0,,3026,0,0,,3026,
1644418494,B54,1,0,,3026,0,0,,3026,
1644418494,B51,1,0,,3026,0,0,,3026,
1644418494,os4,1,0,,3026,0,0,,3026,
1644418494,in4,1,0,,3026,0,0,,3026,
1644418494,B33,1,0,,3026,0,0,,3026,
1644418495,in27,1,0,,3027,0,0,,3027,
1644418495,B14,1,0,,3027,0,0,,3027,
1644418495,B11,1,1,job1019_scenario3_3021,3027,0,0,,3027,
1644418495,cn12,1,0,,3027,0,0,,3027,
1644418495,B54,1,0,,3027,0,0,,3027,
1644418495,B51,1,0,,3027,0,0,,3027,
1644418495,os4,1,0,,3027,0,0,,3027,
1644418495,in4,1,0,,3027,0,0,,3027,
1644418495,B33,1,0,,3027,0,0,,3027,
1644418495,in27,1,0,,3028,0,0,,3028,
1644418495,B14,1,0,,3028,0,0,,3028,
1644418495,B11,1,0,,3028,0,0,,3028,
1644418495,cn12,1,0,,3028,0,0,,3028,
1644418495,B54,1,0,,3028,0,0,,3028,
1644418495,B51,1,0,,3028,0,0,,3028,
1644418495,os4,1,0,,3028,0,0,,3028,
1644418495,in4,1,0,,3028,0,0,,3028,
1644418495,B33,1,0,,3028,0,0,,3028,
1644418495,in27,1,0,,3029,0,0,,3029,
1644418495,B14,1,0,,3029,0,0,,3029,
1644418495,B11,1,0,,3029,0,0,,3029,
1644418495,cn12,1,0,,3029,0,0,,3029,
1644418495,B54,1,0,,3029,0,0,,3029,
1644418495,B51,1,0,,3029,0,0,,3029,
1644418495,os4,1,0,,3029,0,0,,3029,
1644418495,in4,1,0,,3029,0,0,,3029,
1644418495,B33,1,0,,3029,0,0,,3029,
1644418495,in27,1,0,,3030,0,0,,3030,
1644418495,B14,1,0,,3030,0,0,,3030,
1644418496,B11,1,0,,3030,0,0,,3030,
1644418496,cn12,1,0,,3030,0,0,,3030,
1644418496,B54,1,0,,3030,0,0,,3030,
1644418496,B51,1,0,,3030,0,0,,3030,
1644418496,os4,1,0,,3030,0,0,,3030,
1644418496,in4,1,0,,3030,0,0,,3030,
1644418496,B33,1,0,,3030,0,0,,3030,
1644418496,in27,1,0,,3031,0,0,,3031,
1644418496,B14,1,0,,3031,0,0,,3031,
1644418496,B11,1,0,,3031,0,0,,3031,
1644418496,cn12,1,0,,3031,0,0,,3031,
1644418496,B54,1,1,job1016_scenario0_3009,3031,0,0,,3031,
1644418496,B51,1,0,,3031,0,0,,3031,
1644418497,os4,1,0,,3031,0,0,,3031,
1644418497,in4,1,0,,3031,0,0,,3031,
1644418497,B33,1,0,,3031,0,0,,3031,
1644418497,in27,1,0,,3032,0,0,,3032,
1644418497,B14,1,0,,3032,0,0,,3032,
1644418497,B11,1,0,,3032,0,0,,3032,
1644418497,cn12,1,0,,3032,0,0,,3032,
1644418497,B54,1,1,job1016_scenario0_3009,3032,0,0,,3032,
1644418497,B51,1,0,,3032,0,0,,3032,
1644418497,os4,1,0,,3032,0,0,,3032,
1644418497,in4,1,0,,3032,0,0,,3032,
1644418497,B33,1,0,,3032,0,0,,3032,
1644418497,in27,1,0,,3033,0,0,,3033,
1644418497,B14,1,0,,3033,0,0,,3033,
1644418497,B11,1,0,,3033,0,0,,3033,
1644418497,cn12,1,0,,3033,0,0,,3033,
1644418497,B54,1,1,job1016_scenario0_3009,3033,0,0,,3033,
1644418497,B51,1,0,,3033,0,0,,3033,
1644418497,os4,1,0,,3033,0,0,,3033,
1644418497,in4,1,0,,3033,0,0,,3033,
1644418497,B33,1,0,,3033,0,0,,3033,
1644418497,in27,1,0,,3034,0,0,,3034,
1644418497,B14,1,0,,3034,0,0,,3034,
1644418497,B11,1,0,,3034,0,0,,3034,
1644418497,cn12,1,0,,3034,0,0,,3034,
1644418497,B54,1,1,job1016_scenario0_3009,3034,0,0,,3034,
1644418497,B51,1,0,,3034,0,0,,3034,
1644418497,os4,1,0,,3034,0,0,,3034,
1644418497,in4,1,0,,3034,0,0,,3034,
1644418497,B33,1,0,,3034,0,0,,3034,
1644418497,in27,1,0,,3035,0,0,,3035,
1644418497,B14,1,0,,3035,0,0,,3035,
1644418497,B11,1,0,,3035,0,0,,3035,
1644418497,cn12,1,0,,3035,0,0,,3035,
1644418497,B54,1,1,job1016_scenario0_3009,3035,0,0,,3035,
1644418497,B51,1,0,,3035,0,0,,3035,
1644418497,os4,1,0,,3035,0,0,,3035,
1644418497,in4,1,0,,3035,0,0,,3035,
1644418497,B33,1,0,,3035,0,0,,3035,
1644418498,in27,1,0,,3036,0,0,,3036,
1644418498,B14,1,0,,3036,0,0,,3036,
1644418498,B11,1,0,,3036,0,0,,3036,
1644418498,cn12,1,0,,3036,0,0,,3036,
1644418498,B54,1,1,job1016_scenario0_3009,3036,0,0,,3036,
1644418498,B51,1,0,,3036,0,0,,3036,
1644418498,os4,1,0,,3036,0,0,,3036,
1644418498,in4,1,0,,3036,0,0,,3036,
1644418498,B33,1,0,,3036,0,0,,3036,
1644418498,in27,1,0,,3037,0,0,,3037,
1644418498,B14,1,0,,3037,0,0,,3037,
1644418498,B11,1,0,,3037,0,0,,3037,
1644418498,cn12,1,0,,3037,0,0,,3037,
1644418498,B54,1,1,job1016_scenario0_3009,3037,0,0,,3037,
1644418498,B51,1,0,,3037,0,0,,3037,
1644418498,os4,1,0,,3037,0,0,,3037,
1644418498,in4,1,0,,3037,0,0,,3037,
1644418498,B33,1,0,,3037,0,0,,3037,
1644418498,in27,1,0,,3038,0,0,,3038,
1644418498,B14,1,0,,3038,0,0,,3038,
1644418498,B11,1,0,,3038,0,0,,3038,
1644418498,cn12,1,0,,3038,0,0,,3038,
1644418498,B54,1,1,job1016_scenario0_3009,3038,0,0,,3038,
1644418498,B51,1,0,,3038,0,0,,3038,
1644418498,os4,1,0,,3038,0,0,,3038,
1644418498,in4,1,0,,3038,0,0,,3038,
1644418498,B33,1,0,,3038,0,0,,3038,
1644418498,in27,1,0,,3039,0,0,,3039,
1644418498,B14,1,0,,3039,0,0,,3039,
1644418498,B11,1,0,,3039,0,0,,3039,
1644418498,cn12,1,0,,3039,0,0,,3039,
1644418498,B54,1,1,job1016_scenario0_3009,3039,0,0,,3039,
1644418498,B51,1,0,,3039,0,0,,3039,
1644418498,os4,1,0,,3039,0,0,,3039,
1644418498,in4,1,0,,3039,0,0,,3039,
1644418498,B33,1,0,,3039,0,0,,3039,
1644418499,in27,1,0,,3040,0,0,,3040,
1644418499,B14,1,0,,3040,0,0,,3040,
1644418499,B11,1,0,,3040,0,0,,3040,
1644418499,cn12,1,0,,3040,0,0,,3040,
1644418499,B54,1,1,job1016_scenario0_3009,3040,0,0,,3040,
1644418499,B51,1,0,,3040,0,0,,3040,
1644418499,os4,1,1,job1023_scenario4_3036,3040,0,0,,3040,
1644418499,in4,1,0,,3040,0,0,,3040,
1644418499,B33,1,0,,3040,0,0,,3040,
1644418499,in27,1,0,,3041,0,0,,3041,
1644418499,B14,1,0,,3041,0,0,,3041,
1644418499,B11,1,0,,3041,0,0,,3041,
1644418499,cn12,1,0,,3041,0,0,,3041,
1644418499,B54,1,1,job1016_scenario0_3009,3041,0,0,,3041,
1644418499,B51,1,0,,3041,0,0,,3041,
1644418499,os4,1,1,job1023_scenario4_3036,3041,0,0,,3041,
1644418499,in4,1,0,,3041,0,0,,3041,
1644418499,B33,1,0,,3041,0,0,,3041,
1644418499,in27,1,0,,3042,0,0,,3042,
1644418499,B14,1,0,,3042,0,0,,3042,
1644418499,B11,1,0,,3042,0,0,,3042,
1644418499,cn12,1,0,,3042,0,0,,3042,
1644418499,B54,1,1,job1016_scenario0_3009,3042,0,0,,3042,
1644418499,B51,1,0,,3042,0,0,,3042,
1644418499,os4,1,1,job1023_scenario4_3036,3042,0,0,,3042,
1644418499,in4,1,0,,3042,0,0,,3042,
1644418499,B33,1,0,,3042,0,0,,3042,
1644418499,in27,1,0,,3043,0,0,,3043,
1644418499,B14,1,0,,3043,0,0,,3043,
1644418499,B11,1,0,,3043,0,0,,3043,
1644418499,cn12,1,0,,3043,0,0,,3043,
1644418499,B54,1,1,job1016_scenario0_3009,3043,0,0,,3043,
1644418499,B51,1,0,,3043,0,0,,3043,
1644418499,os4,1,0,,3043,0,0,,3043,
1644418499,in4,1,0,,3043,0,0,,3043,
1644418499,B33,1,0,,3043,0,0,,3043,
1644418500,in27,1,0,,3044,0,0,,3044,
1644418500,B14,1,0,,3044,0,0,,3044,
1644418500,B11,1,0,,3044,0,0,,3044,
1644418500,cn12,1,0,,3044,0,0,,3044,
1644418500,B54,1,0,,3044,0,0,,3044,
1644418500,B51,1,0,,3044,0,0,,3044,
1644418500,os4,1,0,,3044,0,0,,3044,
1644418500,in4,1,0,,3044,0,0,,3044,
1644418500,B33,1,0,,3044,0,0,,3044,
1644418500,in27,1,0,,3045,0,0,,3045,
1644418500,B14,1,0,,3045,0,0,,3045,
1644418500,B11,1,0,,3045,0,0,,3045,
1644418500,cn12,1,0,,3045,0,0,,3045,
1644418500,B54,1,0,,3045,0,0,,3045,
1644418500,B51,1,0,,3045,0,0,,3045,
1644418500,os4,1,0,,3045,0,0,,3045,
1644418500,in4,1,0,,3045,0,0,,3045,
1644418500,B33,1,0,,3045,0,0,,3045,
1644418500,in27,1,0,,3046,0,0,,3046,
1644418500,B14,1,0,,3046,0,0,,3046,
1644418500,B11,1,0,,3046,0,0,,3046,
1644418500,cn12,1,0,,3046,0,0,,3046,
1644418500,B54,1,0,,3046,0,0,,3046,
1644418500,B51,1,0,,3046,0,0,,3046,
1644418500,os4,1,0,,3046,0,0,,3046,
1644418500,in4,1,0,,3046,0,0,,3046,
1644418500,B33,1,0,,3046,0,0,,3046,
1644418500,in27,1,0,,3047,0,0,,3047,
1644418501,B14,1,0,,3047,0,0,,3047,
1644418501,B11,1,0,,3047,0,0,,3047,
1644418501,cn12,1,0,,3047,0,0,,3047,
1644418501,B54,1,0,,3047,0,0,,3047,
1644418501,B51,1,0,,3047,0,0,,3047,
1644418501,os4,1,0,,3047,0,0,,3047,
1644418501,in4,1,0,,3047,0,0,,3047,
1644418501,B33,1,0,,3047,0,0,,3047,
1644418501,in27,1,0,,3048,0,0,,3048,
1644418501,B14,1,0,,3048,0,0,,3048,
1644418501,B11,1,0,,3048,0,0,,3048,
1644418501,cn12,1,0,,3048,0,0,,3048,
1644418501,B54,1,0,,3048,0,0,,3048,
1644418501,B51,1,0,,3048,0,0,,3048,
1644418501,os4,1,0,,3048,0,0,,3048,
1644418501,in4,1,0,,3048,0,0,,3048,
1644418501,B33,1,0,,3048,0,0,,3048,
1644418501,in27,1,0,,3049,0,0,,3049,
1644418501,B14,1,0,,3049,0,0,,3049,
1644418501,B11,1,0,,3049,0,0,,3049,
1644418501,cn12,1,0,,3049,0,0,,3049,
1644418501,B54,1,0,,3049,0,0,,3049,
1644418501,B51,1,0,,3049,0,0,,3049,
1644418501,os4,1,0,,3049,0,0,,3049,
1644418501,in4,1,0,,3049,0,0,,3049,
1644418501,B33,1,0,,3049,0,0,,3049,
1644418501,in27,1,0,,3050,0,0,,3050,
1644418501,B14,1,0,,3050,0,0,,3050,
1644418501,B11,1,0,,3050,0,0,,3050,
1644418501,cn12,1,0,,3050,0,0,,3050,
1644418501,B54,1,0,,3050,0,0,,3050,
1644418501,B51,1,0,,3050,0,0,,3050,
1644418501,os4,1,0,,3050,0,0,,3050,
1644418501,in4,1,0,,3050,0,0,,3050,
1644418501,B33,1,0,,3050,0,0,,3050,
1644418502,in27,1,0,,3051,0,0,,3051,
1644418502,B14,1,0,,3051,0,0,,3051,
1644418502,B11,1,0,,3051,0,0,,3051,
1644418502,cn12,1,0,,3051,0,0,,3051,
1644418502,B54,1,0,,3051,0,0,,3051,
1644418502,B51,1,0,,3051,0,0,,3051,
1644418502,os4,1,1,job1025_scenario4_3047,3051,0,0,,3051,
1644418502,in4,1,0,,3051,0,0,,3051,
1644418502,B33,1,0,,3051,0,0,,3051,
1644418502,in27,1,0,,3052,0,0,,3052,
1644418502,B14,1,0,,3052,0,0,,3052,
1644418502,B11,1,0,,3052,0,0,,3052,
1644418502,cn12,1,0,,3052,0,0,,3052,
1644418502,B54,1,0,,3052,0,0,,3052,
1644418502,B51,1,0,,3052,0,0,,3052,
1644418502,os4,1,1,job1025_scenario4_3047,3052,0,0,,3052,
1644418502,in4,1,0,,3052,0,0,,3052,
1644418502,B33,1,0,,3052,0,0,,3052,
1644418502,in27,1,0,,3053,0,0,,3053,
1644418502,B14,1,0,,3053,0,0,,3053,
1644418502,B11,1,0,,3053,0,0,,3053,
1644418502,cn12,1,0,,3053,0,0,,3053,
1644418502,B54,1,0,,3053,0,0,,3053,
1644418502,B51,1,0,,3053,0,0,,3053,
1644418502,os4,1,1,job1025_scenario4_3047,3053,0,0,,3053,
1644418502,in4,1,0,,3053,0,0,,3053,
1644418502,B33,1,0,,3053,0,0,,3053,
1644418502,in27,1,0,,3054,0,0,,3054,
1644418502,B14,1,0,,3054,0,0,,3054,
1644418502,B11,1,0,,3054,0,0,,3054,
1644418502,cn12,1,0,,3054,0,0,,3054,
1644418502,B54,1,0,,3054,0,0,,3054,
1644418502,B51,1,0,,3054,0,0,,3054,
1644418502,os4,1,1,job1025_scenario4_3047,3054,0,0,,3054,
1644418502,in4,1,0,,3054,0,0,,3054,
1644418502,B33,1,0,,3054,0,0,,3054,
1644418502,in27,1,0,,3055,0,0,,3055,
1644418502,B14,1,0,,3055,0,0,,3055,
1644418502,B11,1,0,,3055,0,0,,3055,
1644418502,cn12,1,0,,3055,0,0,,3055,
1644418502,B54,1,0,,3055,0,0,,3055,
1644418502,B51,1,0,,3055,0,0,,3055,
1644418502,os4,1,1,job1025_scenario4_3047,3055,0,0,,3055,
1644418502,in4,1,0,,3055,0,0,,3055,
1644418502,B33,1,0,,3055,0,0,,3055,
1644418502,in27,1,0,,3056,0,0,,3056,
1644418502,B14,1,0,,3056,0,0,,3056,
1644418502,B11,1,0,,3056,0,0,,3056,
1644418502,cn12,1,0,,3056,0,0,,3056,
1644418502,B54,1,0,,3056,0,0,,3056,
1644418502,B51,1,0,,3056,0,0,,3056,
1644418502,os4,1,1,job1025_scenario4_3047,3056,0,0,,3056,
1644418502,in4,1,0,,3056,0,0,,3056,
1644418502,B33,1,0,,3056,0,0,,3056,
1644418502,in27,1,0,,3057,0,0,,3057,
1644418502,B14,1,0,,3057,0,0,,3057,
1644418502,B11,1,0,,3057,0,0,,3057,
1644418502,cn12,1,0,,3057,0,0,,3057,
1644418502,B54,1,0,,3057,0,0,,3057,
1644418502,B51,1,0,,3057,0,0,,3057,
1644418502,os4,1,1,job1025_scenario4_3047,3057,0,0,,3057,
1644418502,in4,1,0,,3057,0,0,,3057,
1644418502,B33,1,0,,3057,0,0,,3057,
1644418502,in27,1,0,,3058,0,0,,3058,
1644418502,B14,1,0,,3058,0,0,,3058,
1644418502,B11,1,0,,3058,0,0,,3058,
1644418502,cn12,1,0,,3058,0,0,,3058,
1644418502,B54,1,0,,3058,0,0,,3058,
1644418502,B51,1,0,,3058,0,0,,3058,
1644418502,os4,1,1,job1025_scenario4_3047,3058,0,0,,3058,
1644418502,in4,1,0,,3058,0,0,,3058,
1644418502,B33,1,0,,3058,0,0,,3058,
1644418502,in27,1,0,,3059,0,0,,3059,
1644418502,B14,1,0,,3059,0,0,,3059,
1644418502,B11,1,0,,3059,0,0,,3059,
1644418502,cn12,1,0,,3059,0,0,,3059,
1644418502,B54,1,0,,3059,0,0,,3059,
1644418502,B51,1,0,,3059,0,0,,3059,
1644418502,os4,1,0,,3059,0,0,,3059,
1644418502,in4,1,0,,3059,0,0,,3059,
1644418502,B33,1,0,,3059,0,0,,3059,
1644418502,in27,1,0,,3060,0,0,,3060,
1644418502,B14,1,0,,3060,0,0,,3060,
1644418502,B11,1,0,,3060,0,0,,3060,
1644418502,cn12,1,0,,3060,0,0,,3060,
1644418502,B54,1,0,,3060,0,0,,3060,
1644418502,B51,1,0,,3060,0,0,,3060,
1644418502,os4,1,0,,3060,0,0,,3060,
1644418502,in4,1,0,,3060,0,0,,3060,
1644418502,B33,1,0,,3060,0,0,,3060,
1644418503,in27,1,0,,3061,0,0,,3061,
1644418503,B14,1,0,,3061,0,0,,3061,
1644418503,B11,1,0,,3061,0,0,,3061,
1644418503,cn12,1,0,,3061,0,0,,3061,
1644418503,B54,1,0,,3061,0,0,,3061,
1644418503,B51,1,0,,3061,0,0,,3061,
1644418503,os4,1,1,job1027_scenario4_3057,3061,0,0,,3061,
1644418503,in4,1,0,,3061,0,0,,3061,
1644418503,B33,1,0,,3061,0,0,,3061,
1644418503,in27,1,0,,3062,0,0,,3062,
1644418504,B14,1,0,,3062,0,0,,3062,
1644418504,B11,1,0,,3062,0,0,,3062,
1644418504,cn12,1,0,,3062,0,0,,3062,
1644418504,B54,1,0,,3062,0,0,,3062,
1644418504,B51,1,0,,3062,0,0,,3062,
1644418504,os4,1,1,job1027_scenario4_3057,3062,0,0,,3062,
1644418504,in4,1,0,,3062,0,0,,3062,
1644418504,B33,1,0,,3062,0,0,,3062,
1644418504,in27,1,0,,3063,0,0,,3063,
1644418504,B14,1,0,,3063,0,0,,3063,
1644418504,B11,1,0,,3063,0,0,,3063,
1644418504,cn12,1,0,,3063,0,0,,3063,
1644418504,B54,1,0,,3063,0,0,,3063,
1644418504,B51,1,0,,3063,0,0,,3063,
1644418504,os4,1,1,job1027_scenario4_3057,3063,0,0,,3063,
1644418504,in4,1,0,,3063,0,0,,3063,
1644418504,B33,1,0,,3063,0,0,,3063,
1644418504,in27,1,0,,3064,0,0,,3064,
1644418504,B14,1,0,,3064,0,0,,3064,
1644418504,B11,1,0,,3064,0,0,,3064,
1644418504,cn12,1,0,,3064,0,0,,3064,
1644418504,B54,1,0,,3064,0,0,,3064,
1644418504,B51,1,0,,3064,0,0,,3064,
1644418504,os4,1,1,job1027_scenario4_3057,3064,0,0,,3064,
1644418504,in4,1,0,,3064,0,0,,3064,
1644418504,B33,1,0,,3064,0,0,,3064,
1644418504,in27,1,0,,3065,0,0,,3065,
1644418504,B14,1,0,,3065,0,0,,3065,
1644418504,B11,1,0,,3065,0,0,,3065,
1644418504,cn12,1,0,,3065,0,0,,3065,
1644418504,B54,1,0,,3065,0,0,,3065,
1644418504,B51,1,0,,3065,0,0,,3065,
1644418504,os4,1,0,,3065,0,0,,3065,
1644418504,in4,1,0,,3065,0,0,,3065,
1644418504,B33,1,0,,3065,0,0,,3065,
1644418504,in27,1,0,,3066,0,0,,3066,
1644418504,B14,1,0,,3066,0,0,,3066,
1644418504,B11,1,0,,3066,0,0,,3066,
1644418504,cn12,1,0,,3066,0,0,,3066,
1644418504,B54,1,0,,3066,0,0,,3066,
1644418504,B51,1,0,,3066,0,0,,3066,
1644418504,os4,1,0,,3066,0,0,,3066,
1644418504,in4,1,0,,3066,0,0,,3066,
1644418504,B33,1,0,,3066,0,0,,3066,
1644418504,in27,1,0,,3067,0,0,,3067,
1644418504,B14,1,0,,3067,0,0,,3067,
1644418504,B11,1,0,,3067,0,0,,3067,
1644418504,cn12,1,0,,3067,0,0,,3067,
1644418504,B54,1,0,,3067,0,0,,3067,
1644418504,B51,1,0,,3067,0,0,,3067,
1644418504,os4,1,0,,3067,0,0,,3067,
1644418504,in4,1,0,,3067,0,0,,3067,
1644418504,B33,1,0,,3067,0,0,,3067,
1644418504,in27,1,0,,3068,0,0,,3068,
1644418504,B14,1,0,,3068,0,0,,3068,
1644418504,B11,1,0,,3068,0,0,,3068,
1644418504,cn12,1,0,,3068,0,0,,3068,
1644418504,B54,1,0,,3068,0,0,,3068,
1644418504,B51,1,0,,3068,0,0,,3068,
1644418504,os4,1,0,,3068,0,0,,3068,
1644418504,in4,1,0,,3068,0,0,,3068,
1644418504,B33,1,0,,3068,0,0,,3068,
1644418504,in27,1,0,,3069,0,0,,3069,
1644418504,B14,1,0,,3069,0,0,,3069,
1644418504,B11,1,0,,3069,0,0,,3069,
1644418504,cn12,1,0,,3069,0,0,,3069,
1644418504,B54,1,0,,3069,0,0,,3069,
1644418504,B51,1,0,,3069,0,0,,3069,
1644418504,os4,1,0,,3069,0,0,,3069,
1644418504,in4,1,0,,3069,0,0,,3069,
1644418504,B33,1,0,,3069,0,0,,3069,
1644418504,in27,1,0,,3070,0,0,,3070,
1644418504,B14,1,0,,3070,0,0,,3070,
1644418504,B11,1,0,,3070,0,0,,3070,
1644418504,cn12,1,0,,3070,0,0,,3070,
1644418504,B54,1,0,,3070,0,0,,3070,
1644418504,B51,1,0,,3070,0,0,,3070,
1644418504,os4,1,0,,3070,0,0,,3070,
1644418504,in4,1,0,,3070,0,0,,3070,
1644418504,B33,1,0,,3070,0,0,,3070,
1644418504,in27,1,0,,3071,0,0,,3071,
1644418504,B14,1,0,,3071,0,0,,3071,
1644418504,B11,1,0,,3071,0,0,,3071,
1644418504,cn12,1,0,,3071,0,0,,3071,
1644418505,B54,1,0,,3071,0,0,,3071,
1644418505,B51,1,0,,3071,0,0,,3071,
1644418505,os4,1,0,,3071,0,0,,3071,
1644418505,in4,1,0,,3071,0,0,,3071,
1644418505,B33,1,0,,3071,0,0,,3071,
1644418505,in27,1,0,,3072,0,0,,3072,
1644418505,B14,1,0,,3072,0,0,,3072,
1644418505,B11,1,0,,3072,0,0,,3072,
1644418505,cn12,1,0,,3072,0,0,,3072,
1644418505,B54,1,0,,3072,0,0,,3072,
1644418505,B51,1,0,,3072,0,0,,3072,
1644418505,os4,1,0,,3072,0,0,,3072,
1644418505,in4,1,0,,3072,0,0,,3072,
1644418505,B33,1,0,,3072,0,0,,3072,
1644418505,in27,1,0,,3073,0,0,,3073,
1644418505,B14,1,0,,3073,0,0,,3073,
1644418505,B11,1,0,,3073,0,0,,3073,
1644418505,cn12,1,0,,3073,0,0,,3073,
1644418505,B54,1,0,,3073,0,0,,3073,
1644418505,B51,1,0,,3073,0,0,,3073,
1644418505,os4,1,0,,3073,0,0,,3073,
1644418505,in4,1,0,,3073,0,0,,3073,
1644418505,B33,1,0,,3073,0,0,,3073,
1644418505,in27,1,0,,3074,0,0,,3074,
1644418505,B14,1,0,,3074,0,0,,3074,
1644418505,B11,1,0,,3074,0,0,,3074,
1644418505,cn12,1,0,,3074,0,0,,3074,
1644418505,B54,1,0,,3074,0,0,,3074,
1644418505,B51,1,0,,3074,0,0,,3074,
1644418505,os4,1,0,,3074,0,0,,3074,
1644418505,in4,1,0,,3074,0,0,,3074,
1644418505,B33,1,0,,3074,0,0,,3074,
1644418505,in27,1,0,,3075,0,0,,3075,
1644418505,B14,1,0,,3075,0,0,,3075,
1644418505,B11,1,0,,3075,0,0,,3075,
1644418505,cn12,1,0,,3075,0,0,,3075,
1644418505,B54,1,0,,3075,0,0,,3075,
1644418505,B51,1,0,,3075,0,0,,3075,
1644418505,os4,1,0,,3075,0,0,,3075,
1644418505,in4,1,0,,3075,0,0,,3075,
1644418505,B33,1,0,,3075,0,0,,3075,
1644418505,in27,1,0,,3076,0,0,,3076,
1644418505,B14,1,0,,3076,0,0,,3076,
1644418505,B11,1,0,,3076,0,0,,3076,
1644418505,cn12,1,0,,3076,0,0,,3076,
1644418505,B54,1,0,,3076,0,0,,3076,
1644418505,B51,1,0,,3076,0,0,,3076,
1644418505,os4,1,0,,3076,0,0,,3076,
1644418505,in4,1,0,,3076,0,0,,3076,
1644418505,B33,1,0,,3076,0,0,,3076,
1644418505,in27,1,0,,3077,0,0,,3077,
1644418505,B14,1,0,,3077,0,0,,3077,
1644418505,B11,1,0,,3077,0,0,,3077,
1644418505,cn12,1,0,,3077,0,0,,3077,
1644418505,B54,1,0,,3077,0,0,,3077,
1644418505,B51,1,0,,3077,0,0,,3077,
1644418505,os4,1,0,,3077,0,0,,3077,
1644418505,in4,1,0,,3077,0,0,,3077,
1644418505,B33,1,0,,3077,0,0,,3077,
1644418505,in27,1,0,,3078,0,0,,3078,
1644418505,B14,1,0,,3078,0,0,,3078,
1644418505,B11,1,0,,3078,0,0,,3078,
1644418505,cn12,1,0,,3078,0,0,,3078,
1644418505,B54,1,0,,3078,0,0,,3078,
1644418505,B51,1,0,,3078,0,0,,3078,
1644418505,os4,1,0,,3078,0,0,,3078,
1644418505,in4,1,0,,3078,0,0,,3078,
1644418505,B33,1,0,,3078,0,0,,3078,
1644418505,in27,1,0,,3079,0,0,,3079,
1644418505,B14,1,0,,3079,0,0,,3079,
1644418505,B11,1,0,,3079,0,0,,3079,
1644418505,cn12,1,0,,3079,0,0,,3079,
1644418505,B54,1,0,,3079,0,0,,3079,
1644418505,B51,1,0,,3079,0,0,,3079,
1644418505,os4,1,0,,3079,0,0,,3079,
1644418505,in4,1,0,,3079,0,0,,3079,
1644418505,B33,1,0,,3079,0,0,,3079,
1644418505,in27,1,0,,3080,0,0,,3080,
1644418505,B14,1,0,,3080,0,0,,3080,
1644418505,B11,1,0,,3080,0,0,,3080,
1644418505,cn12,1,0,,3080,0,0,,3080,
1644418505,B54,1,0,,3080,0,0,,3080,
1644418505,B51,1,0,,3080,0,0,,3080,
1644418505,os4,1,0,,3080,0,0,,3080,
1644418505,in4,1,0,,3080,0,0,,3080,
1644418505,B33,1,0,,3080,0,0,,3080,
1644418505,in27,1,0,,3081,0,0,,3081,
1644418506,B14,1,0,,3081,0,0,,3081,
1644418506,B11,1,0,,3081,0,0,,3081,
1644418506,cn12,1,0,,3081,0,0,,3081,
1644418506,B54,1,0,,3081,0,0,,3081,
1644418506,B51,1,0,,3081,0,0,,3081,
1644418506,os4,1,0,,3081,0,0,,3081,
1644418506,in4,1,0,,3081,0,0,,3081,
1644418506,B33,1,0,,3081,0,0,,3081,
1644418506,in27,1,0,,3082,0,0,,3082,
1644418506,B14,1,0,,3082,0,0,,3082,
1644418506,B11,1,0,,3082,0,0,,3082,
1644418506,cn12,1,0,,3082,0,0,,3082,
1644418506,B54,1,0,,3082,0,0,,3082,
1644418506,B51,1,0,,3082,0,0,,3082,
1644418506,os4,1,0,,3082,0,0,,3082,
1644418506,in4,1,0,,3082,0,0,,3082,
1644418506,B33,1,0,,3082,0,0,,3082,
1644418506,in27,1,0,,3083,0,0,,3083,
1644418506,B14,1,0,,3083,0,0,,3083,
1644418506,B11,1,0,,3083,0,0,,3083,
1644418506,cn12,1,0,,3083,0,0,,3083,
1644418506,B54,1,0,,3083,0,0,,3083,
1644418506,B51,1,0,,3083,0,0,,3083,
1644418506,os4,1,0,,3083,0,0,,3083,
1644418506,in4,1,0,,3083,0,0,,3083,
1644418506,B33,1,0,,3083,0,0,,3083,
1644418507,in27,1,0,,3084,0,0,,3084,
1644418507,B14,1,0,,3084,0,0,,3084,
1644418507,B11,1,0,,3084,0,0,,3084,
1644418507,cn12,1,0,,3084,0,0,,3084,
1644418507,B54,1,0,,3084,0,0,,3084,
1644418507,B51,1,0,,3084,0,0,,3084,
1644418507,os4,1,1,job1031_scenario4_3080,3084,0,0,,3084,
1644418507,in4,1,0,,3084,0,0,,3084,
1644418507,B33,1,0,,3084,0,0,,3084,
1644418508,in27,1,0,,3085,0,0,,3085,
1644418508,B14,1,0,,3085,0,0,,3085,
1644418508,B11,1,0,,3085,0,0,,3085,
1644418508,cn12,1,0,,3085,0,0,,3085,
1644418508,B54,1,1,job1030_scenario0_3074,3085,0,0,,3085,
1644418508,B51,1,0,,3085,0,0,,3085,
1644418508,os4,1,1,job1031_scenario4_3080,3085,0,0,,3085,
1644418508,in4,1,0,,3085,0,0,,3085,
1644418508,B33,1,0,,3085,0,0,,3085,
1644418508,in27,1,0,,3086,0,0,,3086,
1644418508,B14,1,0,,3086,0,0,,3086,
1644418508,B11,1,0,,3086,0,0,,3086,
1644418508,cn12,1,0,,3086,0,0,,3086,
1644418508,B54,1,1,job1030_scenario0_3074,3086,0,0,,3086,
1644418508,B51,1,0,,3086,0,0,,3086,
1644418508,os4,1,1,job1031_scenario4_3080,3086,0,0,,3086,
1644418508,in4,1,0,,3086,0,0,,3086,
1644418508,B33,1,0,,3086,0,0,,3086,
1644418508,in27,1,0,,3087,0,0,,3087,
1644418508,B14,1,0,,3087,0,0,,3087,
1644418508,B11,1,0,,3087,0,0,,3087,
1644418508,cn12,1,0,,3087,0,0,,3087,
1644418508,B54,1,1,job1030_scenario0_3074,3087,0,0,,3087,
1644418508,B51,1,0,,3087,0,0,,3087,
1644418508,os4,1,1,job1031_scenario4_3080,3087,0,0,,3087,
1644418508,in4,1,0,,3087,0,0,,3087,
1644418508,B33,1,0,,3087,0,0,,3087,
1644418508,in27,1,0,,3088,0,0,,3088,
1644418508,B14,1,0,,3088,0,0,,3088,
1644418508,B11,1,0,,3088,0,0,,3088,
1644418508,cn12,1,0,,3088,0,0,,3088,
1644418508,B54,1,1,job1030_scenario0_3074,3088,0,0,,3088,
1644418508,B51,1,0,,3088,0,0,,3088,
1644418508,os4,1,1,job1031_scenario4_3080,3088,0,0,,3088,
1644418508,in4,1,0,,3088,0,0,,3088,
1644418508,B33,1,0,,3088,0,0,,3088,
1644418509,in27,1,0,,3089,0,0,,3089,
1644418509,B14,1,0,,3089,0,0,,3089,
1644418509,B11,1,0,,3089,0,0,,3089,
1644418509,cn12,1,0,,3089,0,0,,3089,
1644418509,B54,1,1,job1030_scenario0_3074,3089,0,0,,3089,
1644418509,B51,1,0,,3089,0,0,,3089,
1644418509,os4,1,1,job1031_scenario4_3080,3089,0,0,,3089,
1644418509,in4,1,0,,3089,0,0,,3089,
1644418509,B33,1,1,job1034_scenario2_3088,3089,0,0,,3089,
1644418509,in27,1,0,,3090,0,0,,3090,
1644418509,B14,1,0,,3090,0,0,,3090,
1644418509,B11,1,0,,3090,0,0,,3090,
1644418509,cn12,1,0,,3090,0,0,,3090,
1644418509,B54,1,1,job1030_scenario0_3074,3090,0,0,,3090,
1644418509,B51,1,0,,3090,0,0,,3090,
1644418509,os4,1,1,job1031_scenario4_3080,3090,0,0,,3090,
1644418509,in4,1,0,,3090,0,0,,3090,
1644418509,B33,1,0,,3090,0,0,,3090,
1644418509,in27,1,0,,3091,0,0,,3091,
1644418509,B14,1,0,,3091,0,0,,3091,
1644418509,B11,1,0,,3091,0,0,,3091,
1644418509,cn12,1,0,,3091,0,0,,3091,
1644418509,B54,1,1,job1030_scenario0_3074,3091,0,0,,3091,
1644418509,B51,1,0,,3091,0,0,,3091,
1644418509,os4,1,1,job1031_scenario4_3080,3091,0,0,,3091,
1644418509,in4,1,0,,3091,0,0,,3091,
1644418509,B33,1,0,,3091,0,0,,3091,
1644418509,in27,1,0,,3092,0,0,,3092,
1644418509,B14,1,0,,3092,0,0,,3092,
1644418509,B11,1,0,,3092,0,0,,3092,
1644418509,cn12,1,0,,3092,0,0,,3092,
1644418509,B54,1,1,job1030_scenario0_3074,3092,0,0,,3092,
1644418509,B51,1,0,,3092,0,0,,3092,
1644418509,os4,1,0,,3092,0,0,,3092,
1644418509,in4,1,0,,3092,0,0,,3092,
1644418509,B33,1,0,,3092,0,0,,3092,
1644418509,in27,1,0,,3093,0,0,,3093,
1644418509,B14,1,0,,3093,0,0,,3093,
1644418509,B11,1,0,,3093,0,0,,3093,
1644418509,cn12,1,0,,3093,0,0,,3093,
1644418509,B54,1,1,job1030_scenario0_3074,3093,0,0,,3093,
1644418510,B51,1,0,,3093,0,0,,3093,
1644418510,os4,1,0,,3093,0,0,,3093,
1644418510,in4,1,0,,3093,0,0,,3093,
1644418510,B33,1,0,,3093,0,0,,3093,
1644418510,in27,1,0,,3094,0,0,,3094,
1644418510,B14,1,0,,3094,0,0,,3094,
1644418510,B11,1,0,,3094,0,0,,3094,
1644418510,cn12,1,0,,3094,0,0,,3094,
1644418510,B54,1,1,job1030_scenario0_3074,3094,0,0,,3094,
1644418510,B51,1,0,,3094,0,0,,3094,
1644418510,os4,1,0,,3094,0,0,,3094,
1644418510,in4,1,0,,3094,0,0,,3094,
1644418510,B33,1,0,,3094,0,0,,3094,
1644418510,in27,1,0,,3095,0,0,,3095,
1644418510,B14,1,0,,3095,0,0,,3095,
1644418510,B11,1,0,,3095,0,0,,3095,
1644418510,cn12,1,0,,3095,0,0,,3095,
1644418510,B54,1,1,job1030_scenario0_3074,3095,0,0,,3095,
1644418510,B51,1,0,,3095,0,0,,3095,
1644418510,os4,1,0,,3095,0,0,,3095,
1644418510,in4,1,0,,3095,0,0,,3095,
1644418510,B33,1,0,,3095,0,0,,3095,
1644418511,in27,1,0,,3096,0,0,,3096,
1644418511,B14,1,0,,3096,0,0,,3096,
1644418511,B11,1,0,,3096,0,0,,3096,
1644418511,cn12,1,0,,3096,0,0,,3096,
1644418511,B54,1,1,job1030_scenario0_3074,3096,0,0,,3096,
1644418511,B51,1,0,,3096,0,0,,3096,
1644418511,os4,1,0,,3096,0,0,,3096,
1644418511,in4,1,0,,3096,0,0,,3096,
1644418511,B33,1,1,job1036_scenario2_3095,3096,0,0,,3096,
1644418512,in27,1,0,,3097,0,0,,3097,
1644418512,B14,1,0,,3097,0,0,,3097,
1644418512,B11,1,0,,3097,0,0,,3097,
1644418512,cn12,1,0,,3097,0,0,,3097,
1644418512,B54,1,1,job1030_scenario0_3074,3097,0,0,,3097,
1644418512,B51,1,0,,3097,0,0,,3097,
1644418512,os4,1,1,job1035_scenario4_3093,3097,0,0,,3097,
1644418512,in4,1,0,,3097,0,0,,3097,
1644418512,B33,1,1,job1036_scenario2_3095,3097,0,0,,3097,
1644418512,in27,1,0,,3098,0,0,,3098,
1644418512,B14,1,0,,3098,0,0,,3098,
1644418512,B11,1,0,,3098,0,0,,3098,
1644418512,cn12,1,0,,3098,0,0,,3098,
1644418512,B54,1,1,job1030_scenario0_3074,3098,0,0,,3098,
1644418512,B51,1,0,,3098,0,0,,3098,
1644418512,os4,1,1,job1035_scenario4_3093,3098,0,0,,3098,
1644418512,in4,1,0,,3098,0,0,,3098,
1644418512,B33,1,0,,3098,0,0,,3098,
1644418512,in27,1,0,,3099,0,0,,3099,
1644418512,B14,1,0,,3099,0,0,,3099,
1644418512,B11,1,0,,3099,0,0,,3099,
1644418512,cn12,1,0,,3099,0,0,,3099,
1644418512,B54,1,1,job1030_scenario0_3074,3099,0,0,,3099,
1644418512,B51,1,0,,3099,0,0,,3099,
1644418512,os4,1,1,job1035_scenario4_3093,3099,0,0,,3099,
1644418512,in4,1,0,,3099,0,0,,3099,
1644418512,B33,1,0,,3099,0,0,,3099,
1644418512,in27,1,0,,3100,0,0,,3100,
1644418512,B14,1,0,,3100,0,0,,3100,
1644418512,B11,1,0,,3100,0,0,,3100,
1644418512,cn12,1,0,,3100,0,0,,3100,
1644418512,B54,1,0,,3100,0,0,,3100,
1644418512,B51,1,0,,3100,0,0,,3100,
1644418512,os4,1,1,job1035_scenario4_3093,3100,0,0,,3100,
1644418512,in4,1,0,,3100,0,0,,3100,
1644418512,B33,1,0,,3100,0,0,,3100,
1644418512,in27,1,0,,3101,0,0,,3101,
1644418512,B14,1,0,,3101,0,0,,3101,
1644418512,B11,1,0,,3101,0,0,,3101,
1644418513,cn12,1,0,,3101,0,0,,3101,
1644418513,B54,1,0,,3101,0,0,,3101,
1644418513,B51,1,0,,3101,0,0,,3101,
1644418513,os4,1,1,job1035_scenario4_3093,3101,0,0,,3101,
1644418513,in4,1,0,,3101,0,0,,3101,
1644418513,B33,1,0,,3101,0,0,,3101,
1644418513,in27,1,0,,3102,0,0,,3102,
1644418513,B14,1,0,,3102,0,0,,3102,
1644418513,B11,1,0,,3102,0,0,,3102,
1644418513,cn12,1,0,,3102,0,0,,3102,
1644418513,B54,1,0,,3102,0,0,,3102,
1644418513,B51,1,0,,3102,0,0,,3102,
1644418513,os4,1,1,job1035_scenario4_3093,3102,0,0,,3102,
1644418513,in4,1,0,,3102,0,0,,3102,
1644418513,B33,1,0,,3102,0,0,,3102,
1644418513,in27,1,0,,3103,0,0,,3103,
1644418513,B14,1,0,,3103,0,0,,3103,
1644418513,B11,1,0,,3103,0,0,,3103,
1644418513,cn12,1,0,,3103,0,0,,3103,
1644418513,B54,1,0,,3103,0,0,,3103,
1644418513,B51,1,0,,3103,0,0,,3103,
1644418513,os4,1,1,job1035_scenario4_3093,3103,0,0,,3103,
1644418513,in4,1,0,,3103,0,0,,3103,
1644418513,B33,1,0,,3103,0,0,,3103,
1644418513,in27,1,0,,3104,0,0,,3104,
1644418513,B14,1,0,,3104,0,0,,3104,
1644418513,B11,1,0,,3104,0,0,,3104,
1644418513,cn12,1,0,,3104,0,0,,3104,
1644418513,B54,1,0,,3104,0,0,,3104,
1644418513,B51,1,0,,3104,0,0,,3104,
1644418513,os4,1,1,job1035_scenario4_3093,3104,0,0,,3104,
1644418513,in4,1,0,,3104,0,0,,3104,
1644418513,B33,1,0,,3104,0,0,,3104,
1644418513,in27,1,0,,3105,0,0,,3105,
1644418513,B14,1,0,,3105,0,0,,3105,
1644418513,B11,1,0,,3105,0,0,,3105,
1644418513,cn12,1,0,,3105,0,0,,3105,
1644418513,B54,1,0,,3105,0,0,,3105,
1644418513,B51,1,0,,3105,0,0,,3105,
1644418513,os4,1,1,job1035_scenario4_3093,3105,0,0,,3105,
1644418513,in4,1,0,,3105,0,0,,3105,
1644418513,B33,1,0,,3105,0,0,,3105,
1644418513,in27,1,0,,3106,0,0,,3106,
1644418513,B14,1,0,,3106,0,0,,3106,
1644418513,B11,1,0,,3106,0,0,,3106,
1644418513,cn12,1,0,,3106,0,0,,3106,
1644418513,B54,1,0,,3106,0,0,,3106,
1644418513,B51,1,0,,3106,0,0,,3106,
1644418513,os4,1,1,job1035_scenario4_3093,3106,0,0,,3106,
1644418513,in4,1,0,,3106,0,0,,3106,
1644418513,B33,1,0,,3106,0,0,,3106,
1644418513,in27,1,0,,3107,0,0,,3107,
1644418513,B14,1,0,,3107,0,0,,3107,
1644418513,B11,1,0,,3107,0,0,,3107,
1644418513,cn12,1,0,,3107,0,0,,3107,
1644418513,B54,1,0,,3107,0,0,,3107,
1644418513,B51,1,0,,3107,0,0,,3107,
1644418513,os4,1,0,,3107,0,0,,3107,
1644418513,in4,1,0,,3107,0,0,,3107,
1644418513,B33,1,0,,3107,0,0,,3107,
1644418513,in27,1,0,,3108,0,0,,3108,
1644418513,B14,1,0,,3108,0,0,,3108,
1644418513,B11,1,0,,3108,0,0,,3108,
1644418513,cn12,1,0,,3108,0,0,,3108,
1644418513,B54,1,0,,3108,0,0,,3108,
1644418513,B51,1,0,,3108,0,0,,3108,
1644418513,os4,1,0,,3108,0,0,,3108,
1644418513,in4,1,0,,3108,0,0,,3108,
1644418513,B33,1,0,,3108,0,0,,3108,
1644418513,in27,1,0,,3109,0,0,,3109,
1644418513,B14,1,0,,3109,0,0,,3109,
1644418513,B11,1,0,,3109,0,0,,3109,
1644418513,cn12,1,0,,3109,0,0,,3109,
1644418513,B54,1,0,,3109,0,0,,3109,
1644418513,B51,1,0,,3109,0,0,,3109,
1644418513,os4,1,0,,3109,0,0,,3109,
1644418513,in4,1,0,,3109,0,0,,3109,
1644418513,B33,1,0,,3109,0,0,,3109,
1644418513,in27,1,0,,3110,0,0,,3110,
1644418513,B14,1,0,,3110,0,0,,3110,
1644418513,B11,1,0,,3110,0,0,,3110,
1644418513,cn12,1,0,,3110,0,0,,3110,
1644418513,B54,1,0,,3110,0,0,,3110,
1644418514,B51,1,0,,3110,0,0,,3110,
1644418514,os4,1,0,,3110,0,0,,3110,
1644418514,in4,1,0,,3110,0,0,,3110,
1644418514,B33,1,0,,3110,0,0,,3110,
1644418515,in27,1,0,,3111,0,0,,3111,
1644418515,B14,1,0,,3111,0,0,,3111,
1644418515,B11,1,0,,3111,0,0,,3111,
1644418515,cn12,1,0,,3111,0,0,,3111,
1644418515,B54,1,1,job1028_scenario0_3070,3111,0,0,,3111,
1644418515,B51,1,0,,3111,0,0,,3111,
1644418515,os4,1,0,,3111,0,0,,3111,
1644418515,in4,1,0,,3111,0,0,,3111,
1644418515,B33,1,0,,3111,0,0,,3111,
1644418515,in27,1,0,,3112,0,0,,3112,
1644418515,B14,1,0,,3112,0,0,,3112,
1644418515,B11,1,0,,3112,0,0,,3112,
1644418515,cn12,1,0,,3112,0,0,,3112,
1644418515,B54,1,1,job1028_scenario0_3070,3112,0,0,,3112,
1644418515,B51,1,0,,3112,0,0,,3112,
1644418515,os4,1,0,,3112,0,0,,3112,
1644418515,in4,1,0,,3112,0,0,,3112,
1644418515,B33,1,0,,3112,0,0,,3112,
1644418515,in27,1,0,,3113,0,0,,3113,
1644418515,B14,1,0,,3113,0,0,,3113,
1644418515,B11,1,0,,3113,0,0,,3113,
1644418515,cn12,1,0,,3113,0,0,,3113,
1644418515,B54,1,1,job1028_scenario0_3070,3113,0,0,,3113,
1644418515,B51,1,0,,3113,0,0,,3113,
1644418515,os4,1,0,,3113,0,0,,3113,
1644418515,in4,1,0,,3113,0,0,,3113,
1644418515,B33,1,0,,3113,0,0,,3113,
1644418515,in27,1,0,,3114,0,0,,3114,
1644418515,B14,1,0,,3114,0,0,,3114,
1644418515,B11,1,0,,3114,0,0,,3114,
1644418515,cn12,1,0,,3114,0,0,,3114,
1644418515,B54,1,1,job1028_scenario0_3070,3114,0,0,,3114,
1644418515,B51,1,0,,3114,0,0,,3114,
1644418515,os4,1,0,,3114,0,0,,3114,
1644418515,in4,1,0,,3114,0,0,,3114,
1644418515,B33,1,0,,3114,0,0,,3114,
1644418515,in27,1,0,,3115,0,0,,3115,
1644418515,B14,1,0,,3115,0,0,,3115,
1644418515,B11,1,0,,3115,0,0,,3115,
1644418515,cn12,1,0,,3115,0,0,,3115,
1644418515,B54,1,1,job1028_scenario0_3070,3115,0,0,,3115,
1644418515,B51,1,0,,3115,0,0,,3115,
1644418515,os4,1,0,,3115,0,0,,3115,
1644418515,in4,1,0,,3115,0,0,,3115,
1644418515,B33,1,0,,3115,0,0,,3115,
1644418515,in27,1,0,,3116,0,0,,3116,
1644418515,B14,1,0,,3116,0,0,,3116,
1644418515,B11,1,0,,3116,0,0,,3116,
1644418515,cn12,1,0,,3116,0,0,,3116,
1644418515,B54,1,1,job1028_scenario0_3070,3116,0,0,,3116,
1644418515,B51,1,0,,3116,0,0,,3116,
1644418515,os4,1,0,,3116,0,0,,3116,
1644418515,in4,1,0,,3116,0,0,,3116,
1644418515,B33,1,0,,3116,0,0,,3116,
1644418515,in27,1,0,,3117,0,0,,3117,
1644418515,B14,1,0,,3117,0,0,,3117,
1644418515,B11,1,0,,3117,0,0,,3117,
1644418515,cn12,1,0,,3117,0,0,,3117,
1644418515,B54,1,1,job1028_scenario0_3070,3117,0,0,,3117,
1644418515,B51,1,0,,3117,0,0,,3117,
1644418515,os4,1,0,,3117,0,0,,3117,
1644418515,in4,1,0,,3117,0,0,,3117,
1644418515,B33,1,0,,3117,0,0,,3117,
1644418515,in27,1,0,,3118,0,0,,3118,
1644418515,B14,1,0,,3118,0,0,,3118,
1644418515,B11,1,0,,3118,0,0,,3118,
1644418515,cn12,1,0,,3118,0,0,,3118,
1644418515,B54,1,1,job1028_scenario0_3070,3118,0,0,,3118,
1644418515,B51,1,0,,3118,0,0,,3118,
1644418515,os4,1,0,,3118,0,0,,3118,
1644418515,in4,1,0,,3118,0,0,,3118,
1644418515,B33,1,0,,3118,0,0,,3118,
1644418515,in27,1,0,,3119,0,0,,3119,
1644418515,B14,1,0,,3119,0,0,,3119,
1644418515,B11,1,0,,3119,0,0,,3119,
1644418515,cn12,1,0,,3119,0,0,,3119,
1644418515,B54,1,1,job1028_scenario0_3070,3119,0,0,,3119,
1644418515,B51,1,0,,3119,0,0,,3119,
1644418515,os4,1,0,,3119,0,0,,3119,
1644418515,in4,1,0,,3119,0,0,,3119,
1644418515,B33,1,0,,3119,0,0,,3119,
1644418515,in27,1,0,,3120,0,0,,3120,
1644418515,B14,1,0,,3120,0,0,,3120,
1644418515,B11,1,0,,3120,0,0,,3120,
1644418515,cn12,1,0,,3120,0,0,,3120,
1644418515,B54,1,1,job1028_scenario0_3070,3120,0,0,,3120,
1644418515,B51,1,0,,3120,0,0,,3120,
1644418515,os4,1,0,,3120,0,0,,3120,
1644418515,in4,1,0,,3120,0,0,,3120,
1644418515,B33,1,0,,3120,0,0,,3120,
1644418516,in27,1,0,,3121,0,0,,3121,
1644418516,B14,1,0,,3121,0,0,,3121,
1644418516,B11,1,0,,3121,0,0,,3121,
1644418516,cn12,1,0,,3121,0,0,,3121,
1644418516,B54,1,1,job1028_scenario0_3070,3121,0,0,,3121,
1644418516,B51,1,0,,3121,0,0,,3121,
1644418516,os4,1,1,job1037_scenario4_3118,3121,0,0,,3121,
1644418516,in4,1,0,,3121,0,0,,3121,
1644418516,B33,1,0,,3121,0,0,,3121,
1644418516,in27,1,0,,3122,0,0,,3122,
1644418516,B14,1,0,,3122,0,0,,3122,
1644418516,B11,1,0,,3122,0,0,,3122,
1644418516,cn12,1,0,,3122,0,0,,3122,
1644418516,B54,1,1,job1028_scenario0_3070,3122,0,0,,3122,
1644418516,B51,1,0,,3122,0,0,,3122,
1644418516,os4,1,1,job1037_scenario4_3118,3122,0,0,,3122,
1644418516,in4,1,0,,3122,0,0,,3122,
1644418516,B33,1,0,,3122,0,0,,3122,
1644418516,in27,1,0,,3123,0,0,,3123,
1644418516,B14,1,0,,3123,0,0,,3123,
1644418516,B11,1,0,,3123,0,0,,3123,
1644418516,cn12,1,0,,3123,0,0,,3123,
1644418516,B54,1,1,job1028_scenario0_3070,3123,0,0,,3123,
1644418516,B51,1,0,,3123,0,0,,3123,
1644418516,os4,1,1,job1037_scenario4_3118,3123,0,0,,3123,
1644418516,in4,1,0,,3123,0,0,,3123,
1644418516,B33,1,0,,3123,0,0,,3123,
1644418516,in27,1,0,,3124,0,0,,3124,
1644418516,B14,1,0,,3124,0,0,,3124,
1644418516,B11,1,0,,3124,0,0,,3124,
1644418516,cn12,1,0,,3124,0,0,,3124,
1644418516,B54,1,1,job1028_scenario0_3070,3124,0,0,,3124,
1644418516,B51,1,0,,3124,0,0,,3124,
1644418516,os4,1,1,job1037_scenario4_3118,3124,0,0,,3124,
1644418516,in4,1,0,,3124,0,0,,3124,
1644418516,B33,1,0,,3124,0,0,,3124,
1644418516,in27,1,0,,3125,0,0,,3125,
1644418516,B14,1,0,,3125,0,0,,3125,
1644418516,B11,1,0,,3125,0,0,,3125,
1644418516,cn12,1,0,,3125,0,0,,3125,
1644418516,B54,1,0,,3125,0,0,,3125,
1644418516,B51,1,0,,3125,0,0,,3125,
1644418516,os4,1,1,job1037_scenario4_3118,3125,0,0,,3125,
1644418516,in4,1,0,,3125,0,0,,3125,
1644418516,B33,1,0,,3125,0,0,,3125,
1644418517,in27,1,0,,3126,0,0,,3126,
1644418517,B14,1,0,,3126,0,0,,3126,
1644418517,B11,1,0,,3126,0,0,,3126,
1644418517,cn12,1,0,,3126,0,0,,3126,
1644418517,B54,1,0,,3126,0,0,,3126,
1644418517,B51,1,0,,3126,0,0,,3126,
1644418517,os4,1,0,,3126,0,0,,3126,
1644418517,in4,1,0,,3126,0,0,,3126,
1644418517,B33,1,1,job1038_scenario2_3125,3126,0,0,,3126,
1644418517,in27,1,0,,3127,0,0,,3127,
1644418517,B14,1,0,,3127,0,0,,3127,
1644418517,B11,1,0,,3127,0,0,,3127,
1644418517,cn12,1,0,,3127,0,0,,3127,
1644418517,B54,1,0,,3127,0,0,,3127,
1644418517,B51,1,0,,3127,0,0,,3127,
1644418517,os4,1,0,,3127,0,0,,3127,
1644418517,in4,1,0,,3127,0,0,,3127,
1644418517,B33,1,0,,3127,0,0,,3127,
1644418517,in27,1,0,,3128,0,0,,3128,
1644418517,B14,1,0,,3128,0,0,,3128,
1644418517,B11,1,0,,3128,0,0,,3128,
1644418517,cn12,1,0,,3128,0,0,,3128,
1644418517,B54,1,0,,3128,0,0,,3128,
1644418517,B51,1,0,,3128,0,0,,3128,
1644418517,os4,1,0,,3128,0,0,,3128,
1644418517,in4,1,0,,3128,0,0,,3128,
1644418517,B33,1,0,,3128,0,0,,3128,
1644418517,in27,1,0,,3129,0,0,,3129,
1644418517,B14,1,0,,3129,0,0,,3129,
1644418517,B11,1,0,,3129,0,0,,3129,
1644418517,cn12,1,0,,3129,0,0,,3129,
1644418517,B54,1,0,,3129,0,0,,3129,
1644418517,B51,1,0,,3129,0,0,,3129,
1644418517,os4,1,0,,3129,0,0,,3129,
1644418517,in4,1,0,,3129,0,0,,3129,
1644418517,B33,1,0,,3129,0,0,,3129,
1644418517,in27,1,0,,3130,0,0,,3130,
1644418517,B14,1,0,,3130,0,0,,3130,
1644418517,B11,1,0,,3130,0,0,,3130,
1644418517,cn12,1,0,,3130,0,0,,3130,
1644418517,B54,1,0,,3130,0,0,,3130,
1644418517,B51,1,0,,3130,0,0,,3130,
1644418517,os4,1,0,,3130,0,0,,3130,
1644418517,in4,1,0,,3130,0,0,,3130,
1644418517,B33,1,0,,3130,0,0,,3130,
1644418517,in27,1,0,,3131,0,0,,3131,
1644418517,B14,1,0,,3131,0,0,,3131,
1644418517,B11,1,0,,3131,0,0,,3131,
1644418517,cn12,1,0,,3131,0,0,,3131,
1644418517,B54,1,0,,3131,0,0,,3131,
1644418517,B51,1,0,,3131,0,0,,3131,
1644418517,os4,1,0,,3131,0,0,,3131,
1644418517,in4,1,0,,3131,0,0,,3131,
1644418517,B33,1,0,,3131,0,0,,3131,
1644418517,in27,1,0,,3132,0,0,,3132,
1644418517,B14,1,0,,3132,0,0,,3132,
1644418517,B11,1,0,,3132,0,0,,3132,
1644418517,cn12,1,0,,3132,0,0,,3132,
1644418517,B54,1,0,,3132,0,0,,3132,
1644418517,B51,1,0,,3132,0,0,,3132,
1644418517,os4,1,0,,3132,0,0,,3132,
1644418517,in4,1,0,,3132,0,0,,3132,
1644418517,B33,1,0,,3132,0,0,,3132,
1644418517,in27,1,0,,3133,0,0,,3133,
1644418517,B14,1,0,,3133,0,0,,3133,
1644418517,B11,1,0,,3133,0,0,,3133,
1644418517,cn12,1,0,,3133,0,0,,3133,
1644418517,B54,1,0,,3133,0,0,,3133,
1644418517,B51,1,0,,3133,0,0,,3133,
1644418517,os4,1,0,,3133,0,0,,3133,
1644418517,in4,1,0,,3133,0,0,,3133,
1644418517,B33,1,0,,3133,0,0,,3133,
1644418517,in27,1,0,,3134,0,0,,3134,
1644418517,B14,1,0,,3134,0,0,,3134,
1644418517,B11,1,0,,3134,0,0,,3134,
1644418517,cn12,1,0,,3134,0,0,,3134,
1644418517,B54,1,0,,3134,0,0,,3134,
1644418517,B51,1,0,,3134,0,0,,3134,
1644418517,os4,1,0,,3134,0,0,,3134,
1644418517,in4,1,0,,3134,0,0,,3134,
1644418517,B33,1,0,,3134,0,0,,3134,
1644418517,in27,1,0,,3135,0,0,,3135,
1644418517,B14,1,0,,3135,0,0,,3135,
1644418517,B11,1,0,,3135,0,0,,3135,
1644418517,cn12,1,0,,3135,0,0,,3135,
1644418517,B54,1,0,,3135,0,0,,3135,
1644418517,B51,1,0,,3135,0,0,,3135,
1644418517,os4,1,0,,3135,0,0,,3135,
1644418518,in4,1,0,,3135,0,0,,3135,
1644418518,B33,1,0,,3135,0,0,,3135,
1644418518,in27,1,0,,3136,0,0,,3136,
1644418518,B14,1,0,,3136,0,0,,3136,
1644418518,B11,1,0,,3136,0,0,,3136,
1644418518,cn12,1,0,,3136,0,0,,3136,
1644418518,B54,1,0,,3136,0,0,,3136,
1644418518,B51,1,0,,3136,0,0,,3136,
1644418518,os4,1,0,,3136,0,0,,3136,
1644418518,in4,1,0,,3136,0,0,,3136,
1644418518,B33,1,0,,3136,0,0,,3136,
1644418518,in27,1,0,,3137,0,0,,3137,
1644418518,B14,1,0,,3137,0,0,,3137,
1644418518,B11,1,0,,3137,0,0,,3137,
1644418518,cn12,1,0,,3137,0,0,,3137,
1644418518,B54,1,0,,3137,0,0,,3137,
1644418518,B51,1,0,,3137,0,0,,3137,
1644418518,os4,1,0,,3137,0,0,,3137,
1644418518,in4,1,0,,3137,0,0,,3137,
1644418518,B33,1,0,,3137,0,0,,3137,
1644418519,in27,1,0,,3138,0,0,,3138,
1644418519,B14,1,0,,3138,0,0,,3138,
1644418519,B11,1,0,,3138,0,0,,3138,
1644418519,cn12,1,0,,3138,0,0,,3138,
1644418519,B54,1,0,,3138,0,0,,3138,
1644418519,B51,1,0,,3138,0,0,,3138,
1644418519,os4,1,0,,3138,0,0,,3138,
1644418519,in4,1,0,,3138,0,0,,3138,
1644418519,B33,1,1,job1039_scenario2_3137,3138,0,0,,3138,
1644418519,in27,1,0,,3139,0,0,,3139,
1644418519,B14,1,0,,3139,0,0,,3139,
1644418519,B11,1,0,,3139,0,0,,3139,
1644418519,cn12,1,0,,3139,0,0,,3139,
1644418519,B54,1,0,,3139,0,0,,3139,
1644418519,B51,1,0,,3139,0,0,,3139,
1644418519,os4,1,0,,3139,0,0,,3139,
1644418519,in4,1,0,,3139,0,0,,3139,
1644418519,B33,1,1,job1039_scenario2_3137,3139,0,0,,3139,
1644418519,in27,1,0,,3140,0,0,,3140,
1644418519,B14,1,0,,3140,0,0,,3140,
1644418519,B11,1,0,,3140,0,0,,3140,
1644418519,cn12,1,0,,3140,0,0,,3140,
1644418519,B54,1,0,,3140,0,0,,3140,
1644418519,B51,1,0,,3140,0,0,,3140,
1644418519,os4,1,0,,3140,0,0,,3140,
1644418519,in4,1,0,,3140,0,0,,3140,
1644418519,B33,1,1,job1039_scenario2_3137,3140,0,0,,3140,
1644418519,in27,1,0,,3141,0,0,,3141,
1644418519,B14,1,0,,3141,0,0,,3141,
1644418519,B11,1,0,,3141,0,0,,3141,
1644418519,cn12,1,0,,3141,0,0,,3141,
1644418519,B54,1,0,,3141,0,0,,3141,
1644418519,B51,1,0,,3141,0,0,,3141,
1644418519,os4,1,0,,3141,0,0,,3141,
1644418519,in4,1,0,,3141,0,0,,3141,
1644418519,B33,1,0,,3141,0,0,,3141,
1644418519,in27,1,0,,3142,0,0,,3142,
1644418519,B14,1,0,,3142,0,0,,3142,
1644418519,B11,1,0,,3142,0,0,,3142,
1644418519,cn12,1,0,,3142,0,0,,3142,
1644418519,B54,1,0,,3142,0,0,,3142,
1644418519,B51,1,0,,3142,0,0,,3142,
1644418519,os4,1,0,,3142,0,0,,3142,
1644418519,in4,1,0,,3142,0,0,,3142,
1644418519,B33,1,0,,3142,0,0,,3142,
1644418519,in27,1,0,,3143,0,0,,3143,
1644418519,B14,1,0,,3143,0,0,,3143,
1644418519,B11,1,0,,3143,0,0,,3143,
1644418519,cn12,1,0,,3143,0,0,,3143,
1644418519,B54,1,0,,3143,0,0,,3143,
1644418519,B51,1,0,,3143,0,0,,3143,
1644418519,os4,1,0,,3143,0,0,,3143,
1644418519,in4,1,0,,3143,0,0,,3143,
1644418519,B33,1,0,,3143,0,0,,3143,
1644418519,in27,1,0,,3144,0,0,,3144,
1644418519,B14,1,0,,3144,0,0,,3144,
1644418519,B11,1,0,,3144,0,0,,3144,
1644418519,cn12,1,0,,3144,0,0,,3144,
1644418519,B54,1,0,,3144,0,0,,3144,
1644418519,B51,1,0,,3144,0,0,,3144,
1644418519,os4,1,0,,3144,0,0,,3144,
1644418519,in4,1,0,,3144,0,0,,3144,
1644418519,B33,1,0,,3144,0,0,,3144,
1644418519,in27,1,0,,3145,0,0,,3145,
1644418519,B14,1,0,,3145,0,0,,3145,
1644418519,B11,1,0,,3145,0,0,,3145,
1644418519,cn12,1,0,,3145,0,0,,3145,
1644418519,B54,1,0,,3145,0,0,,3145,
1644418519,B51,1,0,,3145,0,0,,3145,
1644418519,os4,1,0,,3145,0,0,,3145,
1644418519,in4,1,0,,3145,0,0,,3145,
1644418519,B33,1,0,,3145,0,0,,3145,
1644418519,in27,1,0,,3146,0,0,,3146,
1644418519,B14,1,0,,3146,0,0,,3146,
1644418519,B11,1,0,,3146,0,0,,3146,
1644418519,cn12,1,0,,3146,0,0,,3146,
1644418519,B54,1,0,,3146,0,0,,3146,
1644418519,B51,1,0,,3146,0,0,,3146,
1644418519,os4,1,0,,3146,0,0,,3146,
1644418519,in4,1,0,,3146,0,0,,3146,
1644418519,B33,1,0,,3146,0,0,,3146,
1644418519,in27,1,0,,3147,0,0,,3147,
1644418519,B14,1,0,,3147,0,0,,3147,
1644418519,B11,1,0,,3147,0,0,,3147,
1644418519,cn12,1,0,,3147,0,0,,3147,
1644418519,B54,1,0,,3147,0,0,,3147,
1644418519,B51,1,0,,3147,0,0,,3147,
1644418519,os4,1,0,,3147,0,0,,3147,
1644418519,in4,1,0,,3147,0,0,,3147,
1644418519,B33,1,0,,3147,0,0,,3147,
1644418519,in27,1,0,,3148,0,0,,3148,
1644418519,B14,1,0,,3148,0,0,,3148,
1644418519,B11,1,0,,3148,0,0,,3148,
1644418519,cn12,1,0,,3148,0,0,,3148,
1644418519,B54,1,0,,3148,0,0,,3148,
1644418519,B51,1,0,,3148,0,0,,3148,
1644418519,os4,1,0,,3148,0,0,,3148,
1644418519,in4,1,0,,3148,0,0,,3148,
1644418519,B33,1,0,,3148,0,0,,3148,
1644418519,in27,1,0,,3149,0,0,,3149,
1644418519,B14,1,0,,3149,0,0,,3149,
1644418519,B11,1,0,,3149,0,0,,3149,
1644418519,cn12,1,0,,3149,0,0,,3149,
1644418519,B54,1,0,,3149,0,0,,3149,
1644418519,B51,1,0,,3149,0,0,,3149,
1644418519,os4,1,0,,3149,0,0,,3149,
1644418519,in4,1,0,,3149,0,0,,3149,
1644418519,B33,1,0,,3149,0,0,,3149,
1644418519,in27,1,0,,3150,0,0,,3150,
1644418519,B14,1,0,,3150,0,0,,3150,
1644418519,B11,1,0,,3150,0,0,,3150,
1644418519,cn12,1,0,,3150,0,0,,3150,
1644418519,B54,1,0,,3150,0,0,,3150,
1644418519,B51,1,0,,3150,0,0,,3150,
1644418519,os4,1,0,,3150,0,0,,3150,
1644418519,in4,1,0,,3150,0,0,,3150,
1644418519,B33,1,0,,3150,0,0,,3150,
1644418520,in27,1,0,,3151,0,0,,3151,
1644418520,B14,1,0,,3151,0,0,,3151,
1644418520,B11,1,0,,3151,0,0,,3151,
1644418520,cn12,1,0,,3151,0,0,,3151,
1644418520,B54,1,1,job1040_scenario1_3149,3151,0,0,,3151,
1644418520,B51,1,0,,3151,0,0,,3151,
1644418520,os4,1,0,,3151,0,0,,3151,
1644418520,in4,1,0,,3151,0,0,,3151,
1644418520,B33,1,0,,3151,0,0,,3151,
1644418520,in27,1,0,,3152,0,0,,3152,
1644418520,B14,1,0,,3152,0,0,,3152,
1644418520,B11,1,0,,3152,0,0,,3152,
1644418520,cn12,1,0,,3152,0,0,,3152,
1644418520,B54,1,1,job1040_scenario1_3149,3152,0,0,,3152,
1644418520,B51,1,0,,3152,0,0,,3152,
1644418521,os4,1,0,,3152,0,0,,3152,
1644418521,in4,1,0,,3152,0,0,,3152,
1644418521,B33,1,0,,3152,0,0,,3152,
1644418521,in27,1,0,,3153,0,0,,3153,
1644418521,B14,1,0,,3153,0,0,,3153,
1644418521,B11,1,0,,3153,0,0,,3153,
1644418521,cn12,1,0,,3153,0,0,,3153,
1644418521,B54,1,1,job1040_scenario1_3149,3153,0,0,,3153,
1644418521,B51,1,0,,3153,0,0,,3153,
1644418521,os4,1,0,,3153,0,0,,3153,
1644418521,in4,1,0,,3153,0,0,,3153,
1644418521,B33,1,0,,3153,0,0,,3153,
1644418521,in27,1,0,,3154,0,0,,3154,
1644418521,B14,1,0,,3154,0,0,,3154,
1644418521,B11,1,0,,3154,0,0,,3154,
1644418521,cn12,1,0,,3154,0,0,,3154,
1644418521,B54,1,1,job1040_scenario1_3149,3154,0,0,,3154,
1644418521,B51,1,0,,3154,0,0,,3154,
1644418521,os4,1,0,,3154,0,0,,3154,
1644418521,in4,1,0,,3154,0,0,,3154,
1644418521,B33,1,0,,3154,0,0,,3154,
1644418521,in27,1,0,,3155,0,0,,3155,
1644418521,B14,1,0,,3155,0,0,,3155,
1644418521,B11,1,0,,3155,0,0,,3155,
1644418521,cn12,1,0,,3155,0,0,,3155,
1644418521,B54,1,1,job1040_scenario1_3149,3155,0,0,,3155,
1644418521,B51,1,0,,3155,0,0,,3155,
1644418521,os4,1,0,,3155,0,0,,3155,
1644418521,in4,1,0,,3155,0,0,,3155,
1644418521,B33,1,0,,3155,0,0,,3155,
1644418521,in27,1,0,,3156,0,0,,3156,
1644418521,B14,1,0,,3156,0,0,,3156,
1644418521,B11,1,0,,3156,0,0,,3156,
1644418521,cn12,1,0,,3156,0,0,,3156,
1644418521,B54,1,0,,3156,0,0,,3156,
1644418521,B51,1,0,,3156,0,0,,3156,
1644418521,os4,1,0,,3156,0,0,,3156,
1644418521,in4,1,0,,3156,0,0,,3156,
1644418521,B33,1,0,,3156,0,0,,3156,
1644418521,in27,1,0,,3157,0,0,,3157,
1644418521,B14,1,0,,3157,0,0,,3157,
1644418521,B11,1,0,,3157,0,0,,3157,
1644418521,cn12,1,0,,3157,0,0,,3157,
1644418521,B54,1,0,,3157,0,0,,3157,
1644418521,B51,1,0,,3157,0,0,,3157,
1644418521,os4,1,0,,3157,0,0,,3157,
1644418521,in4,1,0,,3157,0,0,,3157,
1644418521,B33,1,0,,3157,0,0,,3157,
1644418521,in27,1,0,,3158,0,0,,3158,
1644418521,B14,1,0,,3158,0,0,,3158,
1644418521,B11,1,0,,3158,0,0,,3158,
1644418521,cn12,1,0,,3158,0,0,,3158,
1644418521,B54,1,0,,3158,0,0,,3158,
1644418521,B51,1,0,,3158,0,0,,3158,
1644418521,os4,1,0,,3158,0,0,,3158,
1644418521,in4,1,0,,3158,0,0,,3158,
1644418521,B33,1,0,,3158,0,0,,3158,
1644418521,in27,1,0,,3159,0,0,,3159,
1644418521,B14,1,0,,3159,0,0,,3159,
1644418521,B11,1,0,,3159,0,0,,3159,
1644418521,cn12,1,0,,3159,0,0,,3159,
1644418521,B54,1,0,,3159,0,0,,3159,
1644418521,B51,1,0,,3159,0,0,,3159,
1644418521,os4,1,0,,3159,0,0,,3159,
1644418521,in4,1,0,,3159,0,0,,3159,
1644418521,B33,1,0,,3159,0,0,,3159,
1644418521,in27,1,0,,3160,0,0,,3160,
1644418521,B14,1,0,,3160,0,0,,3160,
1644418521,B11,1,0,,3160,0,0,,3160,
1644418521,cn12,1,0,,3160,0,0,,3160,
1644418521,B54,1,0,,3160,0,0,,3160,
1644418521,B51,1,0,,3160,0,0,,3160,
1644418521,os4,1,0,,3160,0,0,,3160,
1644418521,in4,1,0,,3160,0,0,,3160,
1644418521,B33,1,0,,3160,0,0,,3160,
1644418522,in27,1,0,,3161,0,0,,3161,
1644418522,B14,1,0,,3161,0,0,,3161,
1644418522,B11,1,0,,3161,0,0,,3161,
1644418522,cn12,1,0,,3161,0,0,,3161,
1644418522,B54,1,1,job1042_scenario1_3159,3161,0,0,,3161,
1644418522,B51,1,0,,3161,0,0,,3161,
1644418522,os4,1,0,,3161,0,0,,3161,
1644418522,in4,1,0,,3161,0,0,,3161,
1644418522,B33,1,0,,3161,0,0,,3161,
1644418522,in27,1,0,,3162,0,0,,3162,
1644418522,B14,1,0,,3162,0,0,,3162,
1644418523,B11,1,0,,3162,0,0,,3162,
1644418523,cn12,1,0,,3162,0,0,,3162,
1644418523,B54,1,1,job1042_scenario1_3159,3162,0,0,,3162,
1644418523,B51,1,0,,3162,0,0,,3162,
1644418523,os4,1,0,,3162,0,0,,3162,
1644418523,in4,1,0,,3162,0,0,,3162,
1644418523,B33,1,0,,3162,0,0,,3162,
1644418523,in27,1,0,,3163,0,0,,3163,
1644418523,B14,1,0,,3163,0,0,,3163,
1644418523,B11,1,0,,3163,0,0,,3163,
1644418523,cn12,1,0,,3163,0,0,,3163,
1644418523,B54,1,1,job1042_scenario1_3159,3163,0,0,,3163,
1644418523,B51,1,0,,3163,0,0,,3163,
1644418523,os4,1,0,,3163,0,0,,3163,
1644418523,in4,1,0,,3163,0,0,,3163,
1644418523,B33,1,0,,3163,0,0,,3163,
1644418523,in27,1,0,,3164,0,0,,3164,
1644418523,B14,1,0,,3164,0,0,,3164,
1644418523,B11,1,0,,3164,0,0,,3164,
1644418523,cn12,1,0,,3164,0,0,,3164,
1644418523,B54,1,1,job1042_scenario1_3159,3164,0,0,,3164,
1644418523,B51,1,0,,3164,0,0,,3164,
1644418523,os4,1,0,,3164,0,0,,3164,
1644418523,in4,1,0,,3164,0,0,,3164,
1644418523,B33,1,0,,3164,0,0,,3164,
1644418523,in27,1,0,,3165,0,0,,3165,
1644418523,B14,1,0,,3165,0,0,,3165,
1644418523,B11,1,0,,3165,0,0,,3165,
1644418523,cn12,1,0,,3165,0,0,,3165,
1644418523,B54,1,1,job1042_scenario1_3159,3165,0,0,,3165,
1644418523,B51,1,0,,3165,0,0,,3165,
1644418523,os4,1,0,,3165,0,0,,3165,
1644418523,in4,1,0,,3165,0,0,,3165,
1644418523,B33,1,0,,3165,0,0,,3165,
1644418523,in27,1,0,,3166,0,0,,3166,
1644418523,B14,1,0,,3166,0,0,,3166,
1644418523,B11,1,0,,3166,0,0,,3166,
1644418523,cn12,1,0,,3166,0,0,,3166,
1644418523,B54,1,1,job1042_scenario1_3159,3166,0,0,,3166,
1644418523,B51,1,0,,3166,0,0,,3166,
1644418523,os4,1,0,,3166,0,0,,3166,
1644418523,in4,1,0,,3166,0,0,,3166,
1644418523,B33,1,0,,3166,0,0,,3166,
1644418524,in27,1,0,,3167,0,0,,3167,
1644418524,B14,1,0,,3167,0,0,,3167,
1644418524,B11,1,0,,3167,0,0,,3167,
1644418524,cn12,1,0,,3167,0,0,,3167,
1644418524,B54,1,1,job1042_scenario1_3159,3167,0,0,,3167,
1644418524,B51,1,0,,3167,0,0,,3167,
1644418524,os4,1,0,,3167,0,0,,3167,
1644418524,in4,1,0,,3167,0,0,,3167,
1644418524,B33,1,0,,3167,0,0,,3167,
1644418524,in27,1,0,,3168,0,0,,3168,
1644418524,B14,1,0,,3168,0,0,,3168,
1644418524,B11,1,0,,3168,0,0,,3168,
1644418524,cn12,1,0,,3168,0,0,,3168,
1644418524,B54,1,0,,3168,0,0,,3168,
1644418524,B51,1,0,,3168,0,0,,3168,
1644418524,os4,1,0,,3168,0,0,,3168,
1644418524,in4,1,0,,3168,0,0,,3168,
1644418524,B33,1,0,,3168,0,0,,3168,
1644418524,in27,1,0,,3169,0,0,,3169,
1644418524,B14,1,0,,3169,0,0,,3169,
1644418524,B11,1,0,,3169,0,0,,3169,
1644418524,cn12,1,0,,3169,0,0,,3169,
1644418524,B54,1,0,,3169,0,0,,3169,
1644418524,B51,1,0,,3169,0,0,,3169,
1644418524,os4,1,0,,3169,0,0,,3169,
1644418524,in4,1,0,,3169,0,0,,3169,
1644418524,B33,1,0,,3169,0,0,,3169,
1644418524,in27,1,0,,3170,0,0,,3170,
1644418524,B14,1,0,,3170,0,0,,3170,
1644418524,B11,1,0,,3170,0,0,,3170,
1644418524,cn12,1,0,,3170,0,0,,3170,
1644418524,B54,1,0,,3170,0,0,,3170,
1644418524,B51,1,0,,3170,0,0,,3170,
1644418524,os4,1,0,,3170,0,0,,3170,
1644418524,in4,1,0,,3170,0,0,,3170,
1644418524,B33,1,0,,3170,0,0,,3170,
1644418524,in27,1,0,,3171,0,0,,3171,
1644418524,B14,1,0,,3171,0,0,,3171,
1644418524,B11,1,0,,3171,0,0,,3171,
1644418524,cn12,1,0,,3171,0,0,,3171,
1644418524,B54,1,0,,3171,0,0,,3171,
1644418524,B51,1,0,,3171,0,0,,3171,
1644418524,os4,1,0,,3171,0,0,,3171,
1644418524,in4,1,0,,3171,0,0,,3171,
1644418524,B33,1,0,,3171,0,0,,3171,
1644418525,in27,1,0,,3172,0,0,,3172,
1644418525,B14,1,0,,3172,0,0,,3172,
1644418525,B11,1,0,,3172,0,0,,3172,
1644418525,cn12,1,0,,3172,0,0,,3172,
1644418525,B54,1,1,job1045_scenario0_3168,3172,0,0,,3172,
1644418525,B51,1,0,,3172,0,0,,3172,
1644418525,os4,1,0,,3172,0,0,,3172,
1644418525,in4,1,0,,3172,0,0,,3172,
1644418525,B33,1,0,,3172,0,0,,3172,
1644418525,in27,1,0,,3173,0,0,,3173,
1644418525,B14,1,0,,3173,0,0,,3173,
1644418525,B11,1,0,,3173,0,0,,3173,
1644418525,cn12,1,0,,3173,0,0,,3173,
1644418525,B54,1,1,job1045_scenario0_3168,3173,0,0,,3173,
1644418525,B51,1,0,,3173,0,0,,3173,
1644418525,os4,1,0,,3173,0,0,,3173,
1644418525,in4,1,0,,3173,0,0,,3173,
1644418525,B33,1,0,,3173,0,0,,3173,
1644418525,in27,1,0,,3174,0,0,,3174,
1644418525,B14,1,0,,3174,0,0,,3174,
1644418525,B11,1,0,,3174,0,0,,3174,
1644418525,cn12,1,0,,3174,0,0,,3174,
1644418525,B54,1,1,job1045_scenario0_3168,3174,0,0,,3174,
1644418525,B51,1,0,,3174,0,0,,3174,
1644418525,os4,1,0,,3174,0,0,,3174,
1644418525,in4,1,0,,3174,0,0,,3174,
1644418525,B33,1,0,,3174,0,0,,3174,
1644418525,in27,1,0,,3175,0,0,,3175,
1644418526,B14,1,0,,3175,0,0,,3175,
1644418526,B11,1,0,,3175,0,0,,3175,
1644418526,cn12,1,0,,3175,0,0,,3175,
1644418526,B54,1,1,job1045_scenario0_3168,3175,0,0,,3175,
1644418526,B51,1,0,,3175,0,0,,3175,
1644418526,os4,1,0,,3175,0,0,,3175,
1644418526,in4,1,0,,3175,0,0,,3175,
1644418526,B33,1,0,,3175,0,0,,3175,
1644418526,in27,1,0,,3176,0,0,,3176,
1644418526,B14,1,0,,3176,0,0,,3176,
1644418526,B11,1,0,,3176,0,0,,3176,
1644418526,cn12,1,0,,3176,0,0,,3176,
1644418526,B54,1,1,job1045_scenario0_3168,3176,0,0,,3176,
1644418526,B51,1,0,,3176,0,0,,3176,
1644418526,os4,1,0,,3176,0,0,,3176,
1644418526,in4,1,0,,3176,0,0,,3176,
1644418526,B33,1,0,,3176,0,0,,3176,
1644418526,in27,1,0,,3177,0,0,,3177,
1644418526,B14,1,0,,3177,0,0,,3177,
1644418526,B11,1,0,,3177,0,0,,3177,
1644418526,cn12,1,0,,3177,0,0,,3177,
1644418526,B54,1,1,job1045_scenario0_3168,3177,0,0,,3177,
1644418527,B51,1,0,,3177,0,0,,3177,
1644418527,os4,1,0,,3177,0,0,,3177,
1644418527,in4,1,0,,3177,0,0,,3177,
1644418527,B33,1,0,,3177,0,0,,3177,
1644418527,in27,1,0,,3178,0,0,,3178,
1644418527,B14,1,0,,3178,0,0,,3178,
1644418527,B11,1,0,,3178,0,0,,3178,
1644418527,cn12,1,0,,3178,0,0,,3178,
1644418527,B54,1,1,job1045_scenario0_3168,3178,0,0,,3178,
1644418527,B51,1,0,,3178,0,0,,3178,
1644418527,os4,1,0,,3178,0,0,,3178,
1644418527,in4,1,0,,3178,0,0,,3178,
1644418527,B33,1,0,,3178,0,0,,3178,
1644418527,in27,1,0,,3179,0,0,,3179,
1644418527,B14,1,0,,3179,0,0,,3179,
1644418527,B11,1,0,,3179,0,0,,3179,
1644418527,cn12,1,0,,3179,0,0,,3179,
1644418527,B54,1,1,job1045_scenario0_3168,3179,0,0,,3179,
1644418527,B51,1,0,,3179,0,0,,3179,
1644418527,os4,1,0,,3179,0,0,,3179,
1644418527,in4,1,0,,3179,0,0,,3179,
1644418527,B33,1,0,,3179,0,0,,3179,
1644418527,in27,1,0,,3180,0,0,,3180,
1644418527,B14,1,0,,3180,0,0,,3180,
1644418527,B11,1,0,,3180,0,0,,3180,
1644418527,cn12,1,0,,3180,0,0,,3180,
1644418527,B54,1,1,job1045_scenario0_3168,3180,0,0,,3180,
1644418527,B51,1,0,,3180,0,0,,3180,
1644418527,os4,1,0,,3180,0,0,,3180,
1644418527,in4,1,0,,3180,0,0,,3180,
1644418527,B33,1,0,,3180,0,0,,3180,
1644418527,in27,1,0,,3181,0,0,,3181,
1644418527,B14,1,0,,3181,0,0,,3181,
1644418527,B11,1,0,,3181,0,0,,3181,
1644418527,cn12,1,0,,3181,0,0,,3181,
1644418527,B54,1,1,job1045_scenario0_3168,3181,0,0,,3181,
1644418527,B51,1,0,,3181,0,0,,3181,
1644418527,os4,1,0,,3181,0,0,,3181,
1644418527,in4,1,0,,3181,0,0,,3181,
1644418527,B33,1,0,,3181,0,0,,3181,
1644418527,in27,1,0,,3182,0,0,,3182,
1644418527,B14,1,0,,3182,0,0,,3182,
1644418527,B11,1,0,,3182,0,0,,3182,
1644418527,cn12,1,0,,3182,0,0,,3182,
1644418527,B54,1,1,job1045_scenario0_3168,3182,0,0,,3182,
1644418527,B51,1,0,,3182,0,0,,3182,
1644418527,os4,1,0,,3182,0,0,,3182,
1644418527,in4,1,0,,3182,0,0,,3182,
1644418527,B33,1,0,,3182,0,0,,3182,
1644418527,in27,1,0,,3183,0,0,,3183,
1644418527,B14,1,0,,3183,0,0,,3183,
1644418527,B11,1,0,,3183,0,0,,3183,
1644418527,cn12,1,0,,3183,0,0,,3183,
1644418527,B54,1,1,job1045_scenario0_3168,3183,0,0,,3183,
1644418527,B51,1,0,,3183,0,0,,3183,
1644418527,os4,1,0,,3183,0,0,,3183,
1644418527,in4,1,0,,3183,0,0,,3183,
1644418527,B33,1,0,,3183,0,0,,3183,
1644418527,in27,1,0,,3184,0,0,,3184,
1644418527,B14,1,0,,3184,0,0,,3184,
1644418527,B11,1,0,,3184,0,0,,3184,
1644418527,cn12,1,0,,3184,0,0,,3184,
1644418527,B54,1,0,,3184,0,0,,3184,
1644418527,B51,1,0,,3184,0,0,,3184,
1644418527,os4,1,0,,3184,0,0,,3184,
1644418527,in4,1,0,,3184,0,0,,3184,
1644418527,B33,1,0,,3184,0,0,,3184,
1644418527,in27,1,0,,3185,0,0,,3185,
1644418527,B14,1,0,,3185,0,0,,3185,
1644418527,B11,1,0,,3185,0,0,,3185,
1644418527,cn12,1,0,,3185,0,0,,3185,
1644418527,B54,1,0,,3185,0,0,,3185,
1644418527,B51,1,0,,3185,0,0,,3185,
1644418527,os4,1,0,,3185,0,0,,3185,
1644418527,in4,1,0,,3185,0,0,,3185,
1644418527,B33,1,0,,3185,0,0,,3185,
1644418527,in27,1,0,,3186,0,0,,3186,
1644418527,B14,1,0,,3186,0,0,,3186,
1644418527,B11,1,0,,3186,0,0,,3186,
1644418527,cn12,1,0,,3186,0,0,,3186,
1644418527,B54,1,0,,3186,0,0,,3186,
1644418527,B51,1,0,,3186,0,0,,3186,
1644418527,os4,1,0,,3186,0,0,,3186,
1644418527,in4,1,0,,3186,0,0,,3186,
1644418527,B33,1,0,,3186,0,0,,3186,
1644418527,in27,1,0,,3187,0,0,,3187,
1644418527,B14,1,0,,3187,0,0,,3187,
1644418527,B11,1,0,,3187,0,0,,3187,
1644418527,cn12,1,0,,3187,0,0,,3187,
1644418527,B54,1,0,,3187,0,0,,3187,
1644418527,B51,1,0,,3187,0,0,,3187,
1644418527,os4,1,0,,3187,0,0,,3187,
1644418527,in4,1,0,,3187,0,0,,3187,
1644418527,B33,1,0,,3187,0,0,,3187,
1644418527,in27,1,0,,3188,0,0,,3188,
1644418527,B14,1,0,,3188,0,0,,3188,
1644418527,B11,1,0,,3188,0,0,,3188,
1644418527,cn12,1,0,,3188,0,0,,3188,
1644418527,B54,1,0,,3188,0,0,,3188,
1644418527,B51,1,0,,3188,0,0,,3188,
1644418527,os4,1,0,,3188,0,0,,3188,
1644418527,in4,1,0,,3188,0,0,,3188,
1644418527,B33,1,0,,3188,0,0,,3188,
1644418527,in27,1,0,,3189,0,0,,3189,
1644418527,B14,1,0,,3189,0,0,,3189,
1644418527,B11,1,0,,3189,0,0,,3189,
1644418527,cn12,1,0,,3189,0,0,,3189,
1644418527,B54,1,0,,3189,0,0,,3189,
1644418527,B51,1,0,,3189,0,0,,3189,
1644418527,os4,1,0,,3189,0,0,,3189,
1644418527,in4,1,0,,3189,0,0,,3189,
1644418528,B33,1,0,,3189,0,0,,3189,
1644418528,in27,1,0,,3190,0,0,,3190,
1644418528,B14,1,0,,3190,0,0,,3190,
1644418528,B11,1,0,,3190,0,0,,3190,
1644418528,cn12,1,0,,3190,0,0,,3190,
1644418528,B54,1,0,,3190,0,0,,3190,
1644418528,B51,1,0,,3190,0,0,,3190,
1644418528,os4,1,0,,3190,0,0,,3190,
1644418528,in4,1,0,,3190,0,0,,3190,
1644418528,B33,1,0,,3190,0,0,,3190,
1644418528,in27,1,0,,3191,0,0,,3191,
1644418528,B14,1,0,,3191,0,0,,3191,
1644418528,B11,1,0,,3191,0,0,,3191,
1644418528,cn12,1,0,,3191,0,0,,3191,
1644418528,B54,1,0,,3191,0,0,,3191,
1644418528,B51,1,0,,3191,0,0,,3191,
1644418528,os4,1,0,,3191,0,0,,3191,
1644418528,in4,1,0,,3191,0,0,,3191,
1644418528,B33,1,0,,3191,0,0,,3191,
1644418528,in27,1,0,,3192,0,0,,3192,
1644418528,B14,1,0,,3192,0,0,,3192,
1644418528,B11,1,0,,3192,0,0,,3192,
1644418528,cn12,1,0,,3192,0,0,,3192,
1644418528,B54,1,0,,3192,0,0,,3192,
1644418528,B51,1,0,,3192,0,0,,3192,
1644418528,os4,1,0,,3192,0,0,,3192,
1644418528,in4,1,0,,3192,0,0,,3192,
1644418528,B33,1,0,,3192,0,0,,3192,
1644418528,in27,1,0,,3193,0,0,,3193,
1644418528,B14,1,0,,3193,0,0,,3193,
1644418528,B11,1,0,,3193,0,0,,3193,
1644418528,cn12,1,0,,3193,0,0,,3193,
1644418528,B54,1,0,,3193,0,0,,3193,
1644418528,B51,1,0,,3193,0,0,,3193,
1644418528,os4,1,0,,3193,0,0,,3193,
1644418528,in4,1,0,,3193,0,0,,3193,
1644418528,B33,1,0,,3193,0,0,,3193,
1644418528,in27,1,0,,3194,0,0,,3194,
1644418528,B14,1,0,,3194,0,0,,3194,
1644418528,B11,1,0,,3194,0,0,,3194,
1644418528,cn12,1,0,,3194,0,0,,3194,
1644418528,B54,1,0,,3194,0,0,,3194,
1644418528,B51,1,0,,3194,0,0,,3194,
1644418528,os4,1,0,,3194,0,0,,3194,
1644418528,in4,1,0,,3194,0,0,,3194,
1644418528,B33,1,0,,3194,0,0,,3194,
1644418528,in27,1,0,,3195,0,0,,3195,
1644418528,B14,1,0,,3195,0,0,,3195,
1644418528,B11,1,0,,3195,0,0,,3195,
1644418528,cn12,1,0,,3195,0,0,,3195,
1644418528,B54,1,0,,3195,0,0,,3195,
1644418528,B51,1,0,,3195,0,0,,3195,
1644418528,os4,1,0,,3195,0,0,,3195,
1644418528,in4,1,0,,3195,0,0,,3195,
1644418528,B33,1,0,,3195,0,0,,3195,
1644418528,in27,1,0,,3196,0,0,,3196,
1644418528,B14,1,0,,3196,0,0,,3196,
1644418528,B11,1,0,,3196,0,0,,3196,
1644418528,cn12,1,0,,3196,0,0,,3196,
1644418528,B54,1,0,,3196,0,0,,3196,
1644418528,B51,1,0,,3196,0,0,,3196,
1644418528,os4,1,0,,3196,0,0,,3196,
1644418528,in4,1,0,,3196,0,0,,3196,
1644418528,B33,1,0,,3196,0,0,,3196,
1644418529,in27,1,0,,3197,0,0,,3197,
1644418529,B14,1,0,,3197,0,0,,3197,
1644418529,B11,1,0,,3197,0,0,,3197,
1644418529,cn12,1,0,,3197,0,0,,3197,
1644418529,B54,1,1,job1048_scenario0_3182,3197,0,0,,3197,
1644418529,B51,1,0,,3197,0,0,,3197,
1644418529,os4,1,0,,3197,0,0,,3197,
1644418529,in4,1,0,,3197,0,0,,3197,
1644418529,B33,1,0,,3197,0,0,,3197,
1644418529,in27,1,0,,3198,0,0,,3198,
1644418529,B14,1,0,,3198,0,0,,3198,
1644418529,B11,1,0,,3198,0,0,,3198,
1644418529,cn12,1,0,,3198,0,0,,3198,
1644418529,B54,1,1,job1048_scenario0_3182,3198,0,0,,3198,
1644418529,B51,1,0,,3198,0,0,,3198,
1644418529,os4,1,0,,3198,0,0,,3198,
1644418529,in4,1,0,,3198,0,0,,3198,
1644418529,B33,1,0,,3198,0,0,,3198,
1644418529,in27,1,0,,3199,0,0,,3199,
1644418529,B14,1,0,,3199,0,0,,3199,
1644418529,B11,1,0,,3199,0,0,,3199,
1644418529,cn12,1,0,,3199,0,0,,3199,
1644418529,B54,1,1,job1048_scenario0_3182,3199,0,0,,3199,
1644418529,B51,1,0,,3199,0,0,,3199,
1644418529,os4,1,0,,3199,0,0,,3199,
1644418529,in4,1,0,,3199,0,0,,3199,
1644418529,B33,1,0,,3199,0,0,,3199,
1644418529,in27,1,0,,3200,0,0,,3200,
1644418529,B14,1,0,,3200,0,0,,3200,
1644418529,B11,1,0,,3200,0,0,,3200,
1644418529,cn12,1,0,,3200,0,0,,3200,
1644418529,B54,1,1,job1048_scenario0_3182,3200,0,0,,3200,
1644418529,B51,1,0,,3200,0,0,,3200,
1644418529,os4,1,0,,3200,0,0,,3200,
1644418529,in4,1,0,,3200,0,0,,3200,
1644418529,B33,1,0,,3200,0,0,,3200,
1644418529,in27,1,0,,3201,0,0,,3201,
1644418529,B14,1,0,,3201,0,0,,3201,
1644418529,B11,1,0,,3201,0,0,,3201,
1644418529,cn12,1,0,,3201,0,0,,3201,
1644418529,B54,1,1,job1048_scenario0_3182,3201,0,0,,3201,
1644418529,B51,1,0,,3201,0,0,,3201,
1644418529,os4,1,0,,3201,0,0,,3201,
1644418529,in4,1,0,,3201,0,0,,3201,
1644418529,B33,1,0,,3201,0,0,,3201,
1644418530,in27,1,0,,3202,0,0,,3202,
1644418530,B14,1,0,,3202,0,0,,3202,
1644418530,B11,1,0,,3202,0,0,,3202,
1644418530,cn12,1,0,,3202,0,0,,3202,
1644418530,B54,1,1,job1048_scenario0_3182,3202,0,0,,3202,
1644418530,B51,1,0,,3202,0,0,,3202,
1644418530,os4,1,0,,3202,0,0,,3202,
1644418530,in4,1,0,,3202,0,0,,3202,
1644418530,B33,1,1,job1049_scenario2_3201,3202,0,0,,3202,
1644418530,in27,1,0,,3203,0,0,,3203,
1644418530,B14,1,0,,3203,0,0,,3203,
1644418530,B11,1,0,,3203,0,0,,3203,
1644418530,cn12,1,0,,3203,0,0,,3203,
1644418530,B54,1,1,job1048_scenario0_3182,3203,0,0,,3203,
1644418530,B51,1,0,,3203,0,0,,3203,
1644418530,os4,1,0,,3203,0,0,,3203,
1644418530,in4,1,0,,3203,0,0,,3203,
1644418530,B33,1,0,,3203,0,0,,3203,
1644418530,in27,1,0,,3204,0,0,,3204,
1644418530,B14,1,0,,3204,0,0,,3204,
1644418530,B11,1,0,,3204,0,0,,3204,
1644418530,cn12,1,0,,3204,0,0,,3204,
1644418530,B54,1,1,job1048_scenario0_3182,3204,0,0,,3204,
1644418530,B51,1,0,,3204,0,0,,3204,
1644418530,os4,1,0,,3204,0,0,,3204,
1644418530,in4,1,0,,3204,0,0,,3204,
1644418530,B33,1,0,,3204,0,0,,3204,
1644418530,in27,1,0,,3205,0,0,,3205,
1644418530,B14,1,0,,3205,0,0,,3205,
1644418530,B11,1,0,,3205,0,0,,3205,
1644418530,cn12,1,0,,3205,0,0,,3205,
1644418530,B54,1,1,job1048_scenario0_3182,3205,0,0,,3205,
1644418530,B51,1,0,,3205,0,0,,3205,
1644418530,os4,1,0,,3205,0,0,,3205,
1644418530,in4,1,0,,3205,0,0,,3205,
1644418530,B33,1,0,,3205,0,0,,3205,
1644418530,in27,1,0,,3206,0,0,,3206,
1644418530,B14,1,0,,3206,0,0,,3206,
1644418530,B11,1,0,,3206,0,0,,3206,
1644418530,cn12,1,0,,3206,0,0,,3206,
1644418530,B54,1,1,job1048_scenario0_3182,3206,0,0,,3206,
1644418530,B51,1,0,,3206,0,0,,3206,
1644418530,os4,1,0,,3206,0,0,,3206,
1644418531,in4,1,0,,3206,0,0,,3206,
1644418531,B33,1,0,,3206,0,0,,3206,
1644418532,in27,1,0,,3207,0,0,,3207,
1644418532,B14,1,0,,3207,0,0,,3207,
1644418532,B11,1,0,,3207,0,0,,3207,
1644418532,cn12,1,0,,3207,0,0,,3207,
1644418532,B54,1,1,job1048_scenario0_3182,3207,0,0,,3207,
1644418532,B51,1,0,,3207,0,0,,3207,
1644418532,os4,1,0,,3207,0,0,,3207,
1644418532,in4,1,0,,3207,0,0,,3207,
1644418532,B33,1,0,,3207,0,0,,3207,
1644418532,in27,1,0,,3208,0,0,,3208,
1644418532,B14,1,0,,3208,0,0,,3208,
1644418532,B11,1,0,,3208,0,0,,3208,
1644418532,cn12,1,0,,3208,0,0,,3208,
1644418532,B54,1,1,job1048_scenario0_3182,3208,0,0,,3208,
1644418532,B51,1,0,,3208,0,0,,3208,
1644418532,os4,1,0,,3208,0,0,,3208,
1644418532,in4,1,0,,3208,0,0,,3208,
1644418532,B33,1,0,,3208,0,0,,3208,
1644418532,in27,1,0,,3209,0,0,,3209,
1644418532,B14,1,0,,3209,0,0,,3209,
1644418532,B11,1,0,,3209,0,0,,3209,
1644418532,cn12,1,0,,3209,0,0,,3209,
1644418532,B54,1,0,,3209,0,0,,3209,
1644418532,B51,1,0,,3209,0,0,,3209,
1644418532,os4,1,0,,3209,0,0,,3209,
1644418532,in4,1,0,,3209,0,0,,3209,
1644418532,B33,1,0,,3209,0,0,,3209,
1644418532,in27,1,0,,3210,0,0,,3210,
1644418532,B14,1,0,,3210,0,0,,3210,
1644418532,B11,1,0,,3210,0,0,,3210,
1644418532,cn12,1,0,,3210,0,0,,3210,
1644418532,B54,1,0,,3210,0,0,,3210,
1644418532,B51,1,0,,3210,0,0,,3210,
1644418532,os4,1,0,,3210,0,0,,3210,
1644418532,in4,1,0,,3210,0,0,,3210,
1644418532,B33,1,0,,3210,0,0,,3210,
1644418532,in27,1,0,,3211,0,0,,3211,
1644418532,B14,1,0,,3211,0,0,,3211,
1644418532,B11,1,0,,3211,0,0,,3211,
1644418532,cn12,1,0,,3211,0,0,,3211,
1644418532,B54,1,0,,3211,0,0,,3211,
1644418532,B51,1,0,,3211,0,0,,3211,
1644418532,os4,1,0,,3211,0,0,,3211,
1644418532,in4,1,0,,3211,0,0,,3211,
1644418532,B33,1,0,,3211,0,0,,3211,
1644418532,in27,1,0,,3212,0,0,,3212,
1644418532,B14,1,0,,3212,0,0,,3212,
1644418532,B11,1,0,,3212,0,0,,3212,
1644418532,cn12,1,0,,3212,0,0,,3212,
1644418532,B54,1,0,,3212,0,0,,3212,
1644418532,B51,1,0,,3212,0,0,,3212,
1644418532,os4,1,0,,3212,0,0,,3212,
1644418532,in4,1,0,,3212,0,0,,3212,
1644418532,B33,1,0,,3212,0,0,,3212,
1644418532,in27,1,0,,3213,0,0,,3213,
1644418532,B14,1,0,,3213,0,0,,3213,
1644418532,B11,1,0,,3213,0,0,,3213,
1644418532,cn12,1,0,,3213,0,0,,3213,
1644418532,B54,1,0,,3213,0,0,,3213,
1644418532,B51,1,0,,3213,0,0,,3213,
1644418532,os4,1,0,,3213,0,0,,3213,
1644418532,in4,1,0,,3213,0,0,,3213,
1644418532,B33,1,0,,3213,0,0,,3213,
1644418532,in27,1,0,,3214,0,0,,3214,
1644418532,B14,1,0,,3214,0,0,,3214,
1644418532,B11,1,0,,3214,0,0,,3214,
1644418532,cn12,1,0,,3214,0,0,,3214,
1644418532,B54,1,0,,3214,0,0,,3214,
1644418532,B51,1,0,,3214,0,0,,3214,
1644418532,os4,1,0,,3214,0,0,,3214,
1644418532,in4,1,0,,3214,0,0,,3214,
1644418532,B33,1,0,,3214,0,0,,3214,
1644418532,in27,1,0,,3215,0,0,,3215,
1644418532,B14,1,0,,3215,0,0,,3215,
1644418532,B11,1,0,,3215,0,0,,3215,
1644418532,cn12,1,0,,3215,0,0,,3215,
1644418532,B54,1,0,,3215,0,0,,3215,
1644418532,B51,1,0,,3215,0,0,,3215,
1644418532,os4,1,0,,3215,0,0,,3215,
1644418532,in4,1,0,,3215,0,0,,3215,
1644418532,B33,1,0,,3215,0,0,,3215,
1644418532,in27,1,0,,3216,0,0,,3216,
1644418532,B14,1,0,,3216,0,0,,3216,
1644418532,B11,1,0,,3216,0,0,,3216,
1644418532,cn12,1,0,,3216,0,0,,3216,
1644418532,B54,1,0,,3216,0,0,,3216,
1644418532,B51,1,0,,3216,0,0,,3216,
1644418532,os4,1,0,,3216,0,0,,3216,
1644418532,in4,1,0,,3216,0,0,,3216,
1644418532,B33,1,0,,3216,0,0,,3216,
1644418532,in27,1,0,,3217,0,0,,3217,
1644418532,B14,1,0,,3217,0,0,,3217,
1644418532,B11,1,0,,3217,0,0,,3217,
1644418532,cn12,1,0,,3217,0,0,,3217,
1644418532,B54,1,0,,3217,0,0,,3217,
1644418532,B51,1,0,,3217,0,0,,3217,
1644418532,os4,1,0,,3217,0,0,,3217,
1644418532,in4,1,0,,3217,0,0,,3217,
1644418532,B33,1,0,,3217,0,0,,3217,
1644418532,in27,1,0,,3218,0,0,,3218,
1644418532,B14,1,0,,3218,0,0,,3218,
1644418532,B11,1,0,,3218,0,0,,3218,
1644418532,cn12,1,0,,3218,0,0,,3218,
1644418532,B54,1,0,,3218,0,0,,3218,
1644418532,B51,1,0,,3218,0,0,,3218,
1644418532,os4,1,0,,3218,0,0,,3218,
1644418532,in4,1,0,,3218,0,0,,3218,
1644418532,B33,1,0,,3218,0,0,,3218,
1644418532,in27,1,0,,3219,0,0,,3219,
1644418532,B14,1,0,,3219,0,0,,3219,
1644418532,B11,1,0,,3219,0,0,,3219,
1644418532,cn12,1,0,,3219,0,0,,3219,
1644418532,B54,1,0,,3219,0,0,,3219,
1644418532,B51,1,0,,3219,0,0,,3219,
1644418532,os4,1,0,,3219,0,0,,3219,
1644418532,in4,1,0,,3219,0,0,,3219,
1644418532,B33,1,0,,3219,0,0,,3219,
1644418532,in27,1,0,,3220,0,0,,3220,
1644418532,B14,1,0,,3220,0,0,,3220,
1644418532,B11,1,0,,3220,0,0,,3220,
1644418532,cn12,1,0,,3220,0,0,,3220,
1644418532,B54,1,0,,3220,0,0,,3220,
1644418532,B51,1,0,,3220,0,0,,3220,
1644418532,os4,1,0,,3220,0,0,,3220,
1644418532,in4,1,0,,3220,0,0,,3220,
1644418532,B33,1,0,,3220,0,0,,3220,
1644418532,in27,1,0,,3221,0,0,,3221,
1644418532,B14,1,0,,3221,0,0,,3221,
1644418532,B11,1,0,,3221,0,0,,3221,
1644418532,cn12,1,0,,3221,0,0,,3221,
1644418532,B54,1,0,,3221,0,0,,3221,
1644418532,B51,1,0,,3221,0,0,,3221,
1644418532,os4,1,0,,3221,0,0,,3221,
1644418532,in4,1,0,,3221,0,0,,3221,
1644418532,B33,1,0,,3221,0,0,,3221,
1644418532,in27,1,0,,3222,0,0,,3222,
1644418532,B14,1,0,,3222,0,0,,3222,
1644418532,B11,1,0,,3222,0,0,,3222,
1644418532,cn12,1,0,,3222,0,0,,3222,
1644418532,B54,1,0,,3222,0,0,,3222,
1644418532,B51,1,0,,3222,0,0,,3222,
1644418532,os4,1,0,,3222,0,0,,3222,
1644418532,in4,1,0,,3222,0,0,,3222,
1644418532,B33,1,0,,3222,0,0,,3222,
1644418532,in27,1,0,,3223,0,0,,3223,
1644418532,B14,1,0,,3223,0,0,,3223,
1644418532,B11,1,0,,3223,0,0,,3223,
1644418532,cn12,1,0,,3223,0,0,,3223,
1644418532,B54,1,0,,3223,0,0,,3223,
1644418532,B51,1,0,,3223,0,0,,3223,
1644418532,os4,1,0,,3223,0,0,,3223,
1644418532,in4,1,0,,3223,0,0,,3223,
1644418532,B33,1,0,,3223,0,0,,3223,
1644418532,in27,1,0,,3224,0,0,,3224,
1644418532,B14,1,0,,3224,0,0,,3224,
1644418532,B11,1,0,,3224,0,0,,3224,
1644418532,cn12,1,0,,3224,0,0,,3224,
1644418532,B54,1,0,,3224,0,0,,3224,
1644418532,B51,1,0,,3224,0,0,,3224,
1644418532,os4,1,0,,3224,0,0,,3224,
1644418532,in4,1,0,,3224,0,0,,3224,
1644418532,B33,1,0,,3224,0,0,,3224,
1644418532,in27,1,0,,3225,0,0,,3225,
1644418532,B14,1,0,,3225,0,0,,3225,
1644418532,B11,1,0,,3225,0,0,,3225,
1644418532,cn12,1,0,,3225,0,0,,3225,
1644418532,B54,1,0,,3225,0,0,,3225,
1644418532,B51,1,0,,3225,0,0,,3225,
1644418532,os4,1,0,,3225,0,0,,3225,
1644418532,in4,1,0,,3225,0,0,,3225,
1644418532,B33,1,0,,3225,0,0,,3225,
1644418533,in27,1,0,,3226,0,0,,3226,
1644418533,B14,1,0,,3226,0,0,,3226,
1644418533,B11,1,0,,3226,0,0,,3226,
1644418533,cn12,1,0,,3226,0,0,,3226,
1644418533,B54,1,0,,3226,0,0,,3226,
1644418533,B51,1,0,,3226,0,0,,3226,
1644418533,os4,1,0,,3226,0,0,,3226,
1644418533,in4,1,0,,3226,0,0,,3226,
1644418533,B33,1,0,,3226,0,0,,3226,
1644418533,in27,1,0,,3227,0,0,,3227,
1644418533,B14,1,0,,3227,0,0,,3227,
1644418533,B11,1,0,,3227,0,0,,3227,
1644418533,cn12,1,0,,3227,0,0,,3227,
1644418533,B54,1,0,,3227,0,0,,3227,
1644418533,B51,1,0,,3227,0,0,,3227,
1644418533,os4,1,0,,3227,0,0,,3227,
1644418533,in4,1,0,,3227,0,0,,3227,
1644418533,B33,1,0,,3227,0,0,,3227,
1644418533,in27,1,0,,3228,0,0,,3228,
1644418533,B14,1,0,,3228,0,0,,3228,
1644418533,B11,1,0,,3228,0,0,,3228,
1644418533,cn12,1,0,,3228,0,0,,3228,
1644418533,B54,1,0,,3228,0,0,,3228,
1644418533,B51,1,0,,3228,0,0,,3228,
1644418533,os4,1,0,,3228,0,0,,3228,
1644418533,in4,1,0,,3228,0,0,,3228,
1644418533,B33,1,0,,3228,0,0,,3228,
1644418535,in27,1,0,,3229,0,0,,3229,
1644418535,B14,1,0,,3229,0,0,,3229,
1644418535,B11,1,0,,3229,0,0,,3229,
1644418535,cn12,1,0,,3229,0,0,,3229,
1644418535,B54,1,0,,3229,0,0,,3229,
1644418535,B51,1,0,,3229,0,0,,3229,
1644418535,os4,1,1,job1052_scenario4_3226,3229,0,0,,3229,
1644418535,in4,1,0,,3229,0,0,,3229,
1644418535,B33,1,1,job1053_scenario2_3228,3229,0,0,,3229,
1644418535,in27,1,0,,3230,0,0,,3230,
1644418535,B14,1,0,,3230,0,0,,3230,
1644418535,B11,1,0,,3230,0,0,,3230,
1644418535,cn12,1,0,,3230,0,0,,3230,
1644418535,B54,1,0,,3230,0,0,,3230,
1644418535,B51,1,0,,3230,0,0,,3230,
1644418535,os4,1,1,job1052_scenario4_3226,3230,0,0,,3230,
1644418535,in4,1,0,,3230,0,0,,3230,
1644418535,B33,1,1,job1053_scenario2_3228,3230,0,0,,3230,
1644418535,in27,1,0,,3231,0,0,,3231,
1644418535,B14,1,0,,3231,0,0,,3231,
1644418535,B11,1,0,,3231,0,0,,3231,
1644418535,cn12,1,0,,3231,0,0,,3231,
1644418535,B54,1,0,,3231,0,0,,3231,
1644418535,B51,1,0,,3231,0,0,,3231,
1644418535,os4,1,1,job1052_scenario4_3226,3231,0,0,,3231,
1644418535,in4,1,0,,3231,0,0,,3231,
1644418535,B33,1,1,job1053_scenario2_3228,3231,0,0,,3231,
1644418535,in27,1,0,,3232,0,0,,3232,
1644418535,B14,1,0,,3232,0,0,,3232,
1644418535,B11,1,0,,3232,0,0,,3232,
1644418535,cn12,1,0,,3232,0,0,,3232,
1644418535,B54,1,0,,3232,0,0,,3232,
1644418535,B51,1,0,,3232,0,0,,3232,
1644418535,os4,1,1,job1052_scenario4_3226,3232,0,0,,3232,
1644418536,in4,1,0,,3232,0,0,,3232,
1644418536,B33,1,1,job1053_scenario2_3228,3232,0,0,,3232,
1644418536,in27,1,0,,3233,0,0,,3233,
1644418536,B14,1,0,,3233,0,0,,3233,
1644418536,B11,1,0,,3233,0,0,,3233,
1644418536,cn12,1,0,,3233,0,0,,3233,
1644418536,B54,1,0,,3233,0,0,,3233,
1644418536,B51,1,0,,3233,0,0,,3233,
1644418536,os4,1,0,,3233,0,0,,3233,
1644418536,in4,1,0,,3233,0,0,,3233,
1644418536,B33,1,0,,3233,0,0,,3233,
1644418536,in27,1,0,,3234,0,0,,3234,
1644418536,B14,1,0,,3234,0,0,,3234,
1644418536,B11,1,0,,3234,0,0,,3234,
1644418536,cn12,1,0,,3234,0,0,,3234,
1644418536,B54,1,0,,3234,0,0,,3234,
1644418536,B51,1,0,,3234,0,0,,3234,
1644418536,os4,1,0,,3234,0,0,,3234,
1644418536,in4,1,0,,3234,0,0,,3234,
1644418536,B33,1,0,,3234,0,0,,3234,
1644418536,in27,1,0,,3235,0,0,,3235,
1644418536,B14,1,0,,3235,0,0,,3235,
1644418536,B11,1,0,,3235,0,0,,3235,
1644418536,cn12,1,0,,3235,0,0,,3235,
1644418536,B54,1,0,,3235,0,0,,3235,
1644418536,B51,1,0,,3235,0,0,,3235,
1644418536,os4,1,0,,3235,0,0,,3235,
1644418536,in4,1,0,,3235,0,0,,3235,
1644418536,B33,1,0,,3235,0,0,,3235,
1644418536,in27,1,0,,3236,0,0,,3236,
1644418536,B14,1,0,,3236,0,0,,3236,
1644418536,B11,1,0,,3236,0,0,,3236,
1644418536,cn12,1,0,,3236,0,0,,3236,
1644418536,B54,1,0,,3236,0,0,,3236,
1644418536,B51,1,0,,3236,0,0,,3236,
1644418536,os4,1,0,,3236,0,0,,3236,
1644418536,in4,1,0,,3236,0,0,,3236,
1644418536,B33,1,0,,3236,0,0,,3236,
1644418536,in27,1,0,,3237,0,0,,3237,
1644418536,B14,1,0,,3237,0,0,,3237,
1644418536,B11,1,0,,3237,0,0,,3237,
1644418536,cn12,1,0,,3237,0,0,,3237,
1644418536,B54,1,0,,3237,0,0,,3237,
1644418536,B51,1,0,,3237,0,0,,3237,
1644418536,os4,1,0,,3237,0,0,,3237,
1644418536,in4,1,0,,3237,0,0,,3237,
1644418536,B33,1,0,,3237,0,0,,3237,
1644418536,in27,1,0,,3238,0,0,,3238,
1644418536,B14,1,0,,3238,0,0,,3238,
1644418536,B11,1,0,,3238,0,0,,3238,
1644418536,cn12,1,0,,3238,0,0,,3238,
1644418536,B54,1,0,,3238,0,0,,3238,
1644418536,B51,1,0,,3238,0,0,,3238,
1644418536,os4,1,0,,3238,0,0,,3238,
1644418536,in4,1,0,,3238,0,0,,3238,
1644418536,B33,1,0,,3238,0,0,,3238,
1644418536,in27,1,0,,3239,0,0,,3239,
1644418536,B14,1,0,,3239,0,0,,3239,
1644418536,B11,1,0,,3239,0,0,,3239,
1644418536,cn12,1,0,,3239,0,0,,3239,
1644418536,B54,1,0,,3239,0,0,,3239,
1644418536,B51,1,0,,3239,0,0,,3239,
1644418536,os4,1,0,,3239,0,0,,3239,
1644418536,in4,1,0,,3239,0,0,,3239,
1644418536,B33,1,0,,3239,0,0,,3239,
1644418537,in27,1,0,,3240,0,0,,3240,
1644418537,B14,1,0,,3240,0,0,,3240,
1644418537,B11,1,0,,3240,0,0,,3240,
1644418537,cn12,1,0,,3240,0,0,,3240,
1644418537,B54,1,0,,3240,0,0,,3240,
1644418537,B51,1,0,,3240,0,0,,3240,
1644418537,os4,1,0,,3240,0,0,,3240,
1644418537,in4,1,0,,3240,0,0,,3240,
1644418537,B33,1,0,,3240,0,0,,3240,
1644418537,in27,1,0,,3241,0,0,,3241,
1644418537,B14,1,0,,3241,0,0,,3241,
1644418537,B11,1,0,,3241,0,0,,3241,
1644418537,cn12,1,0,,3241,0,0,,3241,
1644418537,B54,1,0,,3241,0,0,,3241,
1644418537,B51,1,0,,3241,0,0,,3241,
1644418537,os4,1,0,,3241,0,0,,3241,
1644418537,in4,1,0,,3241,0,0,,3241,
1644418537,B33,1,0,,3241,0,0,,3241,
1644418537,in27,1,0,,3242,0,0,,3242,
1644418537,B14,1,0,,3242,0,0,,3242,
1644418537,B11,1,0,,3242,0,0,,3242,
1644418537,cn12,1,0,,3242,0,0,,3242,
1644418537,B54,1,0,,3242,0,0,,3242,
1644418537,B51,1,0,,3242,0,0,,3242,
1644418537,os4,1,0,,3242,0,0,,3242,
1644418537,in4,1,0,,3242,0,0,,3242,
1644418537,B33,1,0,,3242,0,0,,3242,
1644418537,in27,1,0,,3243,0,0,,3243,
1644418537,B14,1,0,,3243,0,0,,3243,
1644418537,B11,1,0,,3243,0,0,,3243,
1644418537,cn12,1,0,,3243,0,0,,3243,
1644418537,B54,1,0,,3243,0,0,,3243,
1644418537,B51,1,0,,3243,0,0,,3243,
1644418537,os4,1,0,,3243,0,0,,3243,
1644418537,in4,1,0,,3243,0,0,,3243,
1644418537,B33,1,0,,3243,0,0,,3243,
1644418537,in27,1,0,,3244,0,0,,3244,
1644418537,B14,1,0,,3244,0,0,,3244,
1644418537,B11,1,0,,3244,0,0,,3244,
1644418537,cn12,1,0,,3244,0,0,,3244,
1644418537,B54,1,0,,3244,0,0,,3244,
1644418537,B51,1,0,,3244,0,0,,3244,
1644418537,os4,1,0,,3244,0,0,,3244,
1644418537,in4,1,0,,3244,0,0,,3244,
1644418537,B33,1,0,,3244,0,0,,3244,
1644418537,in27,1,0,,3245,0,0,,3245,
1644418537,B14,1,0,,3245,0,0,,3245,
1644418537,B11,1,0,,3245,0,0,,3245,
1644418537,cn12,1,0,,3245,0,0,,3245,
1644418537,B54,1,0,,3245,0,0,,3245,
1644418537,B51,1,0,,3245,0,0,,3245,
1644418537,os4,1,0,,3245,0,0,,3245,
1644418537,in4,1,0,,3245,0,0,,3245,
1644418537,B33,1,0,,3245,0,0,,3245,
1644418538,in27,1,0,,3246,0,0,,3246,
1644418538,B14,1,0,,3246,0,0,,3246,
1644418538,B11,1,0,,3246,0,0,,3246,
1644418538,cn12,1,0,,3246,0,0,,3246,
1644418538,B54,1,0,,3246,0,0,,3246,
1644418538,B51,1,0,,3246,0,0,,3246,
1644418538,os4,1,0,,3246,0,0,,3246,
1644418538,in4,1,0,,3246,0,0,,3246,
1644418538,B33,1,0,,3246,0,0,,3246,
1644418538,in27,1,0,,3247,0,0,,3247,
1644418538,B14,1,0,,3247,0,0,,3247,
1644418538,B11,1,0,,3247,0,0,,3247,
1644418538,cn12,1,0,,3247,0,0,,3247,
1644418538,B54,1,0,,3247,0,0,,3247,
1644418538,B51,1,0,,3247,0,0,,3247,
1644418538,os4,1,0,,3247,0,0,,3247,
1644418538,in4,1,0,,3247,0,0,,3247,
1644418538,B33,1,0,,3247,0,0,,3247,
1644418538,in27,1,0,,3248,0,0,,3248,
1644418538,B14,1,0,,3248,0,0,,3248,
1644418538,B11,1,0,,3248,0,0,,3248,
1644418538,cn12,1,0,,3248,0,0,,3248,
1644418538,B54,1,0,,3248,0,0,,3248,
1644418538,B51,1,0,,3248,0,0,,3248,
1644418538,os4,1,0,,3248,0,0,,3248,
1644418538,in4,1,0,,3248,0,0,,3248,
1644418538,B33,1,0,,3248,0,0,,3248,
1644418538,in27,1,0,,3249,0,0,,3249,
1644418538,B14,1,0,,3249,0,0,,3249,
1644418538,B11,1,0,,3249,0,0,,3249,
1644418538,cn12,1,0,,3249,0,0,,3249,
1644418538,B54,1,0,,3249,0,0,,3249,
1644418538,B51,1,0,,3249,0,0,,3249,
1644418538,os4,1,0,,3249,0,0,,3249,
1644418538,in4,1,0,,3249,0,0,,3249,
1644418538,B33,1,0,,3249,0,0,,3249,
1644418538,in27,1,0,,3250,0,0,,3250,
1644418538,B14,1,0,,3250,0,0,,3250,
1644418538,B11,1,0,,3250,0,0,,3250,
1644418538,cn12,1,0,,3250,0,0,,3250,
1644418538,B54,1,0,,3250,0,0,,3250,
1644418538,B51,1,0,,3250,0,0,,3250,
1644418538,os4,1,0,,3250,0,0,,3250,
1644418538,in4,1,0,,3250,0,0,,3250,
1644418538,B33,1,0,,3250,0,0,,3250,
1644418539,in27,1,0,,3251,0,0,,3251,
1644418539,B14,1,0,,3251,0,0,,3251,
1644418539,B11,1,0,,3251,0,0,,3251,
1644418539,cn12,1,0,,3251,0,0,,3251,
1644418539,B54,1,0,,3251,0,0,,3251,
1644418539,B51,1,0,,3251,0,0,,3251,
1644418539,os4,1,0,,3251,0,0,,3251,
1644418539,in4,1,0,,3251,0,0,,3251,
1644418539,B33,1,0,,3251,0,0,,3251,
1644418539,in27,1,0,,3252,0,0,,3252,
1644418539,B14,1,0,,3252,0,0,,3252,
1644418539,B11,1,0,,3252,0,0,,3252,
1644418539,cn12,1,0,,3252,0,0,,3252,
1644418539,B54,1,0,,3252,0,0,,3252,
1644418539,B51,1,0,,3252,0,0,,3252,
1644418539,os4,1,0,,3252,0,0,,3252,
1644418539,in4,1,0,,3252,0,0,,3252,
1644418539,B33,1,0,,3252,0,0,,3252,
1644418540,in27,1,0,,3253,0,0,,3253,
1644418540,B14,1,0,,3253,0,0,,3253,
1644418540,B11,1,0,,3253,0,0,,3253,
1644418540,cn12,1,0,,3253,0,0,,3253,
1644418540,B54,1,0,,3253,0,0,,3253,
1644418540,B51,1,0,,3253,0,0,,3253,
1644418540,os4,1,0,,3253,0,0,,3253,
1644418540,in4,1,0,,3253,0,0,,3253,
1644418540,B33,1,1,job1057_scenario2_3252,3253,0,0,,3253,
1644418540,in27,1,0,,3254,0,0,,3254,
1644418540,B14,1,0,,3254,0,0,,3254,
1644418540,B11,1,0,,3254,0,0,,3254,
1644418540,cn12,1,0,,3254,0,0,,3254,
1644418540,B54,1,0,,3254,0,0,,3254,
1644418540,B51,1,0,,3254,0,0,,3254,
1644418540,os4,1,0,,3254,0,0,,3254,
1644418540,in4,1,0,,3254,0,0,,3254,
1644418540,B33,1,1,job1057_scenario2_3252,3254,0,0,,3254,
1644418540,in27,1,0,,3255,0,0,,3255,
1644418540,B14,1,0,,3255,0,0,,3255,
1644418540,B11,1,0,,3255,0,0,,3255,
1644418540,cn12,1,0,,3255,0,0,,3255,
1644418540,B54,1,0,,3255,0,0,,3255,
1644418540,B51,1,0,,3255,0,0,,3255,
1644418540,os4,1,0,,3255,0,0,,3255,
1644418540,in4,1,0,,3255,0,0,,3255,
1644418540,B33,1,1,job1057_scenario2_3252,3255,0,0,,3255,
1644418540,in27,1,0,,3256,0,0,,3256,
1644418540,B14,1,0,,3256,0,0,,3256,
1644418540,B11,1,0,,3256,0,0,,3256,
1644418540,cn12,1,0,,3256,0,0,,3256,
1644418540,B54,1,0,,3256,0,0,,3256,
1644418540,B51,1,0,,3256,0,0,,3256,
1644418540,os4,1,0,,3256,0,0,,3256,
1644418540,in4,1,0,,3256,0,0,,3256,
1644418540,B33,1,1,job1057_scenario2_3252,3256,0,0,,3256,
1644418540,in27,1,0,,3257,0,0,,3257,
1644418540,B14,1,0,,3257,0,0,,3257,
1644418540,B11,1,0,,3257,0,0,,3257,
1644418540,cn12,1,0,,3257,0,0,,3257,
1644418540,B54,1,0,,3257,0,0,,3257,
1644418540,B51,1,0,,3257,0,0,,3257,
1644418540,os4,1,0,,3257,0,0,,3257,
1644418540,in4,1,0,,3257,0,0,,3257,
1644418540,B33,1,1,job1057_scenario2_3252,3257,0,0,,3257,
1644418540,in27,1,0,,3258,0,0,,3258,
1644418540,B14,1,0,,3258,0,0,,3258,
1644418540,B11,1,0,,3258,0,0,,3258,
1644418540,cn12,1,0,,3258,0,0,,3258,
1644418540,B54,1,0,,3258,0,0,,3258,
1644418540,B51,1,0,,3258,0,0,,3258,
1644418540,os4,1,0,,3258,0,0,,3258,
1644418540,in4,1,0,,3258,0,0,,3258,
1644418540,B33,1,0,,3258,0,0,,3258,
1644418541,in27,1,0,,3259,0,0,,3259,
1644418541,B14,1,0,,3259,0,0,,3259,
1644418541,B11,1,0,,3259,0,0,,3259,
1644418541,cn12,1,0,,3259,0,0,,3259,
1644418541,B54,1,1,job1058_scenario0_3258,3259,0,0,,3259,
1644418541,B51,1,0,,3259,0,0,,3259,
1644418541,os4,1,0,,3259,0,0,,3259,
1644418541,in4,1,0,,3259,0,0,,3259,
1644418541,B33,1,0,,3259,0,0,,3259,
1644418541,in27,1,0,,3260,0,0,,3260,
1644418541,B14,1,0,,3260,0,0,,3260,
1644418541,B11,1,0,,3260,0,0,,3260,
1644418541,cn12,1,0,,3260,0,0,,3260,
1644418541,B54,1,1,job1058_scenario0_3258,3260,0,0,,3260,
1644418541,B51,1,0,,3260,0,0,,3260,
1644418541,os4,1,0,,3260,0,0,,3260,
1644418541,in4,1,0,,3260,0,0,,3260,
1644418541,B33,1,0,,3260,0,0,,3260,
1644418541,in27,1,0,,3261,0,0,,3261,
1644418541,B14,1,0,,3261,0,0,,3261,
1644418541,B11,1,0,,3261,0,0,,3261,
1644418541,cn12,1,0,,3261,0,0,,3261,
1644418541,B54,1,1,job1058_scenario0_3258,3261,0,0,,3261,
1644418541,B51,1,0,,3261,0,0,,3261,
1644418541,os4,1,0,,3261,0,0,,3261,
1644418541,in4,1,0,,3261,0,0,,3261,
1644418541,B33,1,0,,3261,0,0,,3261,
1644418541,in27,1,0,,3262,0,0,,3262,
1644418541,B14,1,0,,3262,0,0,,3262,
1644418541,B11,1,0,,3262,0,0,,3262,
1644418541,cn12,1,0,,3262,0,0,,3262,
1644418541,B54,1,1,job1058_scenario0_3258,3262,0,0,,3262,
1644418541,B51,1,0,,3262,0,0,,3262,
1644418541,os4,1,0,,3262,0,0,,3262,
1644418541,in4,1,0,,3262,0,0,,3262,
1644418541,B33,1,0,,3262,0,0,,3262,
1644418541,in27,1,0,,3263,0,0,,3263,
1644418541,B14,1,0,,3263,0,0,,3263,
1644418542,B11,1,0,,3263,0,0,,3263,
1644418542,cn12,1,0,,3263,0,0,,3263,
1644418542,B54,1,1,job1058_scenario0_3258,3263,0,0,,3263,
1644418542,B51,1,0,,3263,0,0,,3263,
1644418542,os4,1,0,,3263,0,0,,3263,
1644418542,in4,1,0,,3263,0,0,,3263,
1644418542,B33,1,0,,3263,0,0,,3263,
1644418542,in27,1,0,,3264,0,0,,3264,
1644418542,B14,1,0,,3264,0,0,,3264,
1644418542,B11,1,0,,3264,0,0,,3264,
1644418542,cn12,1,0,,3264,0,0,,3264,
1644418542,B54,1,1,job1058_scenario0_3258,3264,0,0,,3264,
1644418542,B51,1,0,,3264,0,0,,3264,
1644418542,os4,1,0,,3264,0,0,,3264,
1644418542,in4,1,0,,3264,0,0,,3264,
1644418542,B33,1,0,,3264,0,0,,3264,
1644418542,in27,1,0,,3265,0,0,,3265,
1644418542,B14,1,0,,3265,0,0,,3265,
1644418542,B11,1,0,,3265,0,0,,3265,
1644418542,cn12,1,0,,3265,0,0,,3265,
1644418542,B54,1,1,job1058_scenario0_3258,3265,0,0,,3265,
1644418542,B51,1,0,,3265,0,0,,3265,
1644418542,os4,1,0,,3265,0,0,,3265,
1644418542,in4,1,0,,3265,0,0,,3265,
1644418542,B33,1,0,,3265,0,0,,3265,
1644418542,in27,1,0,,3266,0,0,,3266,
1644418542,B14,1,0,,3266,0,0,,3266,
1644418542,B11,1,0,,3266,0,0,,3266,
1644418542,cn12,1,0,,3266,0,0,,3266,
1644418542,B54,1,1,job1058_scenario0_3258,3266,0,0,,3266,
1644418542,B51,1,0,,3266,0,0,,3266,
1644418542,os4,1,0,,3266,0,0,,3266,
1644418542,in4,1,0,,3266,0,0,,3266,
1644418542,B33,1,0,,3266,0,0,,3266,
1644418542,in27,1,0,,3267,0,0,,3267,
1644418542,B14,1,0,,3267,0,0,,3267,
1644418542,B11,1,0,,3267,0,0,,3267,
1644418542,cn12,1,0,,3267,0,0,,3267,
1644418542,B54,1,1,job1058_scenario0_3258,3267,0,0,,3267,
1644418542,B51,1,0,,3267,0,0,,3267,
1644418542,os4,1,0,,3267,0,0,,3267,
1644418542,in4,1,0,,3267,0,0,,3267,
1644418542,B33,1,0,,3267,0,0,,3267,
1644418542,in27,1,0,,3268,0,0,,3268,
1644418542,B14,1,0,,3268,0,0,,3268,
1644418542,B11,1,0,,3268,0,0,,3268,
1644418542,cn12,1,0,,3268,0,0,,3268,
1644418542,B54,1,1,job1058_scenario0_3258,3268,0,0,,3268,
1644418542,B51,1,0,,3268,0,0,,3268,
1644418542,os4,1,0,,3268,0,0,,3268,
1644418542,in4,1,0,,3268,0,0,,3268,
1644418542,B33,1,0,,3268,0,0,,3268,
1644418542,in27,1,0,,3269,0,0,,3269,
1644418542,B14,1,0,,3269,0,0,,3269,
1644418542,B11,1,0,,3269,0,0,,3269,
1644418542,cn12,1,0,,3269,0,0,,3269,
1644418542,B54,1,1,job1058_scenario0_3258,3269,0,0,,3269,
1644418542,B51,1,0,,3269,0,0,,3269,
1644418542,os4,1,0,,3269,0,0,,3269,
1644418542,in4,1,0,,3269,0,0,,3269,
1644418542,B33,1,0,,3269,0,0,,3269,
1644418542,in27,1,0,,3270,0,0,,3270,
1644418542,B14,1,0,,3270,0,0,,3270,
1644418542,B11,1,0,,3270,0,0,,3270,
1644418542,cn12,1,0,,3270,0,0,,3270,
1644418542,B54,1,1,job1058_scenario0_3258,3270,0,0,,3270,
1644418542,B51,1,0,,3270,0,0,,3270,
1644418542,os4,1,0,,3270,0,0,,3270,
1644418542,in4,1,0,,3270,0,0,,3270,
1644418542,B33,1,0,,3270,0,0,,3270,
1644418542,in27,1,0,,3271,0,0,,3271,
1644418542,B14,1,0,,3271,0,0,,3271,
1644418542,B11,1,0,,3271,0,0,,3271,
1644418542,cn12,1,0,,3271,0,0,,3271,
1644418542,B54,1,1,job1058_scenario0_3258,3271,0,0,,3271,
1644418542,B51,1,0,,3271,0,0,,3271,
1644418542,os4,1,0,,3271,0,0,,3271,
1644418542,in4,1,0,,3271,0,0,,3271,
1644418542,B33,1,0,,3271,0,0,,3271,
1644418542,in27,1,0,,3272,0,0,,3272,
1644418542,B14,1,0,,3272,0,0,,3272,
1644418542,B11,1,0,,3272,0,0,,3272,
1644418542,cn12,1,0,,3272,0,0,,3272,
1644418542,B54,1,1,job1058_scenario0_3258,3272,0,0,,3272,
1644418542,B51,1,0,,3272,0,0,,3272,
1644418542,os4,1,0,,3272,0,0,,3272,
1644418542,in4,1,0,,3272,0,0,,3272,
1644418542,B33,1,0,,3272,0,0,,3272,
1644418542,in27,1,0,,3273,0,0,,3273,
1644418542,B14,1,0,,3273,0,0,,3273,
1644418542,B11,1,0,,3273,0,0,,3273,
1644418542,cn12,1,0,,3273,0,0,,3273,
1644418542,B54,1,0,,3273,0,0,,3273,
1644418542,B51,1,0,,3273,0,0,,3273,
1644418542,os4,1,0,,3273,0,0,,3273,
1644418542,in4,1,0,,3273,0,0,,3273,
1644418542,B33,1,0,,3273,0,0,,3273,
1644418542,in27,1,0,,3274,0,0,,3274,
1644418542,B14,1,0,,3274,0,0,,3274,
1644418542,B11,1,0,,3274,0,0,,3274,
1644418542,cn12,1,0,,3274,0,0,,3274,
1644418542,B54,1,0,,3274,0,0,,3274,
1644418542,B51,1,0,,3274,0,0,,3274,
1644418542,os4,1,0,,3274,0,0,,3274,
1644418542,in4,1,0,,3274,0,0,,3274,
1644418542,B33,1,0,,3274,0,0,,3274,
1644418542,in27,1,0,,3275,0,0,,3275,
1644418542,B14,1,0,,3275,0,0,,3275,
1644418542,B11,1,0,,3275,0,0,,3275,
1644418542,cn12,1,0,,3275,0,0,,3275,
1644418542,B54,1,0,,3275,0,0,,3275,
1644418542,B51,1,0,,3275,0,0,,3275,
1644418542,os4,1,0,,3275,0,0,,3275,
1644418542,in4,1,0,,3275,0,0,,3275,
1644418542,B33,1,0,,3275,0,0,,3275,
1644418542,in27,1,0,,3276,0,0,,3276,
1644418542,B14,1,0,,3276,0,0,,3276,
1644418542,B11,1,0,,3276,0,0,,3276,
1644418542,cn12,1,0,,3276,0,0,,3276,
1644418542,B54,1,0,,3276,0,0,,3276,
1644418542,B51,1,0,,3276,0,0,,3276,
1644418542,os4,1,0,,3276,0,0,,3276,
1644418542,in4,1,0,,3276,0,0,,3276,
1644418542,B33,1,0,,3276,0,0,,3276,
1644418542,in27,1,0,,3277,0,0,,3277,
1644418542,B14,1,0,,3277,0,0,,3277,
1644418542,B11,1,0,,3277,0,0,,3277,
1644418542,cn12,1,0,,3277,0,0,,3277,
1644418542,B54,1,0,,3277,0,0,,3277,
1644418542,B51,1,0,,3277,0,0,,3277,
1644418542,os4,1,0,,3277,0,0,,3277,
1644418542,in4,1,0,,3277,0,0,,3277,
1644418542,B33,1,0,,3277,0,0,,3277,
1644418542,in27,1,0,,3278,0,0,,3278,
1644418542,B14,1,0,,3278,0,0,,3278,
1644418542,B11,1,0,,3278,0,0,,3278,
1644418542,cn12,1,0,,3278,0,0,,3278,
1644418542,B54,1,0,,3278,0,0,,3278,
1644418542,B51,1,0,,3278,0,0,,3278,
1644418542,os4,1,0,,3278,0,0,,3278,
1644418542,in4,1,0,,3278,0,0,,3278,
1644418542,B33,1,0,,3278,0,0,,3278,
1644418542,in27,1,0,,3279,0,0,,3279,
1644418542,B14,1,0,,3279,0,0,,3279,
1644418542,B11,1,0,,3279,0,0,,3279,
1644418542,cn12,1,0,,3279,0,0,,3279,
1644418542,B54,1,0,,3279,0,0,,3279,
1644418542,B51,1,0,,3279,0,0,,3279,
1644418542,os4,1,0,,3279,0,0,,3279,
1644418542,in4,1,0,,3279,0,0,,3279,
1644418542,B33,1,0,,3279,0,0,,3279,
1644418542,in27,1,0,,3280,0,0,,3280,
1644418542,B14,1,0,,3280,0,0,,3280,
1644418542,B11,1,0,,3280,0,0,,3280,
1644418542,cn12,1,0,,3280,0,0,,3280,
1644418542,B54,1,0,,3280,0,0,,3280,
1644418542,B51,1,0,,3280,0,0,,3280,
1644418542,os4,1,0,,3280,0,0,,3280,
1644418542,in4,1,0,,3280,0,0,,3280,
1644418542,B33,1,0,,3280,0,0,,3280,
1644418543,in27,1,0,,3281,0,0,,3281,
1644418543,B14,1,0,,3281,0,0,,3281,
1644418543,B11,1,0,,3281,0,0,,3281,
1644418543,cn12,1,0,,3281,0,0,,3281,
1644418543,B54,1,0,,3281,0,0,,3281,
1644418543,B51,1,0,,3281,0,0,,3281,
1644418543,os4,1,1,job1060_scenario4_3278,3281,0,0,,3281,
1644418543,in4,1,0,,3281,0,0,,3281,
1644418543,B33,1,0,,3281,0,0,,3281,
1644418543,in27,1,0,,3282,0,0,,3282,
1644418543,B14,1,0,,3282,0,0,,3282,
1644418543,B11,1,0,,3282,0,0,,3282,
1644418543,cn12,1,0,,3282,0,0,,3282,
1644418543,B54,1,0,,3282,0,0,,3282,
1644418543,B51,1,0,,3282,0,0,,3282,
1644418543,os4,1,0,,3282,0,0,,3282,
1644418543,in4,1,0,,3282,0,0,,3282,
1644418543,B33,1,0,,3282,0,0,,3282,
1644418543,in27,1,0,,3283,0,0,,3283,
1644418543,B14,1,0,,3283,0,0,,3283,
1644418543,B11,1,0,,3283,0,0,,3283,
1644418543,cn12,1,0,,3283,0,0,,3283,
1644418543,B54,1,0,,3283,0,0,,3283,
1644418543,B51,1,0,,3283,0,0,,3283,
1644418543,os4,1,0,,3283,0,0,,3283,
1644418543,in4,1,0,,3283,0,0,,3283,
1644418543,B33,1,0,,3283,0,0,,3283,
1644418543,in27,1,0,,3284,0,0,,3284,
1644418543,B14,1,0,,3284,0,0,,3284,
1644418543,B11,1,0,,3284,0,0,,3284,
1644418543,cn12,1,0,,3284,0,0,,3284,
1644418543,B54,1,0,,3284,0,0,,3284,
1644418543,B51,1,0,,3284,0,0,,3284,
1644418543,os4,1,0,,3284,0,0,,3284,
1644418543,in4,1,0,,3284,0,0,,3284,
1644418543,B33,1,0,,3284,0,0,,3284,
1644418543,in27,1,0,,3285,0,0,,3285,
1644418543,B14,1,0,,3285,0,0,,3285,
1644418543,B11,1,0,,3285,0,0,,3285,
1644418543,cn12,1,0,,3285,0,0,,3285,
1644418543,B54,1,0,,3285,0,0,,3285,
1644418543,B51,1,0,,3285,0,0,,3285,
1644418543,os4,1,0,,3285,0,0,,3285,
1644418543,in4,1,0,,3285,0,0,,3285,
1644418543,B33,1,0,,3285,0,0,,3285,
1644418543,in27,1,0,,3286,0,0,,3286,
1644418543,B14,1,0,,3286,0,0,,3286,
1644418543,B11,1,0,,3286,0,0,,3286,
1644418543,cn12,1,0,,3286,0,0,,3286,
1644418543,B54,1,0,,3286,0,0,,3286,
1644418543,B51,1,0,,3286,0,0,,3286,
1644418543,os4,1,0,,3286,0,0,,3286,
1644418543,in4,1,0,,3286,0,0,,3286,
1644418543,B33,1,0,,3286,0,0,,3286,
1644418544,in27,1,0,,3287,0,0,,3287,
1644418544,B14,1,0,,3287,0,0,,3287,
1644418544,B11,1,0,,3287,0,0,,3287,
1644418544,cn12,1,0,,3287,0,0,,3287,
1644418544,B54,1,0,,3287,0,0,,3287,
1644418544,B51,1,0,,3287,0,0,,3287,
1644418544,os4,1,0,,3287,0,0,,3287,
1644418544,in4,1,0,,3287,0,0,,3287,
1644418544,B33,1,0,,3287,0,0,,3287,
1644418544,in27,1,0,,3288,0,0,,3288,
1644418544,B14,1,0,,3288,0,0,,3288,
1644418544,B11,1,0,,3288,0,0,,3288,
1644418544,cn12,1,0,,3288,0,0,,3288,
1644418544,B54,1,0,,3288,0,0,,3288,
1644418544,B51,1,0,,3288,0,0,,3288,
1644418544,os4,1,0,,3288,0,0,,3288,
1644418544,in4,1,0,,3288,0,0,,3288,
1644418544,B33,1,0,,3288,0,0,,3288,
1644418544,in27,1,0,,3289,0,0,,3289,
1644418544,B14,1,0,,3289,0,0,,3289,
1644418544,B11,1,0,,3289,0,0,,3289,
1644418544,cn12,1,0,,3289,0,0,,3289,
1644418544,B54,1,0,,3289,0,0,,3289,
1644418544,B51,1,0,,3289,0,0,,3289,
1644418544,os4,1,0,,3289,0,0,,3289,
1644418544,in4,1,0,,3289,0,0,,3289,
1644418544,B33,1,0,,3289,0,0,,3289,
1644418544,in27,1,0,,3290,0,0,,3290,
1644418544,B14,1,0,,3290,0,0,,3290,
1644418544,B11,1,0,,3290,0,0,,3290,
1644418544,cn12,1,0,,3290,0,0,,3290,
1644418544,B54,1,0,,3290,0,0,,3290,
1644418544,B51,1,0,,3290,0,0,,3290,
1644418544,os4,1,0,,3290,0,0,,3290,
1644418544,in4,1,0,,3290,0,0,,3290,
1644418544,B33,1,0,,3290,0,0,,3290,
1644418544,in27,1,0,,3291,0,0,,3291,
1644418544,B14,1,0,,3291,0,0,,3291,
1644418544,B11,1,0,,3291,0,0,,3291,
1644418544,cn12,1,0,,3291,0,0,,3291,
1644418544,B54,1,0,,3291,0,0,,3291,
1644418544,B51,1,0,,3291,0,0,,3291,
1644418544,os4,1,0,,3291,0,0,,3291,
1644418544,in4,1,0,,3291,0,0,,3291,
1644418544,B33,1,0,,3291,0,0,,3291,
1644418544,in27,1,0,,3292,0,0,,3292,
1644418544,B14,1,0,,3292,0,0,,3292,
1644418544,B11,1,0,,3292,0,0,,3292,
1644418544,cn12,1,0,,3292,0,0,,3292,
1644418544,B54,1,0,,3292,0,0,,3292,
1644418544,B51,1,0,,3292,0,0,,3292,
1644418544,os4,1,0,,3292,0,0,,3292,
1644418544,in4,1,0,,3292,0,0,,3292,
1644418544,B33,1,0,,3292,0,0,,3292,
1644418544,in27,1,0,,3293,0,0,,3293,
1644418544,B14,1,0,,3293,0,0,,3293,
1644418544,B11,1,0,,3293,0,0,,3293,
1644418544,cn12,1,0,,3293,0,0,,3293,
1644418544,B54,1,0,,3293,0,0,,3293,
1644418544,B51,1,0,,3293,0,0,,3293,
1644418544,os4,1,0,,3293,0,0,,3293,
1644418544,in4,1,0,,3293,0,0,,3293,
1644418544,B33,1,0,,3293,0,0,,3293,
1644418544,in27,1,0,,3294,0,0,,3294,
1644418544,B14,1,0,,3294,0,0,,3294,
1644418544,B11,1,0,,3294,0,0,,3294,
1644418544,cn12,1,0,,3294,0,0,,3294,
1644418544,B54,1,0,,3294,0,0,,3294,
1644418544,B51,1,0,,3294,0,0,,3294,
1644418544,os4,1,0,,3294,0,0,,3294,
1644418544,in4,1,0,,3294,0,0,,3294,
1644418544,B33,1,0,,3294,0,0,,3294,
1644418544,in27,1,0,,3295,0,0,,3295,
1644418544,B14,1,0,,3295,0,0,,3295,
1644418544,B11,1,0,,3295,0,0,,3295,
1644418544,cn12,1,0,,3295,0,0,,3295,
1644418544,B54,1,0,,3295,0,0,,3295,
1644418544,B51,1,0,,3295,0,0,,3295,
1644418544,os4,1,0,,3295,0,0,,3295,
1644418544,in4,1,0,,3295,0,0,,3295,
1644418544,B33,1,0,,3295,0,0,,3295,
1644418545,in27,1,0,,3296,0,0,,3296,
1644418545,B14,1,0,,3296,0,0,,3296,
1644418545,B11,1,0,,3296,0,0,,3296,
1644418545,cn12,1,0,,3296,0,0,,3296,
1644418545,B54,1,0,,3296,0,0,,3296,
1644418545,B51,1,0,,3296,0,0,,3296,
1644418545,os4,1,0,,3296,0,0,,3296,
1644418545,in4,1,0,,3296,0,0,,3296,
1644418545,B33,1,0,,3296,0,0,,3296,
1644418545,in27,1,0,,3297,0,0,,3297,
1644418545,B14,1,0,,3297,0,0,,3297,
1644418545,B11,1,0,,3297,0,0,,3297,
1644418545,cn12,1,0,,3297,0,0,,3297,
1644418545,B54,1,0,,3297,0,0,,3297,
1644418545,B51,1,0,,3297,0,0,,3297,
1644418545,os4,1,0,,3297,0,0,,3297,
1644418545,in4,1,0,,3297,0,0,,3297,
1644418545,B33,1,0,,3297,0,0,,3297,
1644418545,in27,1,0,,3298,0,0,,3298,
1644418545,B14,1,0,,3298,0,0,,3298,
1644418545,B11,1,0,,3298,0,0,,3298,
1644418545,cn12,1,0,,3298,0,0,,3298,
1644418545,B54,1,0,,3298,0,0,,3298,
1644418545,B51,1,0,,3298,0,0,,3298,
1644418545,os4,1,0,,3298,0,0,,3298,
1644418545,in4,1,0,,3298,0,0,,3298,
1644418545,B33,1,0,,3298,0,0,,3298,
1644418545,in27,1,0,,3299,0,0,,3299,
1644418545,B14,1,0,,3299,0,0,,3299,
1644418545,B11,1,0,,3299,0,0,,3299,
1644418545,cn12,1,0,,3299,0,0,,3299,
1644418545,B54,1,0,,3299,0,0,,3299,
1644418545,B51,1,0,,3299,0,0,,3299,
1644418545,os4,1,0,,3299,0,0,,3299,
1644418545,in4,1,0,,3299,0,0,,3299,
1644418545,B33,1,0,,3299,0,0,,3299,
1644418545,in27,1,0,,3300,0,0,,3300,
1644418545,B14,1,0,,3300,0,0,,3300,
1644418545,B11,1,0,,3300,0,0,,3300,
1644418545,cn12,1,0,,3300,0,0,,3300,
1644418545,B54,1,0,,3300,0,0,,3300,
1644418545,B51,1,0,,3300,0,0,,3300,
1644418545,os4,1,0,,3300,0,0,,3300,
1644418545,in4,1,0,,3300,0,0,,3300,
1644418545,B33,1,0,,3300,0,0,,3300,
1644418545,in27,1,0,,3301,0,0,,3301,
1644418545,B14,1,0,,3301,0,0,,3301,
1644418545,B11,1,0,,3301,0,0,,3301,
1644418545,cn12,1,0,,3301,0,0,,3301,
1644418545,B54,1,0,,3301,0,0,,3301,
1644418545,B51,1,0,,3301,0,0,,3301,
1644418545,os4,1,0,,3301,0,0,,3301,
1644418545,in4,1,0,,3301,0,0,,3301,
1644418545,B33,1,0,,3301,0,0,,3301,
1644418545,in27,1,0,,3302,0,0,,3302,
1644418545,B14,1,0,,3302,0,0,,3302,
1644418545,B11,1,0,,3302,0,0,,3302,
1644418545,cn12,1,0,,3302,0,0,,3302,
1644418545,B54,1,0,,3302,0,0,,3302,
1644418545,B51,1,0,,3302,0,0,,3302,
1644418545,os4,1,0,,3302,0,0,,3302,
1644418545,in4,1,0,,3302,0,0,,3302,
1644418545,B33,1,0,,3302,0,0,,3302,
1644418545,in27,1,0,,3303,0,0,,3303,
1644418545,B14,1,0,,3303,0,0,,3303,
1644418545,B11,1,0,,3303,0,0,,3303,
1644418545,cn12,1,0,,3303,0,0,,3303,
1644418545,B54,1,0,,3303,0,0,,3303,
1644418545,B51,1,0,,3303,0,0,,3303,
1644418545,os4,1,0,,3303,0,0,,3303,
1644418545,in4,1,0,,3303,0,0,,3303,
1644418545,B33,1,0,,3303,0,0,,3303,
1644418546,in27,1,0,,3304,0,0,,3304,
1644418546,B14,1,0,,3304,0,0,,3304,
1644418546,B11,1,0,,3304,0,0,,3304,
1644418546,cn12,1,0,,3304,0,0,,3304,
1644418546,B54,1,0,,3304,0,0,,3304,
1644418546,B51,1,0,,3304,0,0,,3304,
1644418546,os4,1,0,,3304,0,0,,3304,
1644418546,in4,1,0,,3304,0,0,,3304,
1644418546,B33,1,1,job1063_scenario2_3303,3304,0,0,,3304,
1644418547,in27,1,0,,3305,0,0,,3305,
1644418547,B14,1,0,,3305,0,0,,3305,
1644418547,B11,1,0,,3305,0,0,,3305,
1644418547,cn12,1,0,,3305,0,0,,3305,
1644418547,B54,1,0,,3305,0,0,,3305,
1644418547,B51,1,0,,3305,0,0,,3305,
1644418547,os4,1,0,,3305,0,0,,3305,
1644418547,in4,1,0,,3305,0,0,,3305,
1644418547,B33,1,1,job1063_scenario2_3303,3305,0,0,,3305,
1644418547,in27,1,0,,3306,0,0,,3306,
1644418547,B14,1,0,,3306,0,0,,3306,
1644418547,B11,1,0,,3306,0,0,,3306,
1644418547,cn12,1,0,,3306,0,0,,3306,
1644418547,B54,1,0,,3306,0,0,,3306,
1644418547,B51,1,0,,3306,0,0,,3306,
1644418547,os4,1,0,,3306,0,0,,3306,
1644418547,in4,1,0,,3306,0,0,,3306,
1644418547,B33,1,1,job1063_scenario2_3303,3306,0,0,,3306,
1644418547,in27,1,0,,3307,0,0,,3307,
1644418547,B14,1,0,,3307,0,0,,3307,
1644418547,B11,1,0,,3307,0,0,,3307,
1644418547,cn12,1,0,,3307,0,0,,3307,
1644418547,B54,1,0,,3307,0,0,,3307,
1644418547,B51,1,0,,3307,0,0,,3307,
1644418547,os4,1,0,,3307,0,0,,3307,
1644418547,in4,1,0,,3307,0,0,,3307,
1644418547,B33,1,1,job1063_scenario2_3303,3307,0,0,,3307,
1644418547,in27,1,0,,3308,0,0,,3308,
1644418547,B14,1,0,,3308,0,0,,3308,
1644418547,B11,1,0,,3308,0,0,,3308,
1644418547,cn12,1,0,,3308,0,0,,3308,
1644418547,B54,1,0,,3308,0,0,,3308,
1644418547,B51,1,0,,3308,0,0,,3308,
1644418547,os4,1,0,,3308,0,0,,3308,
1644418547,in4,1,0,,3308,0,0,,3308,
1644418547,B33,1,1,job1063_scenario2_3303,3308,0,0,,3308,
1644418547,in27,1,0,,3309,0,0,,3309,
1644418547,B14,1,0,,3309,0,0,,3309,
1644418547,B11,1,0,,3309,0,0,,3309,
1644418547,cn12,1,0,,3309,0,0,,3309,
1644418547,B54,1,0,,3309,0,0,,3309,
1644418547,B51,1,0,,3309,0,0,,3309,
1644418547,os4,1,0,,3309,0,0,,3309,
1644418547,in4,1,0,,3309,0,0,,3309,
1644418547,B33,1,1,job1063_scenario2_3303,3309,0,0,,3309,
1644418547,in27,1,0,,3310,0,0,,3310,
1644418547,B14,1,0,,3310,0,0,,3310,
1644418547,B11,1,0,,3310,0,0,,3310,
1644418547,cn12,1,0,,3310,0,0,,3310,
1644418547,B54,1,0,,3310,0,0,,3310,
1644418547,B51,1,0,,3310,0,0,,3310,
1644418547,os4,1,0,,3310,0,0,,3310,
1644418547,in4,1,0,,3310,0,0,,3310,
1644418547,B33,1,0,,3310,0,0,,3310,
1644418548,in27,1,0,,3311,0,0,,3311,
1644418548,B14,1,0,,3311,0,0,,3311,
1644418548,B11,1,1,job1064_scenario3_3308,3311,0,0,,3311,
1644418548,cn12,1,0,,3311,0,0,,3311,
1644418548,B54,1,0,,3311,0,0,,3311,
1644418548,B51,1,0,,3311,0,0,,3311,
1644418548,os4,1,0,,3311,0,0,,3311,
1644418548,in4,1,0,,3311,0,0,,3311,
1644418548,B33,1,0,,3311,0,0,,3311,
1644418548,in27,1,0,,3312,0,0,,3312,
1644418548,B14,1,0,,3312,0,0,,3312,
1644418548,B11,1,1,job1064_scenario3_3308,3312,0,0,,3312,
1644418548,cn12,1,0,,3312,0,0,,3312,
1644418548,B54,1,0,,3312,0,0,,3312,
1644418548,B51,1,0,,3312,0,0,,3312,
1644418548,os4,1,0,,3312,0,0,,3312,
1644418548,in4,1,0,,3312,0,0,,3312,
1644418548,B33,1,0,,3312,0,0,,3312,
1644418548,in27,1,0,,3313,0,0,,3313,
1644418548,B14,1,0,,3313,0,0,,3313,
1644418548,B11,1,1,job1064_scenario3_3308,3313,0,0,,3313,
1644418548,cn12,1,0,,3313,0,0,,3313,
1644418548,B54,1,0,,3313,0,0,,3313,
1644418548,B51,1,0,,3313,0,0,,3313,
1644418548,os4,1,0,,3313,0,0,,3313,
1644418548,in4,1,0,,3313,0,0,,3313,
1644418548,B33,1,0,,3313,0,0,,3313,
1644418548,in27,1,0,,3314,0,0,,3314,
1644418548,B14,1,0,,3314,0,0,,3314,
1644418548,B11,1,0,,3314,0,0,,3314,
1644418548,cn12,1,0,,3314,0,0,,3314,
1644418548,B54,1,0,,3314,0,0,,3314,
1644418548,B51,1,0,,3314,0,0,,3314,
1644418548,os4,1,0,,3314,0,0,,3314,
1644418548,in4,1,0,,3314,0,0,,3314,
1644418548,B33,1,0,,3314,0,0,,3314,
1644418548,in27,1,0,,3315,0,0,,3315,
1644418548,B14,1,0,,3315,0,0,,3315,
1644418548,B11,1,0,,3315,0,0,,3315,
1644418548,cn12,1,0,,3315,0,0,,3315,
1644418548,B54,1,0,,3315,0,0,,3315,
1644418549,B51,1,0,,3315,0,0,,3315,
1644418549,os4,1,0,,3315,0,0,,3315,
1644418549,in4,1,0,,3315,0,0,,3315,
1644418549,B33,1,0,,3315,0,0,,3315,
1644418549,in27,1,0,,3316,0,0,,3316,
1644418549,B14,1,0,,3316,0,0,,3316,
1644418549,B11,1,0,,3316,0,0,,3316,
1644418549,cn12,1,0,,3316,0,0,,3316,
1644418549,B54,1,0,,3316,0,0,,3316,
1644418549,B51,1,0,,3316,0,0,,3316,
1644418549,os4,1,0,,3316,0,0,,3316,
1644418549,in4,1,0,,3316,0,0,,3316,
1644418549,B33,1,0,,3316,0,0,,3316,
1644418549,in27,1,0,,3317,0,0,,3317,
1644418549,B14,1,0,,3317,0,0,,3317,
1644418549,B11,1,0,,3317,0,0,,3317,
1644418549,cn12,1,0,,3317,0,0,,3317,
1644418549,B54,1,0,,3317,0,0,,3317,
1644418549,B51,1,0,,3317,0,0,,3317,
1644418549,os4,1,0,,3317,0,0,,3317,
1644418549,in4,1,0,,3317,0,0,,3317,
1644418549,B33,1,0,,3317,0,0,,3317,
1644418550,in27,1,0,,3318,0,0,,3318,
1644418550,B14,1,0,,3318,0,0,,3318,
1644418550,B11,1,0,,3318,0,0,,3318,
1644418550,cn12,1,0,,3318,0,0,,3318,
1644418550,B54,1,1,job1062_scenario0_3297,3318,0,0,,3318,
1644418550,B51,1,0,,3318,0,0,,3318,
1644418550,os4,1,0,,3318,0,0,,3318,
1644418550,in4,1,0,,3318,0,0,,3318,
1644418550,B33,1,0,,3318,0,0,,3318,
1644418551,in27,1,0,,3319,0,0,,3319,
1644418551,B14,1,0,,3319,0,0,,3319,
1644418551,B11,1,0,,3319,0,0,,3319,
1644418551,cn12,1,0,,3319,0,0,,3319,
1644418551,B54,1,1,job1062_scenario0_3297,3319,0,0,,3319,
1644418551,B51,1,0,,3319,0,0,,3319,
1644418551,os4,1,0,,3319,0,0,,3319,
1644418551,in4,1,0,,3319,0,0,,3319,
1644418551,B33,1,0,,3319,0,0,,3319,
1644418551,in27,1,0,,3320,0,0,,3320,
1644418551,B14,1,0,,3320,0,0,,3320,
1644418551,B11,1,0,,3320,0,0,,3320,
1644418551,cn12,1,0,,3320,0,0,,3320,
1644418551,B54,1,1,job1062_scenario0_3297,3320,0,0,,3320,
1644418551,B51,1,0,,3320,0,0,,3320,
1644418551,os4,1,0,,3320,0,0,,3320,
1644418551,in4,1,0,,3320,0,0,,3320,
1644418551,B33,1,0,,3320,0,0,,3320,
1644418551,in27,1,0,,3321,0,0,,3321,
1644418551,B14,1,0,,3321,0,0,,3321,
1644418551,B11,1,0,,3321,0,0,,3321,
1644418551,cn12,1,0,,3321,0,0,,3321,
1644418551,B54,1,1,job1062_scenario0_3297,3321,0,0,,3321,
1644418551,B51,1,0,,3321,0,0,,3321,
1644418551,os4,1,0,,3321,0,0,,3321,
1644418551,in4,1,0,,3321,0,0,,3321,
1644418551,B33,1,0,,3321,0,0,,3321,
1644418551,in27,1,0,,3322,0,0,,3322,
1644418551,B14,1,0,,3322,0,0,,3322,
1644418551,B11,1,0,,3322,0,0,,3322,
1644418551,cn12,1,0,,3322,0,0,,3322,
1644418551,B54,1,1,job1062_scenario0_3297,3322,0,0,,3322,
1644418551,B51,1,0,,3322,0,0,,3322,
1644418551,os4,1,0,,3322,0,0,,3322,
1644418551,in4,1,0,,3322,0,0,,3322,
1644418551,B33,1,0,,3322,0,0,,3322,
1644418551,in27,1,0,,3323,0,0,,3323,
1644418551,B14,1,0,,3323,0,0,,3323,
1644418551,B11,1,0,,3323,0,0,,3323,
1644418551,cn12,1,0,,3323,0,0,,3323,
1644418551,B54,1,1,job1062_scenario0_3297,3323,0,0,,3323,
1644418551,B51,1,0,,3323,0,0,,3323,
1644418551,os4,1,0,,3323,0,0,,3323,
1644418551,in4,1,0,,3323,0,0,,3323,
1644418551,B33,1,0,,3323,0,0,,3323,
1644418551,in27,1,0,,3324,0,0,,3324,
1644418551,B14,1,0,,3324,0,0,,3324,
1644418551,B11,1,0,,3324,0,0,,3324,
1644418551,cn12,1,0,,3324,0,0,,3324,
1644418551,B54,1,1,job1062_scenario0_3297,3324,0,0,,3324,
1644418551,B51,1,0,,3324,0,0,,3324,
1644418551,os4,1,0,,3324,0,0,,3324,
1644418551,in4,1,0,,3324,0,0,,3324,
1644418551,B33,1,0,,3324,0,0,,3324,
1644418551,in27,1,0,,3325,0,0,,3325,
1644418551,B14,1,0,,3325,0,0,,3325,
1644418551,B11,1,0,,3325,0,0,,3325,
1644418551,cn12,1,0,,3325,0,0,,3325,
1644418551,B54,1,1,job1062_scenario0_3297,3325,0,0,,3325,
1644418551,B51,1,0,,3325,0,0,,3325,
1644418551,os4,1,0,,3325,0,0,,3325,
1644418551,in4,1,0,,3325,0,0,,3325,
1644418551,B33,1,0,,3325,0,0,,3325,
1644418551,in27,1,0,,3326,0,0,,3326,
1644418551,B14,1,0,,3326,0,0,,3326,
1644418551,B11,1,0,,3326,0,0,,3326,
1644418552,cn12,1,0,,3326,0,0,,3326,
1644418552,B54,1,1,job1062_scenario0_3297,3326,0,0,,3326,
1644418552,B51,1,0,,3326,0,0,,3326,
1644418552,os4,1,0,,3326,0,0,,3326,
1644418552,in4,1,0,,3326,0,0,,3326,
1644418552,B33,1,0,,3326,0,0,,3326,
1644418552,in27,1,0,,3327,0,0,,3327,
1644418552,B14,1,0,,3327,0,0,,3327,
1644418552,B11,1,0,,3327,0,0,,3327,
1644418552,cn12,1,0,,3327,0,0,,3327,
1644418552,B54,1,1,job1062_scenario0_3297,3327,0,0,,3327,
1644418552,B51,1,0,,3327,0,0,,3327,
1644418552,os4,1,0,,3327,0,0,,3327,
1644418552,in4,1,0,,3327,0,0,,3327,
1644418552,B33,1,1,job1068_scenario2_3326,3327,0,0,,3327,
1644418552,in27,1,0,,3328,0,0,,3328,
1644418552,B14,1,0,,3328,0,0,,3328,
1644418552,B11,1,0,,3328,0,0,,3328,
1644418552,cn12,1,0,,3328,0,0,,3328,
1644418553,B54,1,1,job1062_scenario0_3297,3328,0,0,,3328,
1644418553,B51,1,0,,3328,0,0,,3328,
1644418553,os4,1,0,,3328,0,0,,3328,
1644418553,in4,1,0,,3328,0,0,,3328,
1644418553,B33,1,1,job1068_scenario2_3326,3328,0,0,,3328,
1644418553,in27,1,0,,3329,0,0,,3329,
1644418553,B14,1,0,,3329,0,0,,3329,
1644418553,B11,1,0,,3329,0,0,,3329,
1644418553,cn12,1,0,,3329,0,0,,3329,
1644418553,B54,1,1,job1062_scenario0_3297,3329,0,0,,3329,
1644418553,B51,1,0,,3329,0,0,,3329,
1644418553,os4,1,0,,3329,0,0,,3329,
1644418553,in4,1,0,,3329,0,0,,3329,
1644418553,B33,1,1,job1068_scenario2_3326,3329,0,0,,3329,
1644418553,in27,1,0,,3330,0,0,,3330,
1644418553,B14,1,0,,3330,0,0,,3330,
1644418553,B11,1,0,,3330,0,0,,3330,
1644418553,cn12,1,0,,3330,0,0,,3330,
1644418553,B54,1,1,job1062_scenario0_3297,3330,0,0,,3330,
1644418553,B51,1,0,,3330,0,0,,3330,
1644418553,os4,1,0,,3330,0,0,,3330,
1644418553,in4,1,0,,3330,0,0,,3330,
1644418553,B33,1,1,job1068_scenario2_3326,3330,0,0,,3330,
1644418553,in27,1,0,,3331,0,0,,3331,
1644418553,B14,1,0,,3331,0,0,,3331,
1644418553,B11,1,0,,3331,0,0,,3331,
1644418553,cn12,1,0,,3331,0,0,,3331,
1644418553,B54,1,1,job1062_scenario0_3297,3331,0,0,,3331,
1644418553,B51,1,0,,3331,0,0,,3331,
1644418553,os4,1,0,,3331,0,0,,3331,
1644418553,in4,1,0,,3331,0,0,,3331,
1644418553,B33,1,0,,3331,0,0,,3331,
1644418553,in27,1,0,,3332,0,0,,3332,
1644418553,B14,1,0,,3332,0,0,,3332,
1644418553,B11,1,0,,3332,0,0,,3332,
1644418553,cn12,1,0,,3332,0,0,,3332,
1644418553,B54,1,0,,3332,0,0,,3332,
1644418553,B51,1,0,,3332,0,0,,3332,
1644418553,os4,1,0,,3332,0,0,,3332,
1644418553,in4,1,0,,3332,0,0,,3332,
1644418553,B33,1,0,,3332,0,0,,3332,
1644418553,in27,1,0,,3333,0,0,,3333,
1644418553,B14,1,0,,3333,0,0,,3333,
1644418553,B11,1,0,,3333,0,0,,3333,
1644418553,cn12,1,0,,3333,0,0,,3333,
1644418553,B54,1,0,,3333,0,0,,3333,
1644418553,B51,1,0,,3333,0,0,,3333,
1644418553,os4,1,0,,3333,0,0,,3333,
1644418553,in4,1,0,,3333,0,0,,3333,
1644418553,B33,1,0,,3333,0,0,,3333,
1644418553,in27,1,0,,3334,0,0,,3334,
1644418553,B14,1,0,,3334,0,0,,3334,
1644418553,B11,1,0,,3334,0,0,,3334,
1644418553,cn12,1,0,,3334,0,0,,3334,
1644418553,B54,1,0,,3334,0,0,,3334,
1644418553,B51,1,0,,3334,0,0,,3334,
1644418553,os4,1,0,,3334,0,0,,3334,
1644418553,in4,1,0,,3334,0,0,,3334,
1644418553,B33,1,0,,3334,0,0,,3334,
1644418553,in27,1,0,,3335,0,0,,3335,
1644418553,B14,1,0,,3335,0,0,,3335,
1644418553,B11,1,0,,3335,0,0,,3335,
1644418553,cn12,1,0,,3335,0,0,,3335,
1644418553,B54,1,0,,3335,0,0,,3335,
1644418553,B51,1,0,,3335,0,0,,3335,
1644418553,os4,1,0,,3335,0,0,,3335,
1644418553,in4,1,0,,3335,0,0,,3335,
1644418553,B33,1,0,,3335,0,0,,3335,
1644418553,in27,1,0,,3336,0,0,,3336,
1644418553,B14,1,0,,3336,0,0,,3336,
1644418553,B11,1,0,,3336,0,0,,3336,
1644418553,cn12,1,0,,3336,0,0,,3336,
1644418553,B54,1,0,,3336,0,0,,3336,
1644418553,B51,1,0,,3336,0,0,,3336,
1644418553,os4,1,0,,3336,0,0,,3336,
1644418553,in4,1,0,,3336,0,0,,3336,
1644418553,B33,1,0,,3336,0,0,,3336,
1644418553,in27,1,0,,3337,0,0,,3337,
1644418553,B14,1,0,,3337,0,0,,3337,
1644418553,B11,1,0,,3337,0,0,,3337,
1644418553,cn12,1,0,,3337,0,0,,3337,
1644418553,B54,1,0,,3337,0,0,,3337,
1644418553,B51,1,0,,3337,0,0,,3337,
1644418553,os4,1,0,,3337,0,0,,3337,
1644418553,in4,1,0,,3337,0,0,,3337,
1644418553,B33,1,0,,3337,0,0,,3337,
1644418553,in27,1,0,,3338,0,0,,3338,
1644418553,B14,1,0,,3338,0,0,,3338,
1644418553,B11,1,0,,3338,0,0,,3338,
1644418553,cn12,1,0,,3338,0,0,,3338,
1644418553,B54,1,0,,3338,0,0,,3338,
1644418553,B51,1,0,,3338,0,0,,3338,
1644418553,os4,1,0,,3338,0,0,,3338,
1644418553,in4,1,0,,3338,0,0,,3338,
1644418553,B33,1,0,,3338,0,0,,3338,
1644418553,in27,1,0,,3339,0,0,,3339,
1644418553,B14,1,0,,3339,0,0,,3339,
1644418553,B11,1,0,,3339,0,0,,3339,
1644418553,cn12,1,0,,3339,0,0,,3339,
1644418553,B54,1,0,,3339,0,0,,3339,
1644418553,B51,1,0,,3339,0,0,,3339,
1644418553,os4,1,0,,3339,0,0,,3339,
1644418553,in4,1,0,,3339,0,0,,3339,
1644418553,B33,1,0,,3339,0,0,,3339,
1644418553,in27,1,0,,3340,0,0,,3340,
1644418553,B14,1,0,,3340,0,0,,3340,
1644418553,B11,1,0,,3340,0,0,,3340,
1644418553,cn12,1,0,,3340,0,0,,3340,
1644418553,B54,1,0,,3340,0,0,,3340,
1644418553,B51,1,0,,3340,0,0,,3340,
1644418553,os4,1,0,,3340,0,0,,3340,
1644418553,in4,1,0,,3340,0,0,,3340,
1644418553,B33,1,0,,3340,0,0,,3340,
1644418553,in27,1,0,,3341,0,0,,3341,
1644418553,B14,1,0,,3341,0,0,,3341,
1644418553,B11,1,0,,3341,0,0,,3341,
1644418553,cn12,1,0,,3341,0,0,,3341,
1644418553,B54,1,0,,3341,0,0,,3341,
1644418553,B51,1,0,,3341,0,0,,3341,
1644418553,os4,1,0,,3341,0,0,,3341,
1644418553,in4,1,0,,3341,0,0,,3341,
1644418553,B33,1,0,,3341,0,0,,3341,
1644418553,in27,1,0,,3342,0,0,,3342,
1644418553,B14,1,0,,3342,0,0,,3342,
1644418553,B11,1,0,,3342,0,0,,3342,
1644418553,cn12,1,0,,3342,0,0,,3342,
1644418553,B54,1,0,,3342,0,0,,3342,
1644418553,B51,1,0,,3342,0,0,,3342,
1644418553,os4,1,0,,3342,0,0,,3342,
1644418553,in4,1,0,,3342,0,0,,3342,
1644418553,B33,1,0,,3342,0,0,,3342,
1644418553,in27,1,0,,3343,0,0,,3343,
1644418553,B14,1,0,,3343,0,0,,3343,
1644418553,B11,1,0,,3343,0,0,,3343,
1644418553,cn12,1,0,,3343,0,0,,3343,
1644418553,B54,1,0,,3343,0,0,,3343,
1644418553,B51,1,0,,3343,0,0,,3343,
1644418553,os4,1,0,,3343,0,0,,3343,
1644418553,in4,1,0,,3343,0,0,,3343,
1644418553,B33,1,0,,3343,0,0,,3343,
1644418553,in27,1,0,,3344,0,0,,3344,
1644418553,B14,1,0,,3344,0,0,,3344,
1644418553,B11,1,0,,3344,0,0,,3344,
1644418553,cn12,1,0,,3344,0,0,,3344,
1644418553,B54,1,0,,3344,0,0,,3344,
1644418553,B51,1,0,,3344,0,0,,3344,
1644418553,os4,1,0,,3344,0,0,,3344,
1644418553,in4,1,0,,3344,0,0,,3344,
1644418553,B33,1,0,,3344,0,0,,3344,
1644418553,in27,1,0,,3345,0,0,,3345,
1644418553,B14,1,0,,3345,0,0,,3345,
1644418553,B11,1,0,,3345,0,0,,3345,
1644418553,cn12,1,0,,3345,0,0,,3345,
1644418553,B54,1,0,,3345,0,0,,3345,
1644418553,B51,1,0,,3345,0,0,,3345,
1644418553,os4,1,0,,3345,0,0,,3345,
1644418553,in4,1,0,,3345,0,0,,3345,
1644418553,B33,1,0,,3345,0,0,,3345,
1644418553,in27,1,0,,3346,0,0,,3346,
1644418553,B14,1,0,,3346,0,0,,3346,
1644418553,B11,1,0,,3346,0,0,,3346,
1644418553,cn12,1,0,,3346,0,0,,3346,
1644418553,B54,1,0,,3346,0,0,,3346,
1644418553,B51,1,0,,3346,0,0,,3346,
1644418553,os4,1,0,,3346,0,0,,3346,
1644418553,in4,1,0,,3346,0,0,,3346,
1644418553,B33,1,0,,3346,0,0,,3346,
1644418553,in27,1,0,,3347,0,0,,3347,
1644418554,B14,1,0,,3347,0,0,,3347,
1644418554,B11,1,0,,3347,0,0,,3347,
1644418554,cn12,1,0,,3347,0,0,,3347,
1644418554,B54,1,0,,3347,0,0,,3347,
1644418554,B51,1,0,,3347,0,0,,3347,
1644418554,os4,1,0,,3347,0,0,,3347,
1644418554,in4,1,0,,3347,0,0,,3347,
1644418554,B33,1,0,,3347,0,0,,3347,
1644418554,in27,1,0,,3348,0,0,,3348,
1644418554,B14,1,0,,3348,0,0,,3348,
1644418554,B11,1,0,,3348,0,0,,3348,
1644418554,cn12,1,0,,3348,0,0,,3348,
1644418554,B54,1,0,,3348,0,0,,3348,
1644418554,B51,1,0,,3348,0,0,,3348,
1644418554,os4,1,0,,3348,0,0,,3348,
1644418554,in4,1,0,,3348,0,0,,3348,
1644418554,B33,1,0,,3348,0,0,,3348,
1644418554,in27,1,0,,3349,0,0,,3349,
1644418554,B14,1,0,,3349,0,0,,3349,
1644418554,B11,1,0,,3349,0,0,,3349,
1644418554,cn12,1,0,,3349,0,0,,3349,
1644418554,B54,1,0,,3349,0,0,,3349,
1644418554,B51,1,0,,3349,0,0,,3349,
1644418554,os4,1,0,,3349,0,0,,3349,
1644418554,in4,1,0,,3349,0,0,,3349,
1644418554,B33,1,0,,3349,0,0,,3349,
1644418554,in27,1,0,,3350,0,0,,3350,
1644418554,B14,1,0,,3350,0,0,,3350,
1644418554,B11,1,0,,3350,0,0,,3350,
1644418554,cn12,1,0,,3350,0,0,,3350,
1644418554,B54,1,0,,3350,0,0,,3350,
1644418554,B51,1,0,,3350,0,0,,3350,
1644418554,os4,1,0,,3350,0,0,,3350,
1644418554,in4,1,0,,3350,0,0,,3350,
1644418554,B33,1,0,,3350,0,0,,3350,
1644418554,in27,1,0,,3351,0,0,,3351,
1644418554,B14,1,0,,3351,0,0,,3351,
1644418554,B11,1,0,,3351,0,0,,3351,
1644418554,cn12,1,0,,3351,0,0,,3351,
1644418554,B54,1,0,,3351,0,0,,3351,
1644418554,B51,1,0,,3351,0,0,,3351,
1644418554,os4,1,0,,3351,0,0,,3351,
1644418554,in4,1,0,,3351,0,0,,3351,
1644418554,B33,1,0,,3351,0,0,,3351,
1644418554,in27,1,0,,3352,0,0,,3352,
1644418554,B14,1,0,,3352,0,0,,3352,
1644418554,B11,1,0,,3352,0,0,,3352,
1644418554,cn12,1,0,,3352,0,0,,3352,
1644418554,B54,1,0,,3352,0,0,,3352,
1644418554,B51,1,0,,3352,0,0,,3352,
1644418554,os4,1,0,,3352,0,0,,3352,
1644418554,in4,1,0,,3352,0,0,,3352,
1644418554,B33,1,0,,3352,0,0,,3352,
1644418554,in27,1,0,,3353,0,0,,3353,
1644418554,B14,1,0,,3353,0,0,,3353,
1644418554,B11,1,0,,3353,0,0,,3353,
1644418554,cn12,1,0,,3353,0,0,,3353,
1644418554,B54,1,0,,3353,0,0,,3353,
1644418554,B51,1,0,,3353,0,0,,3353,
1644418554,os4,1,0,,3353,0,0,,3353,
1644418554,in4,1,0,,3353,0,0,,3353,
1644418554,B33,1,0,,3353,0,0,,3353,
1644418555,in27,1,0,,3354,0,0,,3354,
1644418555,B14,1,0,,3354,0,0,,3354,
1644418555,B11,1,0,,3354,0,0,,3354,
1644418555,cn12,1,0,,3354,0,0,,3354,
1644418555,B54,1,1,job1066_scenario0_3320,3354,0,0,,3354,
1644418555,B51,1,0,,3354,0,0,,3354,
1644418555,os4,1,0,,3354,0,0,,3354,
1644418555,in4,1,0,,3354,0,0,,3354,
1644418555,B33,1,0,,3354,0,0,,3354,
1644418555,in27,1,0,,3355,0,0,,3355,
1644418555,B14,1,0,,3355,0,0,,3355,
1644418555,B11,1,0,,3355,0,0,,3355,
1644418555,cn12,1,0,,3355,0,0,,3355,
1644418555,B54,1,1,job1066_scenario0_3320,3355,0,0,,3355,
1644418555,B51,1,0,,3355,0,0,,3355,
1644418555,os4,1,0,,3355,0,0,,3355,
1644418555,in4,1,0,,3355,0,0,,3355,
1644418555,B33,1,0,,3355,0,0,,3355,
1644418555,in27,1,0,,3356,0,0,,3356,
1644418555,B14,1,0,,3356,0,0,,3356,
1644418555,B11,1,0,,3356,0,0,,3356,
1644418555,cn12,1,0,,3356,0,0,,3356,
1644418555,B54,1,1,job1066_scenario0_3320,3356,0,0,,3356,
1644418555,B51,1,0,,3356,0,0,,3356,
1644418555,os4,1,0,,3356,0,0,,3356,
1644418555,in4,1,0,,3356,0,0,,3356,
1644418555,B33,1,0,,3356,0,0,,3356,
1644418555,in27,1,0,,3357,0,0,,3357,
1644418555,B14,1,0,,3357,0,0,,3357,
1644418555,B11,1,0,,3357,0,0,,3357,
1644418555,cn12,1,0,,3357,0,0,,3357,
1644418555,B54,1,1,job1066_scenario0_3320,3357,0,0,,3357,
1644418555,B51,1,0,,3357,0,0,,3357,
1644418555,os4,1,0,,3357,0,0,,3357,
1644418555,in4,1,0,,3357,0,0,,3357,
1644418555,B33,1,0,,3357,0,0,,3357,
1644418555,in27,1,0,,3358,0,0,,3358,
1644418555,B14,1,0,,3358,0,0,,3358,
1644418555,B11,1,0,,3358,0,0,,3358,
1644418555,cn12,1,0,,3358,0,0,,3358,
1644418555,B54,1,1,job1066_scenario0_3320,3358,0,0,,3358,
1644418555,B51,1,0,,3358,0,0,,3358,
1644418555,os4,1,0,,3358,0,0,,3358,
1644418555,in4,1,0,,3358,0,0,,3358,
1644418555,B33,1,0,,3358,0,0,,3358,
1644418555,in27,1,0,,3359,0,0,,3359,
1644418555,B14,1,0,,3359,0,0,,3359,
1644418555,B11,1,0,,3359,0,0,,3359,
1644418555,cn12,1,0,,3359,0,0,,3359,
1644418555,B54,1,1,job1066_scenario0_3320,3359,0,0,,3359,
1644418555,B51,1,0,,3359,0,0,,3359,
1644418555,os4,1,0,,3359,0,0,,3359,
1644418555,in4,1,0,,3359,0,0,,3359,
1644418555,B33,1,0,,3359,0,0,,3359,
1644418555,in27,1,0,,3360,0,0,,3360,
1644418555,B14,1,0,,3360,0,0,,3360,
1644418556,B11,1,0,,3360,0,0,,3360,
1644418556,cn12,1,0,,3360,0,0,,3360,
1644418556,B54,1,1,job1066_scenario0_3320,3360,0,0,,3360,
1644418556,B51,1,0,,3360,0,0,,3360,
1644418556,os4,1,0,,3360,0,0,,3360,
1644418556,in4,1,0,,3360,0,0,,3360,
1644418556,B33,1,0,,3360,0,0,,3360,
1644418556,in27,1,0,,3361,0,0,,3361,
1644418556,B14,1,0,,3361,0,0,,3361,
1644418556,B11,1,0,,3361,0,0,,3361,
1644418556,cn12,1,0,,3361,0,0,,3361,
1644418556,B54,1,1,job1066_scenario0_3320,3361,0,0,,3361,
1644418556,B51,1,0,,3361,0,0,,3361,
1644418556,os4,1,0,,3361,0,0,,3361,
1644418556,in4,1,0,,3361,0,0,,3361,
1644418556,B33,1,0,,3361,0,0,,3361,
1644418556,in27,1,0,,3362,0,0,,3362,
1644418556,B14,1,0,,3362,0,0,,3362,
1644418556,B11,1,0,,3362,0,0,,3362,
1644418556,cn12,1,0,,3362,0,0,,3362,
1644418556,B54,1,1,job1066_scenario0_3320,3362,0,0,,3362,
1644418556,B51,1,0,,3362,0,0,,3362,
1644418556,os4,1,0,,3362,0,0,,3362,
1644418556,in4,1,0,,3362,0,0,,3362,
1644418556,B33,1,0,,3362,0,0,,3362,
1644418556,in27,1,0,,3363,0,0,,3363,
1644418556,B14,1,0,,3363,0,0,,3363,
1644418556,B11,1,0,,3363,0,0,,3363,
1644418556,cn12,1,0,,3363,0,0,,3363,
1644418556,B54,1,0,,3363,0,0,,3363,
1644418556,B51,1,0,,3363,0,0,,3363,
1644418556,os4,1,0,,3363,0,0,,3363,
1644418556,in4,1,0,,3363,0,0,,3363,
1644418556,B33,1,0,,3363,0,0,,3363,
1644418556,in27,1,0,,3364,0,0,,3364,
1644418556,B14,1,0,,3364,0,0,,3364,
1644418556,B11,1,0,,3364,0,0,,3364,
1644418556,cn12,1,0,,3364,0,0,,3364,
1644418556,B54,1,0,,3364,0,0,,3364,
1644418556,B51,1,0,,3364,0,0,,3364,
1644418556,os4,1,0,,3364,0,0,,3364,
1644418556,in4,1,0,,3364,0,0,,3364,
1644418556,B33,1,0,,3364,0,0,,3364,
1644418556,in27,1,0,,3365,0,0,,3365,
1644418556,B14,1,0,,3365,0,0,,3365,
1644418556,B11,1,0,,3365,0,0,,3365,
1644418556,cn12,1,0,,3365,0,0,,3365,
1644418556,B54,1,0,,3365,0,0,,3365,
1644418556,B51,1,0,,3365,0,0,,3365,
1644418556,os4,1,0,,3365,0,0,,3365,
1644418556,in4,1,0,,3365,0,0,,3365,
1644418556,B33,1,0,,3365,0,0,,3365,
1644418557,in27,1,0,,3366,0,0,,3366,
1644418557,B14,1,0,,3366,0,0,,3366,
1644418557,B11,1,1,job1069_scenario3_3363,3366,0,0,,3366,
1644418557,cn12,1,0,,3366,0,0,,3366,
1644418557,B54,1,0,,3366,0,0,,3366,
1644418557,B51,1,0,,3366,0,0,,3366,
1644418557,os4,1,0,,3366,0,0,,3366,
1644418557,in4,1,0,,3366,0,0,,3366,
1644418557,B33,1,0,,3366,0,0,,3366,
1644418557,in27,1,0,,3367,0,0,,3367,
1644418557,B14,1,0,,3367,0,0,,3367,
1644418557,B11,1,1,job1069_scenario3_3363,3367,0,0,,3367,
1644418557,cn12,1,0,,3367,0,0,,3367,
1644418557,B54,1,0,,3367,0,0,,3367,
1644418557,B51,1,0,,3367,0,0,,3367,
1644418557,os4,1,0,,3367,0,0,,3367,
1644418557,in4,1,0,,3367,0,0,,3367,
1644418557,B33,1,0,,3367,0,0,,3367,
1644418557,in27,1,0,,3368,0,0,,3368,
1644418557,B14,1,0,,3368,0,0,,3368,
1644418557,B11,1,1,job1069_scenario3_3363,3368,0,0,,3368,
1644418557,cn12,1,0,,3368,0,0,,3368,
1644418557,B54,1,0,,3368,0,0,,3368,
1644418557,B51,1,0,,3368,0,0,,3368,
1644418557,os4,1,0,,3368,0,0,,3368,
1644418557,in4,1,0,,3368,0,0,,3368,
1644418557,B33,1,0,,3368,0,0,,3368,
1644418557,in27,1,0,,3369,0,0,,3369,
1644418557,B14,1,0,,3369,0,0,,3369,
1644418557,B11,1,1,job1069_scenario3_3363,3369,0,0,,3369,
1644418557,cn12,1,0,,3369,0,0,,3369,
1644418557,B54,1,0,,3369,0,0,,3369,
1644418557,B51,1,0,,3369,0,0,,3369,
1644418557,os4,1,0,,3369,0,0,,3369,
1644418557,in4,1,0,,3369,0,0,,3369,
1644418557,B33,1,0,,3369,0,0,,3369,
1644418558,in27,1,0,,3370,0,0,,3370,
1644418558,B14,1,0,,3370,0,0,,3370,
1644418558,B11,1,0,,3370,0,0,,3370,
1644418558,cn12,1,0,,3370,0,0,,3370,
1644418558,B54,1,1,job1070_scenario1_3368,3370,0,0,,3370,
1644418558,B51,1,0,,3370,0,0,,3370,
1644418558,os4,1,0,,3370,0,0,,3370,
1644418558,in4,1,0,,3370,0,0,,3370,
1644418558,B33,1,0,,3370,0,0,,3370,
1644418558,in27,1,0,,3371,0,0,,3371,
1644418558,B14,1,0,,3371,0,0,,3371,
1644418558,B11,1,0,,3371,0,0,,3371,
1644418558,cn12,1,0,,3371,0,0,,3371,
1644418558,B54,1,1,job1070_scenario1_3368,3371,0,0,,3371,
1644418558,B51,1,0,,3371,0,0,,3371,
1644418558,os4,1,0,,3371,0,0,,3371,
1644418558,in4,1,0,,3371,0,0,,3371,
1644418558,B33,1,0,,3371,0,0,,3371,
1644418558,in27,1,0,,3372,0,0,,3372,
1644418558,B14,1,0,,3372,0,0,,3372,
1644418558,B11,1,0,,3372,0,0,,3372,
1644418558,cn12,1,0,,3372,0,0,,3372,
1644418558,B54,1,1,job1070_scenario1_3368,3372,0,0,,3372,
1644418558,B51,1,0,,3372,0,0,,3372,
1644418558,os4,1,0,,3372,0,0,,3372,
1644418558,in4,1,0,,3372,0,0,,3372,
1644418558,B33,1,0,,3372,0,0,,3372,
1644418558,in27,1,0,,3373,0,0,,3373,
1644418558,B14,1,0,,3373,0,0,,3373,
1644418558,B11,1,0,,3373,0,0,,3373,
1644418558,cn12,1,0,,3373,0,0,,3373,
1644418559,B54,1,1,job1070_scenario1_3368,3373,0,0,,3373,
1644418559,B51,1,0,,3373,0,0,,3373,
1644418559,os4,1,0,,3373,0,0,,3373,
1644418559,in4,1,0,,3373,0,0,,3373,
1644418559,B33,1,0,,3373,0,0,,3373,
1644418559,in27,1,0,,3374,0,0,,3374,
1644418559,B14,1,0,,3374,0,0,,3374,
1644418559,B11,1,0,,3374,0,0,,3374,
1644418559,cn12,1,0,,3374,0,0,,3374,
1644418559,B54,1,1,job1070_scenario1_3368,3374,0,0,,3374,
1644418559,B51,1,0,,3374,0,0,,3374,
1644418559,os4,1,0,,3374,0,0,,3374,
1644418559,in4,1,0,,3374,0,0,,3374,
1644418559,B33,1,0,,3374,0,0,,3374,
1644418559,in27,1,0,,3375,0,0,,3375,
1644418559,B14,1,0,,3375,0,0,,3375,
1644418559,B11,1,0,,3375,0,0,,3375,
1644418559,cn12,1,0,,3375,0,0,,3375,
1644418559,B54,1,1,job1070_scenario1_3368,3375,0,0,,3375,
1644418559,B51,1,0,,3375,0,0,,3375,
1644418559,os4,1,0,,3375,0,0,,3375,
1644418559,in4,1,0,,3375,0,0,,3375,
1644418559,B33,1,0,,3375,0,0,,3375,
1644418559,in27,1,0,,3376,0,0,,3376,
1644418559,B14,1,0,,3376,0,0,,3376,
1644418559,B11,1,0,,3376,0,0,,3376,
1644418559,cn12,1,0,,3376,0,0,,3376,
1644418559,B54,1,0,,3376,0,0,,3376,
1644418559,B51,1,0,,3376,0,0,,3376,
1644418559,os4,1,0,,3376,0,0,,3376,
1644418559,in4,1,0,,3376,0,0,,3376,
1644418559,B33,1,0,,3376,0,0,,3376,
1644418559,in27,1,0,,3377,0,0,,3377,
1644418559,B14,1,0,,3377,0,0,,3377,
1644418559,B11,1,0,,3377,0,0,,3377,
1644418559,cn12,1,0,,3377,0,0,,3377,
1644418559,B54,1,0,,3377,0,0,,3377,
1644418559,B51,1,0,,3377,0,0,,3377,
1644418559,os4,1,0,,3377,0,0,,3377,
1644418559,in4,1,0,,3377,0,0,,3377,
1644418559,B33,1,0,,3377,0,0,,3377,
1644418559,in27,1,0,,3378,0,0,,3378,
1644418559,B14,1,0,,3378,0,0,,3378,
1644418559,B11,1,0,,3378,0,0,,3378,
1644418559,cn12,1,0,,3378,0,0,,3378,
1644418559,B54,1,0,,3378,0,0,,3378,
1644418559,B51,1,0,,3378,0,0,,3378,
1644418559,os4,1,0,,3378,0,0,,3378,
1644418559,in4,1,0,,3378,0,0,,3378,
1644418559,B33,1,0,,3378,0,0,,3378,
1644418559,in27,1,0,,3379,0,0,,3379,
1644418559,B14,1,0,,3379,0,0,,3379,
1644418559,B11,1,0,,3379,0,0,,3379,
1644418559,cn12,1,0,,3379,0,0,,3379,
1644418559,B54,1,0,,3379,0,0,,3379,
1644418559,B51,1,0,,3379,0,0,,3379,
1644418559,os4,1,0,,3379,0,0,,3379,
1644418559,in4,1,0,,3379,0,0,,3379,
1644418559,B33,1,0,,3379,0,0,,3379,
1644418559,in27,1,0,,3380,0,0,,3380,
1644418559,B14,1,0,,3380,0,0,,3380,
1644418559,B11,1,0,,3380,0,0,,3380,
1644418559,cn12,1,0,,3380,0,0,,3380,
1644418559,B54,1,0,,3380,0,0,,3380,
1644418559,B51,1,0,,3380,0,0,,3380,
1644418559,os4,1,0,,3380,0,0,,3380,
1644418559,in4,1,0,,3380,0,0,,3380,
1644418559,B33,1,0,,3380,0,0,,3380,
1644418559,in27,1,0,,3381,0,0,,3381,
1644418559,B14,1,0,,3381,0,0,,3381,
1644418559,B11,1,0,,3381,0,0,,3381,
1644418559,cn12,1,0,,3381,0,0,,3381,
1644418559,B54,1,0,,3381,0,0,,3381,
1644418559,B51,1,0,,3381,0,0,,3381,
1644418559,os4,1,0,,3381,0,0,,3381,
1644418559,in4,1,0,,3381,0,0,,3381,
1644418559,B33,1,0,,3381,0,0,,3381,
1644418559,in27,1,0,,3382,0,0,,3382,
1644418559,B14,1,0,,3382,0,0,,3382,
1644418559,B11,1,0,,3382,0,0,,3382,
1644418559,cn12,1,0,,3382,0,0,,3382,
1644418559,B54,1,0,,3382,0,0,,3382,
1644418559,B51,1,0,,3382,0,0,,3382,
1644418559,os4,1,0,,3382,0,0,,3382,
1644418559,in4,1,0,,3382,0,0,,3382,
1644418559,B33,1,0,,3382,0,0,,3382,
1644418559,in27,1,0,,3383,0,0,,3383,
1644418559,B14,1,0,,3383,0,0,,3383,
1644418559,B11,1,0,,3383,0,0,,3383,
1644418559,cn12,1,0,,3383,0,0,,3383,
1644418559,B54,1,0,,3383,0,0,,3383,
1644418559,B51,1,0,,3383,0,0,,3383,
1644418559,os4,1,0,,3383,0,0,,3383,
1644418559,in4,1,0,,3383,0,0,,3383,
1644418559,B33,1,0,,3383,0,0,,3383,
1644418559,in27,1,0,,3384,0,0,,3384,
1644418559,B14,1,0,,3384,0,0,,3384,
1644418559,B11,1,0,,3384,0,0,,3384,
1644418559,cn12,1,0,,3384,0,0,,3384,
1644418559,B54,1,0,,3384,0,0,,3384,
1644418559,B51,1,0,,3384,0,0,,3384,
1644418559,os4,1,0,,3384,0,0,,3384,
1644418559,in4,1,0,,3384,0,0,,3384,
1644418559,B33,1,0,,3384,0,0,,3384,
1644418559,in27,1,0,,3385,0,0,,3385,
1644418559,B14,1,0,,3385,0,0,,3385,
1644418559,B11,1,0,,3385,0,0,,3385,
1644418559,cn12,1,0,,3385,0,0,,3385,
1644418559,B54,1,0,,3385,0,0,,3385,
1644418559,B51,1,0,,3385,0,0,,3385,
1644418559,os4,1,0,,3385,0,0,,3385,
1644418559,in4,1,0,,3385,0,0,,3385,
1644418559,B33,1,0,,3385,0,0,,3385,
1644418559,in27,1,0,,3386,0,0,,3386,
1644418559,B14,1,0,,3386,0,0,,3386,
1644418559,B11,1,0,,3386,0,0,,3386,
1644418559,cn12,1,0,,3386,0,0,,3386,
1644418559,B54,1,0,,3386,0,0,,3386,
1644418559,B51,1,0,,3386,0,0,,3386,
1644418559,os4,1,0,,3386,0,0,,3386,
1644418559,in4,1,0,,3386,0,0,,3386,
1644418559,B33,1,0,,3386,0,0,,3386,
1644418559,in27,1,0,,3387,0,0,,3387,
1644418559,B14,1,0,,3387,0,0,,3387,
1644418559,B11,1,0,,3387,0,0,,3387,
1644418559,cn12,1,0,,3387,0,0,,3387,
1644418559,B54,1,0,,3387,0,0,,3387,
1644418559,B51,1,0,,3387,0,0,,3387,
1644418559,os4,1,0,,3387,0,0,,3387,
1644418559,in4,1,0,,3387,0,0,,3387,
1644418559,B33,1,0,,3387,0,0,,3387,
1644418559,in27,1,0,,3388,0,0,,3388,
1644418559,B14,1,0,,3388,0,0,,3388,
1644418559,B11,1,0,,3388,0,0,,3388,
1644418559,cn12,1,0,,3388,0,0,,3388,
1644418559,B54,1,0,,3388,0,0,,3388,
1644418559,B51,1,0,,3388,0,0,,3388,
1644418559,os4,1,0,,3388,0,0,,3388,
1644418559,in4,1,0,,3388,0,0,,3388,
1644418559,B33,1,0,,3388,0,0,,3388,
1644418559,in27,1,0,,3389,0,0,,3389,
1644418559,B14,1,0,,3389,0,0,,3389,
1644418559,B11,1,0,,3389,0,0,,3389,
1644418559,cn12,1,0,,3389,0,0,,3389,
1644418559,B54,1,0,,3389,0,0,,3389,
1644418559,B51,1,0,,3389,0,0,,3389,
1644418559,os4,1,0,,3389,0,0,,3389,
1644418559,in4,1,0,,3389,0,0,,3389,
1644418559,B33,1,0,,3389,0,0,,3389,
1644418559,in27,1,0,,3390,0,0,,3390,
1644418559,B14,1,0,,3390,0,0,,3390,
1644418559,B11,1,0,,3390,0,0,,3390,
1644418559,cn12,1,0,,3390,0,0,,3390,
1644418559,B54,1,0,,3390,0,0,,3390,
1644418559,B51,1,0,,3390,0,0,,3390,
1644418559,os4,1,0,,3390,0,0,,3390,
1644418559,in4,1,0,,3390,0,0,,3390,
1644418559,B33,1,0,,3390,0,0,,3390,
1644418559,in27,1,0,,3391,0,0,,3391,
1644418559,B14,1,0,,3391,0,0,,3391,
1644418559,B11,1,0,,3391,0,0,,3391,
1644418559,cn12,1,0,,3391,0,0,,3391,
1644418559,B54,1,0,,3391,0,0,,3391,
1644418559,B51,1,0,,3391,0,0,,3391,
1644418559,os4,1,0,,3391,0,0,,3391,
1644418559,in4,1,0,,3391,0,0,,3391,
1644418559,B33,1,0,,3391,0,0,,3391,
1644418559,in27,1,0,,3392,0,0,,3392,
1644418559,B14,1,0,,3392,0,0,,3392,
1644418559,B11,1,0,,3392,0,0,,3392,
1644418559,cn12,1,0,,3392,0,0,,3392,
1644418559,B54,1,0,,3392,0,0,,3392,
1644418559,B51,1,0,,3392,0,0,,3392,
1644418559,os4,1,0,,3392,0,0,,3392,
1644418559,in4,1,0,,3392,0,0,,3392,
1644418559,B33,1,0,,3392,0,0,,3392,
1644418559,in27,1,0,,3393,0,0,,3393,
1644418559,B14,1,0,,3393,0,0,,3393,
1644418559,B11,1,0,,3393,0,0,,3393,
1644418559,cn12,1,0,,3393,0,0,,3393,
1644418559,B54,1,0,,3393,0,0,,3393,
1644418559,B51,1,0,,3393,0,0,,3393,
1644418559,os4,1,0,,3393,0,0,,3393,
1644418559,in4,1,0,,3393,0,0,,3393,
1644418559,B33,1,0,,3393,0,0,,3393,
1644418559,in27,1,0,,3394,0,0,,3394,
1644418559,B14,1,0,,3394,0,0,,3394,
1644418559,B11,1,0,,3394,0,0,,3394,
1644418559,cn12,1,0,,3394,0,0,,3394,
1644418559,B54,1,0,,3394,0,0,,3394,
1644418559,B51,1,0,,3394,0,0,,3394,
1644418559,os4,1,0,,3394,0,0,,3394,
1644418559,in4,1,0,,3394,0,0,,3394,
1644418559,B33,1,0,,3394,0,0,,3394,
1644418559,in27,1,0,,3395,0,0,,3395,
1644418559,B14,1,0,,3395,0,0,,3395,
1644418559,B11,1,0,,3395,0,0,,3395,
1644418559,cn12,1,0,,3395,0,0,,3395,
1644418559,B54,1,0,,3395,0,0,,3395,
1644418559,B51,1,0,,3395,0,0,,3395,
1644418559,os4,1,0,,3395,0,0,,3395,
1644418559,in4,1,0,,3395,0,0,,3395,
1644418559,B33,1,0,,3395,0,0,,3395,
1644418559,in27,1,0,,3396,0,0,,3396,
1644418559,B14,1,0,,3396,0,0,,3396,
1644418559,B11,1,0,,3396,0,0,,3396,
1644418559,cn12,1,0,,3396,0,0,,3396,
1644418559,B54,1,0,,3396,0,0,,3396,
1644418559,B51,1,0,,3396,0,0,,3396,
1644418559,os4,1,0,,3396,0,0,,3396,
1644418559,in4,1,0,,3396,0,0,,3396,
1644418559,B33,1,0,,3396,0,0,,3396,
1644418559,in27,1,0,,3397,0,0,,3397,
1644418559,B14,1,0,,3397,0,0,,3397,
1644418559,B11,1,0,,3397,0,0,,3397,
1644418559,cn12,1,0,,3397,0,0,,3397,
1644418559,B54,1,0,,3397,0,0,,3397,
1644418559,B51,1,0,,3397,0,0,,3397,
1644418559,os4,1,0,,3397,0,0,,3397,
1644418559,in4,1,0,,3397,0,0,,3397,
1644418559,B33,1,0,,3397,0,0,,3397,
1644418561,in27,1,0,,3398,0,0,,3398,
1644418561,B14,1,0,,3398,0,0,,3398,
1644418561,B11,1,0,,3398,0,0,,3398,
1644418561,cn12,1,0,,3398,0,0,,3398,
1644418561,B54,1,1,job1073_scenario1_3396,3398,0,0,,3398,
1644418561,B51,1,0,,3398,0,0,,3398,
1644418561,os4,1,0,,3398,0,0,,3398,
1644418561,in4,1,0,,3398,0,0,,3398,
1644418561,B33,1,0,,3398,0,0,,3398,
1644418561,in27,1,0,,3399,0,0,,3399,
1644418561,B14,1,0,,3399,0,0,,3399,
1644418561,B11,1,0,,3399,0,0,,3399,
1644418561,cn12,1,0,,3399,0,0,,3399,
1644418561,B54,1,1,job1073_scenario1_3396,3399,0,0,,3399,
1644418561,B51,1,0,,3399,0,0,,3399,
1644418561,os4,1,0,,3399,0,0,,3399,
1644418561,in4,1,0,,3399,0,0,,3399,
1644418561,B33,1,0,,3399,0,0,,3399,
1644418561,in27,1,0,,3400,0,0,,3400,
1644418561,B14,1,0,,3400,0,0,,3400,
1644418561,B11,1,0,,3400,0,0,,3400,
1644418561,cn12,1,0,,3400,0,0,,3400,
1644418561,B54,1,1,job1073_scenario1_3396,3400,0,0,,3400,
1644418561,B51,1,0,,3400,0,0,,3400,
1644418561,os4,1,0,,3400,0,0,,3400,
1644418561,in4,1,0,,3400,0,0,,3400,
1644418561,B33,1,0,,3400,0,0,,3400,
1644418561,in27,1,0,,3401,0,0,,3401,
1644418561,B14,1,0,,3401,0,0,,3401,
1644418561,B11,1,0,,3401,0,0,,3401,
1644418561,cn12,1,0,,3401,0,0,,3401,
1644418561,B54,1,0,,3401,0,0,,3401,
1644418561,B51,1,0,,3401,0,0,,3401,
1644418561,os4,1,0,,3401,0,0,,3401,
1644418561,in4,1,0,,3401,0,0,,3401,
1644418561,B33,1,0,,3401,0,0,,3401,
1644418561,in27,1,0,,3402,0,0,,3402,
1644418561,B14,1,0,,3402,0,0,,3402,
1644418561,B11,1,0,,3402,0,0,,3402,
1644418561,cn12,1,0,,3402,0,0,,3402,
1644418561,B54,1,0,,3402,0,0,,3402,
1644418561,B51,1,0,,3402,0,0,,3402,
1644418561,os4,1,0,,3402,0,0,,3402,
1644418561,in4,1,0,,3402,0,0,,3402,
1644418561,B33,1,0,,3402,0,0,,3402,
1644418561,in27,1,0,,3403,0,0,,3403,
1644418561,B14,1,0,,3403,0,0,,3403,
1644418561,B11,1,0,,3403,0,0,,3403,
1644418561,cn12,1,0,,3403,0,0,,3403,
1644418561,B54,1,0,,3403,0,0,,3403,
1644418561,B51,1,0,,3403,0,0,,3403,
1644418561,os4,1,0,,3403,0,0,,3403,
1644418561,in4,1,0,,3403,0,0,,3403,
1644418561,B33,1,0,,3403,0,0,,3403,
1644418561,in27,1,0,,3404,0,0,,3404,
1644418561,B14,1,0,,3404,0,0,,3404,
1644418561,B11,1,0,,3404,0,0,,3404,
1644418561,cn12,1,0,,3404,0,0,,3404,
1644418561,B54,1,0,,3404,0,0,,3404,
1644418561,B51,1,0,,3404,0,0,,3404,
1644418561,os4,1,0,,3404,0,0,,3404,
1644418561,in4,1,0,,3404,0,0,,3404,
1644418561,B33,1,0,,3404,0,0,,3404,
1644418561,in27,1,0,,3405,0,0,,3405,
1644418561,B14,1,0,,3405,0,0,,3405,
1644418561,B11,1,0,,3405,0,0,,3405,
1644418561,cn12,1,0,,3405,0,0,,3405,
1644418561,B54,1,0,,3405,0,0,,3405,
1644418561,B51,1,0,,3405,0,0,,3405,
1644418561,os4,1,0,,3405,0,0,,3405,
1644418561,in4,1,0,,3405,0,0,,3405,
1644418561,B33,1,0,,3405,0,0,,3405,
1644418561,in27,1,0,,3406,0,0,,3406,
1644418561,B14,1,0,,3406,0,0,,3406,
1644418561,B11,1,0,,3406,0,0,,3406,
1644418561,cn12,1,0,,3406,0,0,,3406,
1644418561,B54,1,0,,3406,0,0,,3406,
1644418561,B51,1,0,,3406,0,0,,3406,
1644418561,os4,1,0,,3406,0,0,,3406,
1644418561,in4,1,0,,3406,0,0,,3406,
1644418561,B33,1,0,,3406,0,0,,3406,
1644418561,in27,1,0,,3407,0,0,,3407,
1644418561,B14,1,0,,3407,0,0,,3407,
1644418561,B11,1,0,,3407,0,0,,3407,
1644418561,cn12,1,0,,3407,0,0,,3407,
1644418561,B54,1,0,,3407,0,0,,3407,
1644418561,B51,1,0,,3407,0,0,,3407,
1644418561,os4,1,0,,3407,0,0,,3407,
1644418561,in4,1,0,,3407,0,0,,3407,
1644418561,B33,1,0,,3407,0,0,,3407,
1644418561,in27,1,0,,3408,0,0,,3408,
1644418561,B14,1,0,,3408,0,0,,3408,
1644418561,B11,1,0,,3408,0,0,,3408,
1644418561,cn12,1,0,,3408,0,0,,3408,
1644418561,B54,1,0,,3408,0,0,,3408,
1644418561,B51,1,0,,3408,0,0,,3408,
1644418561,os4,1,0,,3408,0,0,,3408,
1644418561,in4,1,0,,3408,0,0,,3408,
1644418561,B33,1,0,,3408,0,0,,3408,
1644418561,in27,1,0,,3409,0,0,,3409,
1644418561,B14,1,0,,3409,0,0,,3409,
1644418561,B11,1,0,,3409,0,0,,3409,
1644418561,cn12,1,0,,3409,0,0,,3409,
1644418561,B54,1,0,,3409,0,0,,3409,
1644418561,B51,1,0,,3409,0,0,,3409,
1644418561,os4,1,0,,3409,0,0,,3409,
1644418561,in4,1,0,,3409,0,0,,3409,
1644418561,B33,1,0,,3409,0,0,,3409,
1644418561,in27,1,0,,3410,0,0,,3410,
1644418561,B14,1,0,,3410,0,0,,3410,
1644418561,B11,1,0,,3410,0,0,,3410,
1644418561,cn12,1,0,,3410,0,0,,3410,
1644418561,B54,1,0,,3410,0,0,,3410,
1644418561,B51,1,0,,3410,0,0,,3410,
1644418561,os4,1,0,,3410,0,0,,3410,
1644418561,in4,1,0,,3410,0,0,,3410,
1644418561,B33,1,0,,3410,0,0,,3410,
1644418561,in27,1,0,,3411,0,0,,3411,
1644418561,B14,1,0,,3411,0,0,,3411,
1644418561,B11,1,0,,3411,0,0,,3411,
1644418561,cn12,1,0,,3411,0,0,,3411,
1644418561,B54,1,0,,3411,0,0,,3411,
1644418561,B51,1,0,,3411,0,0,,3411,
1644418561,os4,1,0,,3411,0,0,,3411,
1644418561,in4,1,0,,3411,0,0,,3411,
1644418561,B33,1,0,,3411,0,0,,3411,
1644418561,in27,1,0,,3412,0,0,,3412,
1644418561,B14,1,0,,3412,0,0,,3412,
1644418561,B11,1,0,,3412,0,0,,3412,
1644418561,cn12,1,0,,3412,0,0,,3412,
1644418561,B54,1,0,,3412,0,0,,3412,
1644418561,B51,1,0,,3412,0,0,,3412,
1644418561,os4,1,0,,3412,0,0,,3412,
1644418561,in4,1,0,,3412,0,0,,3412,
1644418561,B33,1,0,,3412,0,0,,3412,
1644418561,in27,1,0,,3413,0,0,,3413,
1644418561,B14,1,0,,3413,0,0,,3413,
1644418561,B11,1,0,,3413,0,0,,3413,
1644418561,cn12,1,0,,3413,0,0,,3413,
1644418561,B54,1,0,,3413,0,0,,3413,
1644418561,B51,1,0,,3413,0,0,,3413,
1644418561,os4,1,0,,3413,0,0,,3413,
1644418561,in4,1,0,,3413,0,0,,3413,
1644418561,B33,1,0,,3413,0,0,,3413,
1644418561,in27,1,0,,3414,0,0,,3414,
1644418561,B14,1,0,,3414,0,0,,3414,
1644418561,B11,1,0,,3414,0,0,,3414,
1644418561,cn12,1,0,,3414,0,0,,3414,
1644418561,B54,1,0,,3414,0,0,,3414,
1644418561,B51,1,0,,3414,0,0,,3414,
1644418561,os4,1,0,,3414,0,0,,3414,
1644418561,in4,1,0,,3414,0,0,,3414,
1644418561,B33,1,0,,3414,0,0,,3414,
1644418561,in27,1,0,,3415,0,0,,3415,
1644418561,B14,1,0,,3415,0,0,,3415,
1644418561,B11,1,0,,3415,0,0,,3415,
1644418561,cn12,1,0,,3415,0,0,,3415,
1644418561,B54,1,0,,3415,0,0,,3415,
1644418561,B51,1,0,,3415,0,0,,3415,
1644418561,os4,1,0,,3415,0,0,,3415,
1644418561,in4,1,0,,3415,0,0,,3415,
1644418561,B33,1,0,,3415,0,0,,3415,
1644418561,in27,1,0,,3416,0,0,,3416,
1644418561,B14,1,0,,3416,0,0,,3416,
1644418561,B11,1,0,,3416,0,0,,3416,
1644418561,cn12,1,0,,3416,0,0,,3416,
1644418561,B54,1,0,,3416,0,0,,3416,
1644418561,B51,1,0,,3416,0,0,,3416,
1644418561,os4,1,0,,3416,0,0,,3416,
1644418561,in4,1,0,,3416,0,0,,3416,
1644418561,B33,1,0,,3416,0,0,,3416,
1644418563,in27,1,0,,3417,0,0,,3417,
1644418563,B14,1,0,,3417,0,0,,3417,
1644418563,B11,1,0,,3417,0,0,,3417,
1644418563,cn12,1,0,,3417,0,0,,3417,
1644418563,B54,1,1,job1074_scenario1_3415,3417,0,0,,3417,
1644418563,B51,1,0,,3417,0,0,,3417,
1644418563,os4,1,0,,3417,0,0,,3417,
1644418563,in4,1,0,,3417,0,0,,3417,
1644418563,B33,1,0,,3417,0,0,,3417,
1644418563,in27,1,0,,3418,0,0,,3418,
1644418563,B14,1,0,,3418,0,0,,3418,
1644418563,B11,1,0,,3418,0,0,,3418,
1644418563,cn12,1,0,,3418,0,0,,3418,
1644418563,B54,1,1,job1074_scenario1_3415,3418,0,0,,3418,
1644418563,B51,1,0,,3418,0,0,,3418,
1644418563,os4,1,0,,3418,0,0,,3418,
1644418563,in4,1,0,,3418,0,0,,3418,
1644418563,B33,1,0,,3418,0,0,,3418,
1644418563,in27,1,0,,3419,0,0,,3419,
1644418563,B14,1,0,,3419,0,0,,3419,
1644418563,B11,1,0,,3419,0,0,,3419,
1644418563,cn12,1,0,,3419,0,0,,3419,
1644418563,B54,1,1,job1074_scenario1_3415,3419,0,0,,3419,
1644418563,B51,1,0,,3419,0,0,,3419,
1644418563,os4,1,0,,3419,0,0,,3419,
1644418563,in4,1,0,,3419,0,0,,3419,
1644418563,B33,1,0,,3419,0,0,,3419,
1644418563,in27,1,0,,3420,0,0,,3420,
1644418563,B14,1,0,,3420,0,0,,3420,
1644418563,B11,1,0,,3420,0,0,,3420,
1644418563,cn12,1,0,,3420,0,0,,3420,
1644418563,B54,1,1,job1074_scenario1_3415,3420,0,0,,3420,
1644418563,B51,1,0,,3420,0,0,,3420,
1644418563,os4,1,0,,3420,0,0,,3420,
1644418563,in4,1,0,,3420,0,0,,3420,
1644418563,B33,1,0,,3420,0,0,,3420,
1644418563,in27,1,0,,3421,0,0,,3421,
1644418563,B14,1,0,,3421,0,0,,3421,
1644418563,B11,1,0,,3421,0,0,,3421,
1644418563,cn12,1,0,,3421,0,0,,3421,
1644418563,B54,1,1,job1074_scenario1_3415,3421,0,0,,3421,
1644418563,B51,1,0,,3421,0,0,,3421,
1644418563,os4,1,0,,3421,0,0,,3421,
1644418563,in4,1,0,,3421,0,0,,3421,
1644418563,B33,1,0,,3421,0,0,,3421,
1644418563,in27,1,0,,3422,0,0,,3422,
1644418563,B14,1,0,,3422,0,0,,3422,
1644418563,B11,1,0,,3422,0,0,,3422,
1644418563,cn12,1,0,,3422,0,0,,3422,
1644418563,B54,1,0,,3422,0,0,,3422,
1644418563,B51,1,0,,3422,0,0,,3422,
1644418563,os4,1,0,,3422,0,0,,3422,
1644418563,in4,1,0,,3422,0,0,,3422,
1644418563,B33,1,0,,3422,0,0,,3422,
1644418563,in27,1,0,,3423,0,0,,3423,
1644418563,B14,1,0,,3423,0,0,,3423,
1644418563,B11,1,0,,3423,0,0,,3423,
1644418563,cn12,1,0,,3423,0,0,,3423,
1644418563,B54,1,0,,3423,0,0,,3423,
1644418563,B51,1,0,,3423,0,0,,3423,
1644418563,os4,1,0,,3423,0,0,,3423,
1644418563,in4,1,0,,3423,0,0,,3423,
1644418563,B33,1,0,,3423,0,0,,3423,
1644418564,in27,1,0,,3424,0,0,,3424,
1644418564,B14,1,0,,3424,0,0,,3424,
1644418564,B11,1,0,,3424,0,0,,3424,
1644418564,cn12,1,0,,3424,0,0,,3424,
1644418564,B54,1,1,job1072_scenario0_3388,3424,0,0,,3424,
1644418564,B51,1,0,,3424,0,0,,3424,
1644418564,os4,1,0,,3424,0,0,,3424,
1644418564,in4,1,0,,3424,0,0,,3424,
1644418564,B33,1,0,,3424,0,0,,3424,
1644418564,in27,1,0,,3425,0,0,,3425,
1644418564,B14,1,0,,3425,0,0,,3425,
1644418564,B11,1,0,,3425,0,0,,3425,
1644418564,cn12,1,0,,3425,0,0,,3425,
1644418564,B54,1,1,job1072_scenario0_3388,3425,0,0,,3425,
1644418564,B51,1,0,,3425,0,0,,3425,
1644418564,os4,1,0,,3425,0,0,,3425,
1644418564,in4,1,0,,3425,0,0,,3425,
1644418564,B33,1,0,,3425,0,0,,3425,
1644418564,in27,1,0,,3426,0,0,,3426,
1644418564,B14,1,0,,3426,0,0,,3426,
1644418564,B11,1,0,,3426,0,0,,3426,
1644418564,cn12,1,0,,3426,0,0,,3426,
1644418564,B54,1,1,job1072_scenario0_3388,3426,0,0,,3426,
1644418564,B51,1,0,,3426,0,0,,3426,
1644418564,os4,1,0,,3426,0,0,,3426,
1644418564,in4,1,0,,3426,0,0,,3426,
1644418564,B33,1,0,,3426,0,0,,3426,
1644418564,in27,1,0,,3427,0,0,,3427,
1644418564,B14,1,0,,3427,0,0,,3427,
1644418564,B11,1,0,,3427,0,0,,3427,
1644418564,cn12,1,0,,3427,0,0,,3427,
1644418564,B54,1,1,job1072_scenario0_3388,3427,0,0,,3427,
1644418564,B51,1,0,,3427,0,0,,3427,
1644418564,os4,1,0,,3427,0,0,,3427,
1644418564,in4,1,0,,3427,0,0,,3427,
1644418564,B33,1,0,,3427,0,0,,3427,
1644418564,in27,1,0,,3428,0,0,,3428,
1644418564,B14,1,0,,3428,0,0,,3428,
1644418564,B11,1,0,,3428,0,0,,3428,
1644418564,cn12,1,0,,3428,0,0,,3428,
1644418564,B54,1,1,job1072_scenario0_3388,3428,0,0,,3428,
1644418564,B51,1,0,,3428,0,0,,3428,
1644418564,os4,1,0,,3428,0,0,,3428,
1644418564,in4,1,0,,3428,0,0,,3428,
1644418564,B33,1,0,,3428,0,0,,3428,
1644418564,in27,1,0,,3429,0,0,,3429,
1644418564,B14,1,0,,3429,0,0,,3429,
1644418564,B11,1,0,,3429,0,0,,3429,
1644418564,cn12,1,0,,3429,0,0,,3429,
1644418564,B54,1,1,job1072_scenario0_3388,3429,0,0,,3429,
1644418564,B51,1,0,,3429,0,0,,3429,
1644418564,os4,1,0,,3429,0,0,,3429,
1644418564,in4,1,0,,3429,0,0,,3429,
1644418564,B33,1,0,,3429,0,0,,3429,
1644418564,in27,1,0,,3430,0,0,,3430,
1644418564,B14,1,0,,3430,0,0,,3430,
1644418564,B11,1,0,,3430,0,0,,3430,
1644418564,cn12,1,0,,3430,0,0,,3430,
1644418564,B54,1,1,job1072_scenario0_3388,3430,0,0,,3430,
1644418564,B51,1,0,,3430,0,0,,3430,
1644418564,os4,1,0,,3430,0,0,,3430,
1644418564,in4,1,0,,3430,0,0,,3430,
1644418564,B33,1,0,,3430,0,0,,3430,
1644418564,in27,1,0,,3431,0,0,,3431,
1644418564,B14,1,0,,3431,0,0,,3431,
1644418564,B11,1,0,,3431,0,0,,3431,
1644418564,cn12,1,0,,3431,0,0,,3431,
1644418564,B54,1,1,job1072_scenario0_3388,3431,0,0,,3431,
1644418564,B51,1,0,,3431,0,0,,3431,
1644418564,os4,1,0,,3431,0,0,,3431,
1644418564,in4,1,0,,3431,0,0,,3431,
1644418564,B33,1,0,,3431,0,0,,3431,
1644418564,in27,1,0,,3432,0,0,,3432,
1644418564,B14,1,0,,3432,0,0,,3432,
1644418564,B11,1,0,,3432,0,0,,3432,
1644418564,cn12,1,0,,3432,0,0,,3432,
1644418564,B54,1,1,job1072_scenario0_3388,3432,0,0,,3432,
1644418564,B51,1,0,,3432,0,0,,3432,
1644418564,os4,1,0,,3432,0,0,,3432,
1644418564,in4,1,0,,3432,0,0,,3432,
1644418564,B33,1,0,,3432,0,0,,3432,
1644418564,in27,1,0,,3433,0,0,,3433,
1644418564,B14,1,0,,3433,0,0,,3433,
1644418564,B11,1,0,,3433,0,0,,3433,
1644418564,cn12,1,0,,3433,0,0,,3433,
1644418564,B54,1,1,job1072_scenario0_3388,3433,0,0,,3433,
1644418564,B51,1,0,,3433,0,0,,3433,
1644418564,os4,1,0,,3433,0,0,,3433,
1644418564,in4,1,0,,3433,0,0,,3433,
1644418564,B33,1,0,,3433,0,0,,3433,
1644418564,in27,1,0,,3434,0,0,,3434,
1644418564,B14,1,0,,3434,0,0,,3434,
1644418565,B11,1,0,,3434,0,0,,3434,
1644418565,cn12,1,0,,3434,0,0,,3434,
1644418565,B54,1,1,job1072_scenario0_3388,3434,0,0,,3434,
1644418565,B51,1,0,,3434,0,0,,3434,
1644418565,os4,1,0,,3434,0,0,,3434,
1644418565,in4,1,0,,3434,0,0,,3434,
1644418565,B33,1,0,,3434,0,0,,3434,
1644418565,in27,1,0,,3435,0,0,,3435,
1644418565,B14,1,0,,3435,0,0,,3435,
1644418565,B11,1,0,,3435,0,0,,3435,
1644418565,cn12,1,0,,3435,0,0,,3435,
1644418565,B54,1,1,job1072_scenario0_3388,3435,0,0,,3435,
1644418565,B51,1,0,,3435,0,0,,3435,
1644418565,os4,1,0,,3435,0,0,,3435,
1644418565,in4,1,0,,3435,0,0,,3435,
1644418565,B33,1,0,,3435,0,0,,3435,
1644418566,in27,1,0,,3436,0,0,,3436,
1644418566,B14,1,0,,3436,0,0,,3436,
1644418566,B11,1,0,,3436,0,0,,3436,
1644418566,cn12,1,0,,3436,0,0,,3436,
1644418566,B54,1,1,job1072_scenario0_3388,3436,0,0,,3436,
1644418566,B51,1,0,,3436,0,0,,3436,
1644418566,os4,1,0,,3436,0,0,,3436,
1644418566,in4,1,0,,3436,0,0,,3436,
1644418566,B33,1,1,job1077_scenario2_3435,3436,0,0,,3436,
1644418566,in27,1,0,,3437,0,0,,3437,
1644418566,B14,1,0,,3437,0,0,,3437,
1644418566,B11,1,0,,3437,0,0,,3437,
1644418566,cn12,1,0,,3437,0,0,,3437,
1644418566,B54,1,0,,3437,0,0,,3437,
1644418566,B51,1,0,,3437,0,0,,3437,
1644418566,os4,1,0,,3437,0,0,,3437,
1644418566,in4,1,0,,3437,0,0,,3437,
1644418566,B33,1,1,job1077_scenario2_3435,3437,0,0,,3437,
1644418566,in27,1,0,,3438,0,0,,3438,
1644418566,B14,1,0,,3438,0,0,,3438,
1644418566,B11,1,0,,3438,0,0,,3438,
1644418566,cn12,1,0,,3438,0,0,,3438,
1644418566,B54,1,0,,3438,0,0,,3438,
1644418566,B51,1,0,,3438,0,0,,3438,
1644418566,os4,1,0,,3438,0,0,,3438,
1644418566,in4,1,0,,3438,0,0,,3438,
1644418566,B33,1,1,job1077_scenario2_3435,3438,0,0,,3438,
1644418566,in27,1,0,,3439,0,0,,3439,
1644418566,B14,1,0,,3439,0,0,,3439,
1644418567,B11,1,0,,3439,0,0,,3439,
1644418567,cn12,1,0,,3439,0,0,,3439,
1644418567,B54,1,0,,3439,0,0,,3439,
1644418567,B51,1,0,,3439,0,0,,3439,
1644418567,os4,1,0,,3439,0,0,,3439,
1644418567,in4,1,0,,3439,0,0,,3439,
1644418567,B33,1,0,,3439,0,0,,3439,
1644418567,in27,1,0,,3440,0,0,,3440,
1644418567,B14,1,0,,3440,0,0,,3440,
1644418567,B11,1,0,,3440,0,0,,3440,
1644418567,cn12,1,0,,3440,0,0,,3440,
1644418567,B54,1,0,,3440,0,0,,3440,
1644418567,B51,1,0,,3440,0,0,,3440,
1644418567,os4,1,0,,3440,0,0,,3440,
1644418567,in4,1,0,,3440,0,0,,3440,
1644418567,B33,1,0,,3440,0,0,,3440,
1644418567,in27,1,0,,3441,0,0,,3441,
1644418567,B14,1,0,,3441,0,0,,3441,
1644418567,B11,1,0,,3441,0,0,,3441,
1644418567,cn12,1,0,,3441,0,0,,3441,
1644418567,B54,1,0,,3441,0,0,,3441,
1644418567,B51,1,0,,3441,0,0,,3441,
1644418567,os4,1,0,,3441,0,0,,3441,
1644418567,in4,1,0,,3441,0,0,,3441,
1644418567,B33,1,0,,3441,0,0,,3441,
1644418567,in27,1,0,,3442,0,0,,3442,
1644418567,B14,1,0,,3442,0,0,,3442,
1644418567,B11,1,0,,3442,0,0,,3442,
1644418567,cn12,1,0,,3442,0,0,,3442,
1644418567,B54,1,0,,3442,0,0,,3442,
1644418567,B51,1,0,,3442,0,0,,3442,
1644418567,os4,1,0,,3442,0,0,,3442,
1644418567,in4,1,0,,3442,0,0,,3442,
1644418567,B33,1,0,,3442,0,0,,3442,
1644418567,in27,1,0,,3443,0,0,,3443,
1644418567,B14,1,0,,3443,0,0,,3443,
1644418567,B11,1,0,,3443,0,0,,3443,
1644418567,cn12,1,0,,3443,0,0,,3443,
1644418567,B54,1,0,,3443,0,0,,3443,
1644418567,B51,1,0,,3443,0,0,,3443,
1644418567,os4,1,0,,3443,0,0,,3443,
1644418567,in4,1,0,,3443,0,0,,3443,
1644418567,B33,1,0,,3443,0,0,,3443,
1644418567,in27,1,0,,3444,0,0,,3444,
1644418567,B14,1,0,,3444,0,0,,3444,
1644418567,B11,1,0,,3444,0,0,,3444,
1644418567,cn12,1,0,,3444,0,0,,3444,
1644418567,B54,1,0,,3444,0,0,,3444,
1644418567,B51,1,0,,3444,0,0,,3444,
1644418567,os4,1,0,,3444,0,0,,3444,
1644418567,in4,1,0,,3444,0,0,,3444,
1644418567,B33,1,0,,3444,0,0,,3444,
1644418567,in27,1,0,,3445,0,0,,3445,
1644418567,B14,1,0,,3445,0,0,,3445,
1644418567,B11,1,0,,3445,0,0,,3445,
1644418567,cn12,1,0,,3445,0,0,,3445,
1644418567,B54,1,0,,3445,0,0,,3445,
1644418567,B51,1,0,,3445,0,0,,3445,
1644418567,os4,1,0,,3445,0,0,,3445,
1644418567,in4,1,0,,3445,0,0,,3445,
1644418567,B33,1,0,,3445,0,0,,3445,
1644418567,in27,1,0,,3446,0,0,,3446,
1644418567,B14,1,0,,3446,0,0,,3446,
1644418567,B11,1,0,,3446,0,0,,3446,
1644418567,cn12,1,0,,3446,0,0,,3446,
1644418567,B54,1,0,,3446,0,0,,3446,
1644418567,B51,1,0,,3446,0,0,,3446,
1644418567,os4,1,0,,3446,0,0,,3446,
1644418567,in4,1,0,,3446,0,0,,3446,
1644418567,B33,1,0,,3446,0,0,,3446,
1644418567,in27,1,0,,3447,0,0,,3447,
1644418567,B14,1,0,,3447,0,0,,3447,
1644418567,B11,1,0,,3447,0,0,,3447,
1644418567,cn12,1,0,,3447,0,0,,3447,
1644418567,B54,1,0,,3447,0,0,,3447,
1644418567,B51,1,0,,3447,0,0,,3447,
1644418567,os4,1,0,,3447,0,0,,3447,
1644418567,in4,1,0,,3447,0,0,,3447,
1644418567,B33,1,0,,3447,0,0,,3447,
1644418568,in27,1,0,,3448,0,0,,3448,
1644418568,B14,1,0,,3448,0,0,,3448,
1644418568,B11,1,0,,3448,0,0,,3448,
1644418568,cn12,1,0,,3448,0,0,,3448,
1644418568,B54,1,0,,3448,0,0,,3448,
1644418568,B51,1,0,,3448,0,0,,3448,
1644418568,os4,1,1,job1078_scenario4_3444,3448,0,0,,3448,
1644418568,in4,1,0,,3448,0,0,,3448,
1644418568,B33,1,0,,3448,0,0,,3448,
1644418568,in27,1,0,,3449,0,0,,3449,
1644418568,B14,1,0,,3449,0,0,,3449,
1644418568,B11,1,0,,3449,0,0,,3449,
1644418568,cn12,1,0,,3449,0,0,,3449,
1644418568,B54,1,0,,3449,0,0,,3449,
1644418568,B51,1,0,,3449,0,0,,3449,
1644418568,os4,1,1,job1078_scenario4_3444,3449,0,0,,3449,
1644418568,in4,1,0,,3449,0,0,,3449,
1644418568,B33,1,0,,3449,0,0,,3449,
1644418569,in27,1,0,,3450,0,0,,3450,
1644418569,B14,1,0,,3450,0,0,,3450,
1644418569,B11,1,0,,3450,0,0,,3450,
1644418569,cn12,1,0,,3450,0,0,,3450,
1644418569,B54,1,0,,3450,0,0,,3450,
1644418569,B51,1,0,,3450,0,0,,3450,
1644418569,os4,1,1,job1078_scenario4_3444,3450,0,0,,3450,
1644418569,in4,1,0,,3450,0,0,,3450,
1644418569,B33,1,0,,3450,0,0,,3450,
1644418569,in27,1,0,,3451,0,0,,3451,
1644418569,B14,1,0,,3451,0,0,,3451,
1644418569,B11,1,0,,3451,0,0,,3451,
1644418569,cn12,1,0,,3451,0,0,,3451,
1644418569,B54,1,0,,3451,0,0,,3451,
1644418569,B51,1,0,,3451,0,0,,3451,
1644418569,os4,1,1,job1078_scenario4_3444,3451,0,0,,3451,
1644418569,in4,1,0,,3451,0,0,,3451,
1644418569,B33,1,0,,3451,0,0,,3451,
1644418569,in27,1,0,,3452,0,0,,3452,
1644418569,B14,1,0,,3452,0,0,,3452,
1644418569,B11,1,0,,3452,0,0,,3452,
1644418569,cn12,1,0,,3452,0,0,,3452,
1644418569,B54,1,0,,3452,0,0,,3452,
1644418569,B51,1,0,,3452,0,0,,3452,
1644418569,os4,1,1,job1078_scenario4_3444,3452,0,0,,3452,
1644418569,in4,1,0,,3452,0,0,,3452,
1644418569,B33,1,0,,3452,0,0,,3452,
1644418570,in27,1,0,,3453,0,0,,3453,
1644418570,B14,1,0,,3453,0,0,,3453,
1644418570,B11,1,0,,3453,0,0,,3453,
1644418570,cn12,1,0,,3453,0,0,,3453,
1644418570,B54,1,0,,3453,0,0,,3453,
1644418570,B51,1,0,,3453,0,0,,3453,
1644418570,os4,1,1,job1078_scenario4_3444,3453,0,0,,3453,
1644418570,in4,1,0,,3453,0,0,,3453,
1644418570,B33,1,0,,3453,0,0,,3453,
1644418570,in27,1,0,,3454,0,0,,3454,
1644418570,B14,1,0,,3454,0,0,,3454,
1644418570,B11,1,0,,3454,0,0,,3454,
1644418570,cn12,1,0,,3454,0,0,,3454,
1644418570,B54,1,0,,3454,0,0,,3454,
1644418570,B51,1,0,,3454,0,0,,3454,
1644418570,os4,1,1,job1078_scenario4_3444,3454,0,0,,3454,
1644418570,in4,1,0,,3454,0,0,,3454,
1644418570,B33,1,0,,3454,0,0,,3454,
1644418570,in27,1,0,,3455,0,0,,3455,
1644418570,B14,1,0,,3455,0,0,,3455,
1644418570,B11,1,0,,3455,0,0,,3455,
1644418570,cn12,1,0,,3455,0,0,,3455,
1644418570,B54,1,0,,3455,0,0,,3455,
1644418570,B51,1,0,,3455,0,0,,3455,
1644418570,os4,1,0,,3455,0,0,,3455,
1644418570,in4,1,0,,3455,0,0,,3455,
1644418570,B33,1,0,,3455,0,0,,3455,
1644418571,in27,1,0,,3456,0,0,,3456,
1644418571,B14,1,0,,3456,0,0,,3456,
1644418571,B11,1,0,,3456,0,0,,3456,
1644418571,cn12,1,0,,3456,0,0,,3456,
1644418571,B54,1,0,,3456,0,0,,3456,
1644418571,B51,1,0,,3456,0,0,,3456,
1644418571,os4,1,0,,3456,0,0,,3456,
1644418571,in4,1,0,,3456,0,0,,3456,
1644418571,B33,1,0,,3456,0,0,,3456,
1644418571,in27,1,0,,3457,0,0,,3457,
1644418571,B14,1,0,,3457,0,0,,3457,
1644418571,B11,1,0,,3457,0,0,,3457,
1644418571,cn12,1,0,,3457,0,0,,3457,
1644418571,B54,1,0,,3457,0,0,,3457,
1644418571,B51,1,0,,3457,0,0,,3457,
1644418571,os4,1,0,,3457,0,0,,3457,
1644418571,in4,1,0,,3457,0,0,,3457,
1644418572,B33,1,0,,3457,0,0,,3457,
1644418572,in27,1,0,,3458,0,0,,3458,
1644418572,B14,1,0,,3458,0,0,,3458,
1644418572,B11,1,0,,3458,0,0,,3458,
1644418572,cn12,1,0,,3458,0,0,,3458,
1644418572,B54,1,0,,3458,0,0,,3458,
1644418572,B51,1,0,,3458,0,0,,3458,
1644418572,os4,1,0,,3458,0,0,,3458,
1644418572,in4,1,0,,3458,0,0,,3458,
1644418572,B33,1,0,,3458,0,0,,3458,
1644418572,in27,1,0,,3459,0,0,,3459,
1644418572,B14,1,0,,3459,0,0,,3459,
1644418572,B11,1,0,,3459,0,0,,3459,
1644418572,cn12,1,0,,3459,0,0,,3459,
1644418572,B54,1,0,,3459,0,0,,3459,
1644418572,B51,1,0,,3459,0,0,,3459,
1644418572,os4,1,0,,3459,0,0,,3459,
1644418572,in4,1,0,,3459,0,0,,3459,
1644418572,B33,1,0,,3459,0,0,,3459,
1644418572,in27,1,0,,3460,0,0,,3460,
1644418572,B14,1,0,,3460,0,0,,3460,
1644418572,B11,1,0,,3460,0,0,,3460,
1644418572,cn12,1,0,,3460,0,0,,3460,
1644418572,B54,1,0,,3460,0,0,,3460,
1644418572,B51,1,0,,3460,0,0,,3460,
1644418572,os4,1,0,,3460,0,0,,3460,
1644418572,in4,1,0,,3460,0,0,,3460,
1644418572,B33,1,0,,3460,0,0,,3460,
1644418572,in27,1,0,,3461,0,0,,3461,
1644418572,B14,1,0,,3461,0,0,,3461,
1644418572,B11,1,0,,3461,0,0,,3461,
1644418572,cn12,1,0,,3461,0,0,,3461,
1644418572,B54,1,0,,3461,0,0,,3461,
1644418572,B51,1,0,,3461,0,0,,3461,
1644418572,os4,1,0,,3461,0,0,,3461,
1644418572,in4,1,0,,3461,0,0,,3461,
1644418572,B33,1,0,,3461,0,0,,3461,
1644418572,in27,1,0,,3462,0,0,,3462,
1644418572,B14,1,0,,3462,0,0,,3462,
1644418572,B11,1,0,,3462,0,0,,3462,
1644418572,cn12,1,0,,3462,0,0,,3462,
1644418572,B54,1,0,,3462,0,0,,3462,
1644418572,B51,1,0,,3462,0,0,,3462,
1644418572,os4,1,0,,3462,0,0,,3462,
1644418572,in4,1,0,,3462,0,0,,3462,
1644418572,B33,1,0,,3462,0,0,,3462,
1644418572,in27,1,0,,3463,0,0,,3463,
1644418572,B14,1,0,,3463,0,0,,3463,
1644418572,B11,1,0,,3463,0,0,,3463,
1644418572,cn12,1,0,,3463,0,0,,3463,
1644418572,B54,1,0,,3463,0,0,,3463,
1644418572,B51,1,0,,3463,0,0,,3463,
1644418572,os4,1,0,,3463,0,0,,3463,
1644418572,in4,1,0,,3463,0,0,,3463,
1644418572,B33,1,0,,3463,0,0,,3463,
1644418572,in27,1,0,,3464,0,0,,3464,
1644418572,B14,1,0,,3464,0,0,,3464,
1644418572,B11,1,0,,3464,0,0,,3464,
1644418572,cn12,1,0,,3464,0,0,,3464,
1644418572,B54,1,0,,3464,0,0,,3464,
1644418572,B51,1,0,,3464,0,0,,3464,
1644418572,os4,1,0,,3464,0,0,,3464,
1644418572,in4,1,0,,3464,0,0,,3464,
1644418572,B33,1,0,,3464,0,0,,3464,
1644418572,in27,1,0,,3465,0,0,,3465,
1644418572,B14,1,0,,3465,0,0,,3465,
1644418572,B11,1,0,,3465,0,0,,3465,
1644418572,cn12,1,0,,3465,0,0,,3465,
1644418572,B54,1,0,,3465,0,0,,3465,
1644418572,B51,1,0,,3465,0,0,,3465,
1644418572,os4,1,0,,3465,0,0,,3465,
1644418572,in4,1,0,,3465,0,0,,3465,
1644418572,B33,1,0,,3465,0,0,,3465,
1644418572,in27,1,0,,3466,0,0,,3466,
1644418572,B14,1,0,,3466,0,0,,3466,
1644418572,B11,1,0,,3466,0,0,,3466,
1644418572,cn12,1,0,,3466,0,0,,3466,
1644418572,B54,1,0,,3466,0,0,,3466,
1644418572,B51,1,0,,3466,0,0,,3466,
1644418572,os4,1,0,,3466,0,0,,3466,
1644418572,in4,1,0,,3466,0,0,,3466,
1644418572,B33,1,0,,3466,0,0,,3466,
1644418572,in27,1,0,,3467,0,0,,3467,
1644418572,B14,1,0,,3467,0,0,,3467,
1644418572,B11,1,0,,3467,0,0,,3467,
1644418572,cn12,1,0,,3467,0,0,,3467,
1644418572,B54,1,0,,3467,0,0,,3467,
1644418572,B51,1,0,,3467,0,0,,3467,
1644418572,os4,1,0,,3467,0,0,,3467,
1644418572,in4,1,0,,3467,0,0,,3467,
1644418572,B33,1,0,,3467,0,0,,3467,
1644418572,in27,1,0,,3468,0,0,,3468,
1644418572,B14,1,0,,3468,0,0,,3468,
1644418572,B11,1,0,,3468,0,0,,3468,
1644418572,cn12,1,0,,3468,0,0,,3468,
1644418572,B54,1,0,,3468,0,0,,3468,
1644418572,B51,1,0,,3468,0,0,,3468,
1644418572,os4,1,0,,3468,0,0,,3468,
1644418572,in4,1,0,,3468,0,0,,3468,
1644418572,B33,1,0,,3468,0,0,,3468,
1644418572,in27,1,0,,3469,0,0,,3469,
1644418572,B14,1,0,,3469,0,0,,3469,
1644418572,B11,1,0,,3469,0,0,,3469,
1644418572,cn12,1,0,,3469,0,0,,3469,
1644418572,B54,1,0,,3469,0,0,,3469,
1644418572,B51,1,0,,3469,0,0,,3469,
1644418572,os4,1,0,,3469,0,0,,3469,
1644418572,in4,1,0,,3469,0,0,,3469,
1644418572,B33,1,0,,3469,0,0,,3469,
1644418572,in27,1,0,,3470,0,0,,3470,
1644418572,B14,1,0,,3470,0,0,,3470,
1644418572,B11,1,0,,3470,0,0,,3470,
1644418572,cn12,1,0,,3470,0,0,,3470,
1644418572,B54,1,0,,3470,0,0,,3470,
1644418572,B51,1,0,,3470,0,0,,3470,
1644418572,os4,1,0,,3470,0,0,,3470,
1644418572,in4,1,0,,3470,0,0,,3470,
1644418572,B33,1,0,,3470,0,0,,3470,
1644418574,in27,1,0,,3471,0,0,,3471,
1644418574,B14,1,0,,3471,0,0,,3471,
1644418574,B11,1,0,,3471,0,0,,3471,
1644418574,cn12,1,0,,3471,0,0,,3471,
1644418574,B54,1,1,job1082_scenario1_3469,3471,0,0,,3471,
1644418574,B51,1,0,,3471,0,0,,3471,
1644418574,os4,1,0,,3471,0,0,,3471,
1644418574,in4,1,0,,3471,0,0,,3471,
1644418574,B33,1,0,,3471,0,0,,3471,
1644418574,in27,1,0,,3472,0,0,,3472,
1644418574,B14,1,0,,3472,0,0,,3472,
1644418574,B11,1,0,,3472,0,0,,3472,
1644418574,cn12,1,0,,3472,0,0,,3472,
1644418574,B54,1,1,job1082_scenario1_3469,3472,0,0,,3472,
1644418574,B51,1,0,,3472,0,0,,3472,
1644418574,os4,1,0,,3472,0,0,,3472,
1644418574,in4,1,0,,3472,0,0,,3472,
1644418574,B33,1,0,,3472,0,0,,3472,
1644418574,in27,1,0,,3473,0,0,,3473,
1644418574,B14,1,0,,3473,0,0,,3473,
1644418574,B11,1,0,,3473,0,0,,3473,
1644418574,cn12,1,0,,3473,0,0,,3473,
1644418574,B54,1,1,job1082_scenario1_3469,3473,0,0,,3473,
1644418574,B51,1,0,,3473,0,0,,3473,
1644418574,os4,1,0,,3473,0,0,,3473,
1644418574,in4,1,0,,3473,0,0,,3473,
1644418574,B33,1,0,,3473,0,0,,3473,
1644418574,in27,1,0,,3474,0,0,,3474,
1644418574,B14,1,0,,3474,0,0,,3474,
1644418574,B11,1,0,,3474,0,0,,3474,
1644418574,cn12,1,0,,3474,0,0,,3474,
1644418574,B54,1,1,job1082_scenario1_3469,3474,0,0,,3474,
1644418574,B51,1,0,,3474,0,0,,3474,
1644418574,os4,1,0,,3474,0,0,,3474,
1644418574,in4,1,0,,3474,0,0,,3474,
1644418574,B33,1,0,,3474,0,0,,3474,
1644418574,in27,1,0,,3475,0,0,,3475,
1644418574,B14,1,0,,3475,0,0,,3475,
1644418574,B11,1,0,,3475,0,0,,3475,
1644418574,cn12,1,0,,3475,0,0,,3475,
1644418574,B54,1,1,job1082_scenario1_3469,3475,0,0,,3475,
1644418574,B51,1,0,,3475,0,0,,3475,
1644418574,os4,1,0,,3475,0,0,,3475,
1644418574,in4,1,0,,3475,0,0,,3475,
1644418574,B33,1,0,,3475,0,0,,3475,
1644418574,in27,1,0,,3476,0,0,,3476,
1644418574,B14,1,0,,3476,0,0,,3476,
1644418574,B11,1,0,,3476,0,0,,3476,
1644418574,cn12,1,0,,3476,0,0,,3476,
1644418574,B54,1,1,job1082_scenario1_3469,3476,0,0,,3476,
1644418574,B51,1,0,,3476,0,0,,3476,
1644418574,os4,1,0,,3476,0,0,,3476,
1644418574,in4,1,0,,3476,0,0,,3476,
1644418574,B33,1,0,,3476,0,0,,3476,
1644418574,in27,1,0,,3477,0,0,,3477,
1644418574,B14,1,0,,3477,0,0,,3477,
1644418574,B11,1,0,,3477,0,0,,3477,
1644418574,cn12,1,0,,3477,0,0,,3477,
1644418574,B54,1,1,job1082_scenario1_3469,3477,0,0,,3477,
1644418574,B51,1,0,,3477,0,0,,3477,
1644418574,os4,1,0,,3477,0,0,,3477,
1644418574,in4,1,0,,3477,0,0,,3477,
1644418574,B33,1,0,,3477,0,0,,3477,
1644418574,in27,1,0,,3478,0,0,,3478,
1644418574,B14,1,0,,3478,0,0,,3478,
1644418574,B11,1,0,,3478,0,0,,3478,
1644418574,cn12,1,0,,3478,0,0,,3478,
1644418574,B54,1,1,job1082_scenario1_3469,3478,0,0,,3478,
1644418574,B51,1,0,,3478,0,0,,3478,
1644418574,os4,1,0,,3478,0,0,,3478,
1644418574,in4,1,0,,3478,0,0,,3478,
1644418574,B33,1,0,,3478,0,0,,3478,
1644418574,in27,1,0,,3479,0,0,,3479,
1644418574,B14,1,0,,3479,0,0,,3479,
1644418574,B11,1,0,,3479,0,0,,3479,
1644418574,cn12,1,0,,3479,0,0,,3479,
1644418574,B54,1,0,,3479,0,0,,3479,
1644418574,B51,1,0,,3479,0,0,,3479,
1644418574,os4,1,0,,3479,0,0,,3479,
1644418574,in4,1,0,,3479,0,0,,3479,
1644418574,B33,1,0,,3479,0,0,,3479,
1644418574,in27,1,0,,3480,0,0,,3480,
1644418574,B14,1,0,,3480,0,0,,3480,
1644418574,B11,1,0,,3480,0,0,,3480,
1644418574,cn12,1,0,,3480,0,0,,3480,
1644418574,B54,1,0,,3480,0,0,,3480,
1644418574,B51,1,0,,3480,0,0,,3480,
1644418574,os4,1,0,,3480,0,0,,3480,
1644418574,in4,1,0,,3480,0,0,,3480,
1644418574,B33,1,0,,3480,0,0,,3480,
1644418575,in27,1,0,,3481,0,0,,3481,
1644418575,B14,1,0,,3481,0,0,,3481,
1644418575,B11,1,0,,3481,0,0,,3481,
1644418575,cn12,1,0,,3481,0,0,,3481,
1644418575,B54,1,0,,3481,0,0,,3481,
1644418575,B51,1,0,,3481,0,0,,3481,
1644418575,os4,1,0,,3481,0,0,,3481,
1644418575,in4,1,0,,3481,0,0,,3481,
1644418575,B33,1,0,,3481,0,0,,3481,
1644418575,in27,1,0,,3482,0,0,,3482,
1644418575,B14,1,0,,3482,0,0,,3482,
1644418575,B11,1,0,,3482,0,0,,3482,
1644418575,cn12,1,0,,3482,0,0,,3482,
1644418575,B54,1,0,,3482,0,0,,3482,
1644418575,B51,1,0,,3482,0,0,,3482,
1644418575,os4,1,0,,3482,0,0,,3482,
1644418575,in4,1,0,,3482,0,0,,3482,
1644418575,B33,1,0,,3482,0,0,,3482,
1644418575,in27,1,0,,3483,0,0,,3483,
1644418575,B14,1,0,,3483,0,0,,3483,
1644418575,B11,1,0,,3483,0,0,,3483,
1644418575,cn12,1,0,,3483,0,0,,3483,
1644418575,B54,1,0,,3483,0,0,,3483,
1644418575,B51,1,0,,3483,0,0,,3483,
1644418575,os4,1,0,,3483,0,0,,3483,
1644418575,in4,1,0,,3483,0,0,,3483,
1644418575,B33,1,0,,3483,0,0,,3483,
1644418575,in27,1,0,,3484,0,0,,3484,
1644418575,B14,1,0,,3484,0,0,,3484,
1644418575,B11,1,0,,3484,0,0,,3484,
1644418575,cn12,1,0,,3484,0,0,,3484,
1644418575,B54,1,0,,3484,0,0,,3484,
1644418575,B51,1,0,,3484,0,0,,3484,
1644418575,os4,1,0,,3484,0,0,,3484,
1644418575,in4,1,0,,3484,0,0,,3484,
1644418575,B33,1,0,,3484,0,0,,3484,
1644418577,in27,1,0,,3485,0,0,,3485,
1644418577,B14,1,0,,3485,0,0,,3485,
1644418577,B11,1,0,,3485,0,0,,3485,
1644418577,cn12,1,0,,3485,0,0,,3485,
1644418577,B54,1,1,job1084_scenario0_3471,3485,0,0,,3485,
1644418577,B51,1,0,,3485,0,0,,3485,
1644418577,os4,1,0,,3485,0,0,,3485,
1644418577,in4,1,0,,3485,0,0,,3485,
1644418577,B33,1,0,,3485,0,0,,3485,
1644418578,in27,1,0,,3486,0,0,,3486,
1644418578,B14,1,0,,3486,0,0,,3486,
1644418578,B11,1,0,,3486,0,0,,3486,
1644418578,cn12,1,0,,3486,0,0,,3486,
1644418578,B54,1,1,job1084_scenario0_3471,3486,0,0,,3486,
1644418578,B51,1,0,,3486,0,0,,3486,
1644418578,os4,1,1,job1087_scenario4_3482,3486,0,0,,3486,
1644418578,in4,1,0,,3486,0,0,,3486,
1644418578,B33,1,0,,3486,0,0,,3486,
1644418578,in27,1,0,,3487,0,0,,3487,
1644418578,B14,1,0,,3487,0,0,,3487,
1644418578,B11,1,0,,3487,0,0,,3487,
1644418578,cn12,1,0,,3487,0,0,,3487,
1644418578,B54,1,1,job1084_scenario0_3471,3487,0,0,,3487,
1644418578,B51,1,0,,3487,0,0,,3487,
1644418578,os4,1,1,job1087_scenario4_3482,3487,0,0,,3487,
1644418578,in4,1,0,,3487,0,0,,3487,
1644418578,B33,1,0,,3487,0,0,,3487,
1644418578,in27,1,0,,3488,0,0,,3488,
1644418578,B14,1,0,,3488,0,0,,3488,
1644418578,B11,1,0,,3488,0,0,,3488,
1644418578,cn12,1,0,,3488,0,0,,3488,
1644418578,B54,1,1,job1084_scenario0_3471,3488,0,0,,3488,
1644418578,B51,1,0,,3488,0,0,,3488,
1644418578,os4,1,1,job1087_scenario4_3482,3488,0,0,,3488,
1644418578,in4,1,0,,3488,0,0,,3488,
1644418578,B33,1,0,,3488,0,0,,3488,
1644418579,in27,1,0,,3489,0,0,,3489,
1644418579,B14,1,0,,3489,0,0,,3489,
1644418579,B11,1,0,,3489,0,0,,3489,
1644418579,cn12,1,0,,3489,0,0,,3489,
1644418579,B54,1,1,job1084_scenario0_3471,3489,0,0,,3489,
1644418579,B51,1,0,,3489,0,0,,3489,
1644418579,os4,1,1,job1087_scenario4_3482,3489,0,0,,3489,
1644418579,in4,1,0,,3489,0,0,,3489,
1644418579,B33,1,0,,3489,0,0,,3489,
1644418579,in27,1,0,,3490,0,0,,3490,
1644418579,B14,1,0,,3490,0,0,,3490,
1644418579,B11,1,0,,3490,0,0,,3490,
1644418579,cn12,1,0,,3490,0,0,,3490,
1644418579,B54,1,1,job1084_scenario0_3471,3490,0,0,,3490,
1644418579,B51,1,0,,3490,0,0,,3490,
1644418579,os4,1,1,job1087_scenario4_3482,3490,0,0,,3490,
1644418579,in4,1,0,,3490,0,0,,3490,
1644418579,B33,1,0,,3490,0,0,,3490,
1644418579,in27,1,0,,3491,0,0,,3491,
1644418579,B14,1,0,,3491,0,0,,3491,
1644418579,B11,1,0,,3491,0,0,,3491,
1644418579,cn12,1,0,,3491,0,0,,3491,
1644418579,B54,1,1,job1084_scenario0_3471,3491,0,0,,3491,
1644418579,B51,1,0,,3491,0,0,,3491,
1644418579,os4,1,0,,3491,0,0,,3491,
1644418579,in4,1,0,,3491,0,0,,3491,
1644418579,B33,1,0,,3491,0,0,,3491,
1644418579,in27,1,0,,3492,0,0,,3492,
1644418579,B14,1,0,,3492,0,0,,3492,
1644418579,B11,1,0,,3492,0,0,,3492,
1644418579,cn12,1,0,,3492,0,0,,3492,
1644418579,B54,1,1,job1084_scenario0_3471,3492,0,0,,3492,
1644418579,B51,1,0,,3492,0,0,,3492,
1644418579,os4,1,0,,3492,0,0,,3492,
1644418579,in4,1,0,,3492,0,0,,3492,
1644418579,B33,1,0,,3492,0,0,,3492,
1644418579,in27,1,0,,3493,0,0,,3493,
1644418579,B14,1,0,,3493,0,0,,3493,
1644418579,B11,1,0,,3493,0,0,,3493,
1644418579,cn12,1,0,,3493,0,0,,3493,
1644418579,B54,1,1,job1084_scenario0_3471,3493,0,0,,3493,
1644418579,B51,1,0,,3493,0,0,,3493,
1644418579,os4,1,0,,3493,0,0,,3493,
1644418579,in4,1,0,,3493,0,0,,3493,
1644418579,B33,1,0,,3493,0,0,,3493,
1644418579,in27,1,0,,3494,0,0,,3494,
1644418579,B14,1,0,,3494,0,0,,3494,
1644418579,B11,1,0,,3494,0,0,,3494,
1644418579,cn12,1,0,,3494,0,0,,3494,
1644418579,B54,1,1,job1084_scenario0_3471,3494,0,0,,3494,
1644418579,B51,1,0,,3494,0,0,,3494,
1644418579,os4,1,0,,3494,0,0,,3494,
1644418579,in4,1,0,,3494,0,0,,3494,
1644418579,B33,1,0,,3494,0,0,,3494,
1644418579,in27,1,0,,3495,0,0,,3495,
1644418579,B14,1,0,,3495,0,0,,3495,
1644418579,B11,1,0,,3495,0,0,,3495,
1644418579,cn12,1,0,,3495,0,0,,3495,
1644418579,B54,1,1,job1084_scenario0_3471,3495,0,0,,3495,
1644418579,B51,1,0,,3495,0,0,,3495,
1644418579,os4,1,0,,3495,0,0,,3495,
1644418579,in4,1,0,,3495,0,0,,3495,
1644418579,B33,1,0,,3495,0,0,,3495,
1644418580,in27,1,0,,3496,0,0,,3496,
1644418580,B14,1,0,,3496,0,0,,3496,
1644418580,B11,1,0,,3496,0,0,,3496,
1644418580,cn12,1,0,,3496,0,0,,3496,
1644418580,B54,1,1,job1084_scenario0_3471,3496,0,0,,3496,
1644418580,B51,1,0,,3496,0,0,,3496,
1644418580,os4,1,0,,3496,0,0,,3496,
1644418580,in4,1,0,,3496,0,0,,3496,
1644418580,B33,1,0,,3496,0,0,,3496,
1644418580,in27,1,0,,3497,0,0,,3497,
1644418580,B14,1,0,,3497,0,0,,3497,
1644418580,B11,1,0,,3497,0,0,,3497,
1644418580,cn12,1,0,,3497,0,0,,3497,
1644418580,B54,1,1,job1084_scenario0_3471,3497,0,0,,3497,
1644418580,B51,1,0,,3497,0,0,,3497,
1644418580,os4,1,0,,3497,0,0,,3497,
1644418580,in4,1,0,,3497,0,0,,3497,
1644418580,B33,1,0,,3497,0,0,,3497,
1644418580,in27,1,0,,3498,0,0,,3498,
1644418580,B14,1,0,,3498,0,0,,3498,
1644418580,B11,1,0,,3498,0,0,,3498,
1644418580,cn12,1,0,,3498,0,0,,3498,
1644418580,B54,1,1,job1084_scenario0_3471,3498,0,0,,3498,
1644418580,B51,1,0,,3498,0,0,,3498,
1644418580,os4,1,0,,3498,0,0,,3498,
1644418580,in4,1,0,,3498,0,0,,3498,
1644418580,B33,1,0,,3498,0,0,,3498,
1644418580,in27,1,0,,3499,0,0,,3499,
1644418580,B14,1,0,,3499,0,0,,3499,
1644418580,B11,1,0,,3499,0,0,,3499,
1644418580,cn12,1,0,,3499,0,0,,3499,
1644418580,B54,1,0,,3499,0,0,,3499,
1644418580,B51,1,0,,3499,0,0,,3499,
1644418580,os4,1,0,,3499,0,0,,3499,
1644418580,in4,1,0,,3499,0,0,,3499,
1644418580,B33,1,0,,3499,0,0,,3499,
1644418580,in27,1,0,,3500,0,0,,3500,
1644418580,B14,1,0,,3500,0,0,,3500,
1644418580,B11,1,0,,3500,0,0,,3500,
1644418580,cn12,1,0,,3500,0,0,,3500,
1644418580,B54,1,0,,3500,0,0,,3500,
1644418580,B51,1,0,,3500,0,0,,3500,
1644418580,os4,1,0,,3500,0,0,,3500,
1644418580,in4,1,0,,3500,0,0,,3500,
1644418580,B33,1,0,,3500,0,0,,3500,
1644418580,in27,1,0,,3501,0,0,,3501,
1644418580,B14,1,0,,3501,0,0,,3501,
1644418580,B11,1,0,,3501,0,0,,3501,
1644418580,cn12,1,0,,3501,0,0,,3501,
1644418580,B54,1,0,,3501,0,0,,3501,
1644418580,B51,1,0,,3501,0,0,,3501,
1644418580,os4,1,0,,3501,0,0,,3501,
1644418580,in4,1,0,,3501,0,0,,3501,
1644418580,B33,1,0,,3501,0,0,,3501,
1644418580,in27,1,0,,3502,0,0,,3502,
1644418580,B14,1,0,,3502,0,0,,3502,
1644418580,B11,1,0,,3502,0,0,,3502,
1644418580,cn12,1,0,,3502,0,0,,3502,
1644418580,B54,1,0,,3502,0,0,,3502,
1644418580,B51,1,0,,3502,0,0,,3502,
1644418580,os4,1,0,,3502,0,0,,3502,
1644418580,in4,1,0,,3502,0,0,,3502,
1644418580,B33,1,0,,3502,0,0,,3502,
1644418580,in27,1,0,,3503,0,0,,3503,
1644418580,B14,1,0,,3503,0,0,,3503,
1644418580,B11,1,0,,3503,0,0,,3503,
1644418580,cn12,1,0,,3503,0,0,,3503,
1644418580,B54,1,0,,3503,0,0,,3503,
1644418580,B51,1,0,,3503,0,0,,3503,
1644418580,os4,1,0,,3503,0,0,,3503,
1644418580,in4,1,0,,3503,0,0,,3503,
1644418580,B33,1,0,,3503,0,0,,3503,
1644418580,in27,1,0,,3504,0,0,,3504,
1644418580,B14,1,0,,3504,0,0,,3504,
1644418580,B11,1,0,,3504,0,0,,3504,
1644418580,cn12,1,0,,3504,0,0,,3504,
1644418580,B54,1,0,,3504,0,0,,3504,
1644418580,B51,1,0,,3504,0,0,,3504,
1644418580,os4,1,0,,3504,0,0,,3504,
1644418580,in4,1,0,,3504,0,0,,3504,
1644418580,B33,1,0,,3504,0,0,,3504,
1644418582,in27,1,0,,3505,0,0,,3505,
1644418582,B14,1,0,,3505,0,0,,3505,
1644418582,B11,1,0,,3505,0,0,,3505,
1644418582,cn12,1,0,,3505,0,0,,3505,
1644418582,B54,1,0,,3505,0,0,,3505,
1644418582,B51,1,0,,3505,0,0,,3505,
1644418582,os4,1,0,,3505,0,0,,3505,
1644418582,in4,1,0,,3505,0,0,,3505,
1644418582,B33,1,0,,3505,0,0,,3505,
1644418582,in27,1,0,,3506,0,0,,3506,
1644418582,B14,1,0,,3506,0,0,,3506,
1644418582,B11,1,0,,3506,0,0,,3506,
1644418582,cn12,1,0,,3506,0,0,,3506,
1644418582,B54,1,0,,3506,0,0,,3506,
1644418582,B51,1,0,,3506,0,0,,3506,
1644418582,os4,1,0,,3506,0,0,,3506,
1644418582,in4,1,0,,3506,0,0,,3506,
1644418582,B33,1,0,,3506,0,0,,3506,
1644418583,in27,1,0,,3507,0,0,,3507,
1644418583,B14,1,0,,3507,0,0,,3507,
1644418583,B11,1,0,,3507,0,0,,3507,
1644418583,cn12,1,0,,3507,0,0,,3507,
1644418583,B54,1,0,,3507,0,0,,3507,
1644418583,B51,1,0,,3507,0,0,,3507,
1644418583,os4,1,1,job1089_scenario4_3503,3507,0,0,,3507,
1644418583,in4,1,0,,3507,0,0,,3507,
1644418583,B33,1,0,,3507,0,0,,3507,
1644418583,in27,1,0,,3508,0,0,,3508,
1644418583,B14,1,0,,3508,0,0,,3508,
1644418583,B11,1,0,,3508,0,0,,3508,
1644418583,cn12,1,0,,3508,0,0,,3508,
1644418583,B54,1,0,,3508,0,0,,3508,
1644418583,B51,1,0,,3508,0,0,,3508,
1644418583,os4,1,1,job1089_scenario4_3503,3508,0,0,,3508,
1644418583,in4,1,0,,3508,0,0,,3508,
1644418583,B33,1,0,,3508,0,0,,3508,
1644418583,in27,1,0,,3509,0,0,,3509,
1644418583,B14,1,0,,3509,0,0,,3509,
1644418583,B11,1,0,,3509,0,0,,3509,
1644418583,cn12,1,0,,3509,0,0,,3509,
1644418583,B54,1,0,,3509,0,0,,3509,
1644418583,B51,1,0,,3509,0,0,,3509,
1644418583,os4,1,1,job1089_scenario4_3503,3509,0,0,,3509,
1644418583,in4,1,0,,3509,0,0,,3509,
1644418583,B33,1,0,,3509,0,0,,3509,
1644418583,in27,1,0,,3510,0,0,,3510,
1644418583,B14,1,0,,3510,0,0,,3510,
1644418583,B11,1,0,,3510,0,0,,3510,
1644418583,cn12,1,0,,3510,0,0,,3510,
1644418583,B54,1,0,,3510,0,0,,3510,
1644418583,B51,1,0,,3510,0,0,,3510,
1644418583,os4,1,1,job1089_scenario4_3503,3510,0,0,,3510,
1644418583,in4,1,0,,3510,0,0,,3510,
1644418583,B33,1,0,,3510,0,0,,3510,
1644418583,in27,1,0,,3511,0,0,,3511,
1644418583,B14,1,0,,3511,0,0,,3511,
1644418583,B11,1,0,,3511,0,0,,3511,
1644418583,cn12,1,0,,3511,0,0,,3511,
1644418583,B54,1,0,,3511,0,0,,3511,
1644418583,B51,1,0,,3511,0,0,,3511,
1644418583,os4,1,0,,3511,0,0,,3511,
1644418583,in4,1,0,,3511,0,0,,3511,
1644418583,B33,1,0,,3511,0,0,,3511,
1644418584,in27,1,0,,3512,0,0,,3512,
1644418584,B14,1,0,,3512,0,0,,3512,
1644418584,B11,1,0,,3512,0,0,,3512,
1644418584,cn12,1,0,,3512,0,0,,3512,
1644418584,B54,1,0,,3512,0,0,,3512,
1644418584,B51,1,0,,3512,0,0,,3512,
1644418584,os4,1,0,,3512,0,0,,3512,
1644418584,in4,1,0,,3512,0,0,,3512,
1644418584,B33,1,0,,3512,0,0,,3512,
1644418584,in27,1,0,,3513,0,0,,3513,
1644418584,B14,1,0,,3513,0,0,,3513,
1644418584,B11,1,0,,3513,0,0,,3513,
1644418584,cn12,1,0,,3513,0,0,,3513,
1644418584,B54,1,0,,3513,0,0,,3513,
1644418584,B51,1,0,,3513,0,0,,3513,
1644418585,os4,1,0,,3513,0,0,,3513,
1644418585,in4,1,0,,3513,0,0,,3513,
1644418585,B33,1,0,,3513,0,0,,3513,
1644418585,in27,1,0,,3514,0,0,,3514,
1644418585,B14,1,0,,3514,0,0,,3514,
1644418585,B11,1,0,,3514,0,0,,3514,
1644418585,cn12,1,0,,3514,0,0,,3514,
1644418585,B54,1,0,,3514,0,0,,3514,
1644418585,B51,1,0,,3514,0,0,,3514,
1644418585,os4,1,0,,3514,0,0,,3514,
1644418585,in4,1,0,,3514,0,0,,3514,
1644418585,B33,1,0,,3514,0,0,,3514,
1644418587,in27,1,0,,3515,0,0,,3515,
1644418587,B14,1,0,,3515,0,0,,3515,
1644418587,B11,1,0,,3515,0,0,,3515,
1644418587,cn12,1,0,,3515,0,0,,3515,
1644418587,B54,1,1,job1092_scenario1_3513,3515,0,0,,3515,
1644418587,B51,1,0,,3515,0,0,,3515,
1644418587,os4,1,0,,3515,0,0,,3515,
1644418587,in4,1,0,,3515,0,0,,3515,
1644418587,B33,1,0,,3515,0,0,,3515,
1644418587,in27,1,0,,3516,0,0,,3516,
1644418587,B14,1,0,,3516,0,0,,3516,
1644418587,B11,1,0,,3516,0,0,,3516,
1644418587,cn12,1,0,,3516,0,0,,3516,
1644418587,B54,1,1,job1092_scenario1_3513,3516,0,0,,3516,
1644418587,B51,1,0,,3516,0,0,,3516,
1644418587,os4,1,0,,3516,0,0,,3516,
1644418587,in4,1,0,,3516,0,0,,3516,
1644418587,B33,1,0,,3516,0,0,,3516,
1644418587,in27,1,0,,3517,0,0,,3517,
1644418587,B14,1,0,,3517,0,0,,3517,
1644418587,B11,1,0,,3517,0,0,,3517,
1644418587,cn12,1,0,,3517,0,0,,3517,
1644418587,B54,1,1,job1092_scenario1_3513,3517,0,0,,3517,
1644418587,B51,1,0,,3517,0,0,,3517,
1644418587,os4,1,0,,3517,0,0,,3517,
1644418587,in4,1,0,,3517,0,0,,3517,
1644418587,B33,1,0,,3517,0,0,,3517,
1644418587,in27,1,0,,3518,0,0,,3518,
1644418587,B14,1,0,,3518,0,0,,3518,
1644418587,B11,1,0,,3518,0,0,,3518,
1644418587,cn12,1,0,,3518,0,0,,3518,
1644418587,B54,1,1,job1092_scenario1_3513,3518,0,0,,3518,
1644418587,B51,1,0,,3518,0,0,,3518,
1644418587,os4,1,0,,3518,0,0,,3518,
1644418587,in4,1,0,,3518,0,0,,3518,
1644418587,B33,1,0,,3518,0,0,,3518,
1644418587,in27,1,0,,3519,0,0,,3519,
1644418587,B14,1,0,,3519,0,0,,3519,
1644418587,B11,1,0,,3519,0,0,,3519,
1644418587,cn12,1,0,,3519,0,0,,3519,
1644418587,B54,1,1,job1092_scenario1_3513,3519,0,0,,3519,
1644418587,B51,1,0,,3519,0,0,,3519,
1644418587,os4,1,0,,3519,0,0,,3519,
1644418587,in4,1,0,,3519,0,0,,3519,
1644418587,B33,1,0,,3519,0,0,,3519,
1644418587,in27,1,0,,3520,0,0,,3520,
1644418587,B14,1,0,,3520,0,0,,3520,
1644418587,B11,1,0,,3520,0,0,,3520,
1644418587,cn12,1,0,,3520,0,0,,3520,
1644418587,B54,1,1,job1092_scenario1_3513,3520,0,0,,3520,
1644418587,B51,1,0,,3520,0,0,,3520,
1644418587,os4,1,0,,3520,0,0,,3520,
1644418587,in4,1,0,,3520,0,0,,3520,
1644418587,B33,1,0,,3520,0,0,,3520,
1644418589,in27,1,0,,3521,0,0,,3521,
1644418589,B14,1,0,,3521,0,0,,3521,
1644418589,B11,1,0,,3521,0,0,,3521,
1644418589,cn12,1,0,,3521,0,0,,3521,
1644418589,B54,1,0,,3521,0,0,,3521,
1644418589,B51,1,0,,3521,0,0,,3521,
1644418589,os4,1,0,,3521,0,0,,3521,
1644418589,in4,1,0,,3521,0,0,,3521,
1644418589,B33,1,0,,3521,0,0,,3521,
1644418589,in27,1,0,,3522,0,0,,3522,
1644418589,B14,1,0,,3522,0,0,,3522,
1644418589,B11,1,0,,3522,0,0,,3522,
1644418589,cn12,1,0,,3522,0,0,,3522,
1644418589,B54,1,0,,3522,0,0,,3522,
1644418589,B51,1,0,,3522,0,0,,3522,
1644418589,os4,1,0,,3522,0,0,,3522,
1644418589,in4,1,0,,3522,0,0,,3522,
1644418589,B33,1,0,,3522,0,0,,3522,
1644418589,in27,1,0,,3523,0,0,,3523,
1644418589,B14,1,0,,3523,0,0,,3523,
1644418589,B11,1,0,,3523,0,0,,3523,
1644418589,cn12,1,0,,3523,0,0,,3523,
1644418589,B54,1,0,,3523,0,0,,3523,
1644418589,B51,1,0,,3523,0,0,,3523,
1644418589,os4,1,0,,3523,0,0,,3523,
1644418589,in4,1,0,,3523,0,0,,3523,
1644418589,B33,1,0,,3523,0,0,,3523,
1644418589,in27,1,0,,3524,0,0,,3524,
1644418589,B14,1,0,,3524,0,0,,3524,
1644418589,B11,1,0,,3524,0,0,,3524,
1644418589,cn12,1,0,,3524,0,0,,3524,
1644418589,B54,1,0,,3524,0,0,,3524,
1644418589,B51,1,0,,3524,0,0,,3524,
1644418589,os4,1,0,,3524,0,0,,3524,
1644418589,in4,1,0,,3524,0,0,,3524,
1644418589,B33,1,0,,3524,0,0,,3524,
1644418589,in27,1,0,,3525,0,0,,3525,
1644418589,B14,1,0,,3525,0,0,,3525,
1644418589,B11,1,0,,3525,0,0,,3525,
1644418589,cn12,1,0,,3525,0,0,,3525,
1644418589,B54,1,0,,3525,0,0,,3525,
1644418589,B51,1,0,,3525,0,0,,3525,
1644418589,os4,1,0,,3525,0,0,,3525,
1644418589,in4,1,0,,3525,0,0,,3525,
1644418589,B33,1,0,,3525,0,0,,3525,
1644418589,in27,1,0,,3526,0,0,,3526,
1644418589,B14,1,0,,3526,0,0,,3526,
1644418589,B11,1,0,,3526,0,0,,3526,
1644418589,cn12,1,0,,3526,0,0,,3526,
1644418589,B54,1,0,,3526,0,0,,3526,
1644418589,B51,1,0,,3526,0,0,,3526,
1644418589,os4,1,0,,3526,0,0,,3526,
1644418589,in4,1,0,,3526,0,0,,3526,
1644418589,B33,1,0,,3526,0,0,,3526,
1644418589,in27,1,0,,3527,0,0,,3527,
1644418589,B14,1,0,,3527,0,0,,3527,
1644418589,B11,1,0,,3527,0,0,,3527,
1644418589,cn12,1,0,,3527,0,0,,3527,
1644418589,B54,1,0,,3527,0,0,,3527,
1644418589,B51,1,0,,3527,0,0,,3527,
1644418589,os4,1,0,,3527,0,0,,3527,
1644418589,in4,1,0,,3527,0,0,,3527,
1644418589,B33,1,0,,3527,0,0,,3527,
1644418589,in27,1,0,,3528,0,0,,3528,
1644418589,B14,1,0,,3528,0,0,,3528,
1644418589,B11,1,0,,3528,0,0,,3528,
1644418589,cn12,1,0,,3528,0,0,,3528,
1644418589,B54,1,0,,3528,0,0,,3528,
1644418589,B51,1,0,,3528,0,0,,3528,
1644418589,os4,1,0,,3528,0,0,,3528,
1644418589,in4,1,0,,3528,0,0,,3528,
1644418589,B33,1,0,,3528,0,0,,3528,
1644418589,in27,1,0,,3529,0,0,,3529,
1644418589,B14,1,0,,3529,0,0,,3529,
1644418589,B11,1,0,,3529,0,0,,3529,
1644418589,cn12,1,0,,3529,0,0,,3529,
1644418589,B54,1,0,,3529,0,0,,3529,
1644418589,B51,1,0,,3529,0,0,,3529,
1644418589,os4,1,0,,3529,0,0,,3529,
1644418589,in4,1,0,,3529,0,0,,3529,
1644418589,B33,1,0,,3529,0,0,,3529,
1644418589,in27,1,0,,3530,0,0,,3530,
1644418589,B14,1,0,,3530,0,0,,3530,
1644418589,B11,1,0,,3530,0,0,,3530,
1644418589,cn12,1,0,,3530,0,0,,3530,
1644418589,B54,1,0,,3530,0,0,,3530,
1644418589,B51,1,0,,3530,0,0,,3530,
1644418589,os4,1,0,,3530,0,0,,3530,
1644418589,in4,1,0,,3530,0,0,,3530,
1644418589,B33,1,0,,3530,0,0,,3530,
1644418589,in27,1,0,,3531,0,0,,3531,
1644418589,B14,1,0,,3531,0,0,,3531,
1644418589,B11,1,0,,3531,0,0,,3531,
1644418589,cn12,1,0,,3531,0,0,,3531,
1644418589,B54,1,0,,3531,0,0,,3531,
1644418589,B51,1,0,,3531,0,0,,3531,
1644418589,os4,1,0,,3531,0,0,,3531,
1644418589,in4,1,0,,3531,0,0,,3531,
1644418589,B33,1,0,,3531,0,0,,3531,
1644418589,in27,1,0,,3532,0,0,,3532,
1644418589,B14,1,0,,3532,0,0,,3532,
1644418589,B11,1,0,,3532,0,0,,3532,
1644418589,cn12,1,0,,3532,0,0,,3532,
1644418589,B54,1,0,,3532,0,0,,3532,
1644418589,B51,1,0,,3532,0,0,,3532,
1644418589,os4,1,0,,3532,0,0,,3532,
1644418589,in4,1,0,,3532,0,0,,3532,
1644418589,B33,1,0,,3532,0,0,,3532,
1644418589,in27,1,0,,3533,0,0,,3533,
1644418589,B14,1,0,,3533,0,0,,3533,
1644418589,B11,1,0,,3533,0,0,,3533,
1644418589,cn12,1,0,,3533,0,0,,3533,
1644418589,B54,1,0,,3533,0,0,,3533,
1644418589,B51,1,0,,3533,0,0,,3533,
1644418589,os4,1,0,,3533,0,0,,3533,
1644418589,in4,1,0,,3533,0,0,,3533,
1644418589,B33,1,0,,3533,0,0,,3533,
1644418589,in27,1,0,,3534,0,0,,3534,
1644418589,B14,1,0,,3534,0,0,,3534,
1644418589,B11,1,0,,3534,0,0,,3534,
1644418589,cn12,1,0,,3534,0,0,,3534,
1644418589,B54,1,0,,3534,0,0,,3534,
1644418589,B51,1,0,,3534,0,0,,3534,
1644418589,os4,1,0,,3534,0,0,,3534,
1644418589,in4,1,0,,3534,0,0,,3534,
1644418589,B33,1,0,,3534,0,0,,3534,
1644418589,in27,1,0,,3535,0,0,,3535,
1644418589,B14,1,0,,3535,0,0,,3535,
1644418589,B11,1,0,,3535,0,0,,3535,
1644418589,cn12,1,0,,3535,0,0,,3535,
1644418589,B54,1,0,,3535,0,0,,3535,
1644418589,B51,1,0,,3535,0,0,,3535,
1644418589,os4,1,0,,3535,0,0,,3535,
1644418589,in4,1,0,,3535,0,0,,3535,
1644418589,B33,1,0,,3535,0,0,,3535,
1644418589,in27,1,0,,3536,0,0,,3536,
1644418589,B14,1,0,,3536,0,0,,3536,
1644418589,B11,1,0,,3536,0,0,,3536,
1644418589,cn12,1,0,,3536,0,0,,3536,
1644418589,B54,1,0,,3536,0,0,,3536,
1644418589,B51,1,0,,3536,0,0,,3536,
1644418589,os4,1,0,,3536,0,0,,3536,
1644418589,in4,1,0,,3536,0,0,,3536,
1644418589,B33,1,0,,3536,0,0,,3536,
1644418589,in27,1,0,,3537,0,0,,3537,
1644418589,B14,1,0,,3537,0,0,,3537,
1644418589,B11,1,0,,3537,0,0,,3537,
1644418589,cn12,1,0,,3537,0,0,,3537,
1644418589,B54,1,0,,3537,0,0,,3537,
1644418589,B51,1,0,,3537,0,0,,3537,
1644418589,os4,1,0,,3537,0,0,,3537,
1644418589,in4,1,0,,3537,0,0,,3537,
1644418589,B33,1,0,,3537,0,0,,3537,
1644418589,in27,1,0,,3538,0,0,,3538,
1644418589,B14,1,0,,3538,0,0,,3538,
1644418589,B11,1,0,,3538,0,0,,3538,
1644418589,cn12,1,0,,3538,0,0,,3538,
1644418589,B54,1,0,,3538,0,0,,3538,
1644418589,B51,1,0,,3538,0,0,,3538,
1644418589,os4,1,0,,3538,0,0,,3538,
1644418589,in4,1,0,,3538,0,0,,3538,
1644418589,B33,1,0,,3538,0,0,,3538,
1644418589,in27,1,0,,3539,0,0,,3539,
1644418589,B14,1,0,,3539,0,0,,3539,
1644418589,B11,1,0,,3539,0,0,,3539,
1644418589,cn12,1,0,,3539,0,0,,3539,
1644418589,B54,1,0,,3539,0,0,,3539,
1644418589,B51,1,0,,3539,0,0,,3539,
1644418589,os4,1,0,,3539,0,0,,3539,
1644418589,in4,1,0,,3539,0,0,,3539,
1644418589,B33,1,0,,3539,0,0,,3539,
1644418589,in27,1,0,,3540,0,0,,3540,
1644418589,B14,1,0,,3540,0,0,,3540,
1644418589,B11,1,0,,3540,0,0,,3540,
1644418589,cn12,1,0,,3540,0,0,,3540,
1644418589,B54,1,0,,3540,0,0,,3540,
1644418589,B51,1,0,,3540,0,0,,3540,
1644418589,os4,1,0,,3540,0,0,,3540,
1644418589,in4,1,0,,3540,0,0,,3540,
1644418589,B33,1,0,,3540,0,0,,3540,
1644418589,in27,1,0,,3541,0,0,,3541,
1644418589,B14,1,0,,3541,0,0,,3541,
1644418589,B11,1,0,,3541,0,0,,3541,
1644418589,cn12,1,0,,3541,0,0,,3541,
1644418589,B54,1,0,,3541,0,0,,3541,
1644418589,B51,1,0,,3541,0,0,,3541,
1644418589,os4,1,0,,3541,0,0,,3541,
1644418589,in4,1,0,,3541,0,0,,3541,
1644418589,B33,1,0,,3541,0,0,,3541,
1644418589,in27,1,0,,3542,0,0,,3542,
1644418589,B14,1,0,,3542,0,0,,3542,
1644418589,B11,1,0,,3542,0,0,,3542,
1644418589,cn12,1,0,,3542,0,0,,3542,
1644418589,B54,1,0,,3542,0,0,,3542,
1644418589,B51,1,0,,3542,0,0,,3542,
1644418589,os4,1,0,,3542,0,0,,3542,
1644418589,in4,1,0,,3542,0,0,,3542,
1644418589,B33,1,0,,3542,0,0,,3542,
1644418589,in27,1,0,,3543,0,0,,3543,
1644418589,B14,1,0,,3543,0,0,,3543,
1644418589,B11,1,0,,3543,0,0,,3543,
1644418589,cn12,1,0,,3543,0,0,,3543,
1644418589,B54,1,0,,3543,0,0,,3543,
1644418589,B51,1,0,,3543,0,0,,3543,
1644418589,os4,1,0,,3543,0,0,,3543,
1644418589,in4,1,0,,3543,0,0,,3543,
1644418589,B33,1,0,,3543,0,0,,3543,
1644418589,in27,1,0,,3544,0,0,,3544,
1644418589,B14,1,0,,3544,0,0,,3544,
1644418589,B11,1,0,,3544,0,0,,3544,
1644418589,cn12,1,0,,3544,0,0,,3544,
1644418589,B54,1,0,,3544,0,0,,3544,
1644418589,B51,1,0,,3544,0,0,,3544,
1644418589,os4,1,0,,3544,0,0,,3544,
1644418589,in4,1,0,,3544,0,0,,3544,
1644418589,B33,1,0,,3544,0,0,,3544,
1644418589,in27,1,0,,3545,0,0,,3545,
1644418589,B14,1,0,,3545,0,0,,3545,
1644418589,B11,1,0,,3545,0,0,,3545,
1644418589,cn12,1,0,,3545,0,0,,3545,
1644418589,B54,1,0,,3545,0,0,,3545,
1644418589,B51,1,0,,3545,0,0,,3545,
1644418589,os4,1,0,,3545,0,0,,3545,
1644418589,in4,1,0,,3545,0,0,,3545,
1644418589,B33,1,0,,3545,0,0,,3545,
1644418590,in27,1,0,,3546,0,0,,3546,
1644418590,B14,1,0,,3546,0,0,,3546,
1644418590,B11,1,0,,3546,0,0,,3546,
1644418590,cn12,1,0,,3546,0,0,,3546,
1644418590,B54,1,0,,3546,0,0,,3546,
1644418590,B51,1,0,,3546,0,0,,3546,
1644418590,os4,1,0,,3546,0,0,,3546,
1644418590,in4,1,0,,3546,0,0,,3546,
1644418590,B33,1,0,,3546,0,0,,3546,
1644418590,in27,1,0,,3547,0,0,,3547,
1644418590,B14,1,0,,3547,0,0,,3547,
1644418590,B11,1,0,,3547,0,0,,3547,
1644418590,cn12,1,0,,3547,0,0,,3547,
1644418590,B54,1,0,,3547,0,0,,3547,
1644418590,B51,1,0,,3547,0,0,,3547,
1644418590,os4,1,0,,3547,0,0,,3547,
1644418590,in4,1,0,,3547,0,0,,3547,
1644418590,B33,1,0,,3547,0,0,,3547,
1644418590,in27,1,0,,3548,0,0,,3548,
1644418590,B14,1,0,,3548,0,0,,3548,
1644418590,B11,1,0,,3548,0,0,,3548,
1644418590,cn12,1,0,,3548,0,0,,3548,
1644418590,B54,1,0,,3548,0,0,,3548,
1644418590,B51,1,0,,3548,0,0,,3548,
1644418590,os4,1,0,,3548,0,0,,3548,
1644418590,in4,1,0,,3548,0,0,,3548,
1644418590,B33,1,0,,3548,0,0,,3548,
1644418590,in27,1,0,,3549,0,0,,3549,
1644418590,B14,1,0,,3549,0,0,,3549,
1644418590,B11,1,0,,3549,0,0,,3549,
1644418590,cn12,1,0,,3549,0,0,,3549,
1644418590,B54,1,0,,3549,0,0,,3549,
1644418590,B51,1,0,,3549,0,0,,3549,
1644418590,os4,1,0,,3549,0,0,,3549,
1644418590,in4,1,0,,3549,0,0,,3549,
1644418590,B33,1,0,,3549,0,0,,3549,
1644418590,in27,1,0,,3550,0,0,,3550,
1644418590,B14,1,0,,3550,0,0,,3550,
1644418590,B11,1,0,,3550,0,0,,3550,
1644418590,cn12,1,0,,3550,0,0,,3550,
1644418590,B54,1,0,,3550,0,0,,3550,
1644418590,B51,1,0,,3550,0,0,,3550,
1644418590,os4,1,0,,3550,0,0,,3550,
1644418590,in4,1,0,,3550,0,0,,3550,
1644418590,B33,1,0,,3550,0,0,,3550,
1644418590,in27,1,0,,3551,0,0,,3551,
1644418590,B14,1,0,,3551,0,0,,3551,
1644418590,B11,1,0,,3551,0,0,,3551,
1644418590,cn12,1,0,,3551,0,0,,3551,
1644418590,B54,1,0,,3551,0,0,,3551,
1644418590,B51,1,0,,3551,0,0,,3551,
1644418590,os4,1,0,,3551,0,0,,3551,
1644418590,in4,1,0,,3551,0,0,,3551,
1644418590,B33,1,0,,3551,0,0,,3551,
1644418590,in27,1,0,,3552,0,0,,3552,
1644418590,B14,1,0,,3552,0,0,,3552,
1644418590,B11,1,0,,3552,0,0,,3552,
1644418590,cn12,1,0,,3552,0,0,,3552,
1644418590,B54,1,0,,3552,0,0,,3552,
1644418590,B51,1,0,,3552,0,0,,3552,
1644418590,os4,1,0,,3552,0,0,,3552,
1644418590,in4,1,0,,3552,0,0,,3552,
1644418590,B33,1,0,,3552,0,0,,3552,
1644418590,in27,1,0,,3553,0,0,,3553,
1644418590,B14,1,0,,3553,0,0,,3553,
1644418590,B11,1,0,,3553,0,0,,3553,
1644418590,cn12,1,0,,3553,0,0,,3553,
1644418590,B54,1,0,,3553,0,0,,3553,
1644418590,B51,1,0,,3553,0,0,,3553,
1644418590,os4,1,0,,3553,0,0,,3553,
1644418590,in4,1,0,,3553,0,0,,3553,
1644418590,B33,1,0,,3553,0,0,,3553,
1644418590,in27,1,0,,3554,0,0,,3554,
1644418590,B14,1,0,,3554,0,0,,3554,
1644418590,B11,1,0,,3554,0,0,,3554,
1644418590,cn12,1,0,,3554,0,0,,3554,
1644418590,B54,1,0,,3554,0,0,,3554,
1644418590,B51,1,0,,3554,0,0,,3554,
1644418590,os4,1,0,,3554,0,0,,3554,
1644418590,in4,1,0,,3554,0,0,,3554,
1644418590,B33,1,0,,3554,0,0,,3554,
1644418590,in27,1,0,,3555,0,0,,3555,
1644418590,B14,1,0,,3555,0,0,,3555,
1644418590,B11,1,0,,3555,0,0,,3555,
1644418590,cn12,1,0,,3555,0,0,,3555,
1644418590,B54,1,0,,3555,0,0,,3555,
1644418590,B51,1,0,,3555,0,0,,3555,
1644418590,os4,1,0,,3555,0,0,,3555,
1644418590,in4,1,0,,3555,0,0,,3555,
1644418590,B33,1,0,,3555,0,0,,3555,
1644418591,in27,1,0,,3556,0,0,,3556,
1644418591,B14,1,0,,3556,0,0,,3556,
1644418591,B11,1,0,,3556,0,0,,3556,
1644418591,cn12,1,0,,3556,0,0,,3556,
1644418591,B54,1,0,,3556,0,0,,3556,
1644418591,B51,1,0,,3556,0,0,,3556,
1644418591,os4,1,1,job1096_scenario4_3552,3556,0,0,,3556,
1644418591,in4,1,0,,3556,0,0,,3556,
1644418591,B33,1,0,,3556,0,0,,3556,
1644418591,in27,1,0,,3557,0,0,,3557,
1644418591,B14,1,0,,3557,0,0,,3557,
1644418591,B11,1,0,,3557,0,0,,3557,
1644418591,cn12,1,0,,3557,0,0,,3557,
1644418591,B54,1,0,,3557,0,0,,3557,
1644418591,B51,1,0,,3557,0,0,,3557,
1644418591,os4,1,1,job1096_scenario4_3552,3557,0,0,,3557,
1644418591,in4,1,0,,3557,0,0,,3557,
1644418591,B33,1,0,,3557,0,0,,3557,
1644418591,in27,1,0,,3558,0,0,,3558,
1644418591,B14,1,0,,3558,0,0,,3558,
1644418591,B11,1,0,,3558,0,0,,3558,
1644418591,cn12,1,0,,3558,0,0,,3558,
1644418592,B54,1,0,,3558,0,0,,3558,
1644418592,B51,1,0,,3558,0,0,,3558,
1644418592,os4,1,0,,3558,0,0,,3558,
1644418592,in4,1,0,,3558,0,0,,3558,
1644418592,B33,1,0,,3558,0,0,,3558,
1644418592,in27,1,0,,3559,0,0,,3559,
1644418592,B14,1,0,,3559,0,0,,3559,
1644418592,B11,1,0,,3559,0,0,,3559,
1644418592,cn12,1,0,,3559,0,0,,3559,
1644418592,B54,1,0,,3559,0,0,,3559,
1644418592,B51,1,0,,3559,0,0,,3559,
1644418592,os4,1,0,,3559,0,0,,3559,
1644418592,in4,1,0,,3559,0,0,,3559,
1644418592,B33,1,0,,3559,0,0,,3559,
1644418592,in27,1,0,,3560,0,0,,3560,
1644418592,B14,1,0,,3560,0,0,,3560,
1644418592,B11,1,0,,3560,0,0,,3560,
1644418592,cn12,1,0,,3560,0,0,,3560,
1644418592,B54,1,0,,3560,0,0,,3560,
1644418592,B51,1,0,,3560,0,0,,3560,
1644418592,os4,1,0,,3560,0,0,,3560,
1644418592,in4,1,0,,3560,0,0,,3560,
1644418592,B33,1,0,,3560,0,0,,3560,
1644418593,in27,1,0,,3561,0,0,,3561,
1644418593,B14,1,0,,3561,0,0,,3561,
1644418593,B11,1,0,,3561,0,0,,3561,
1644418593,cn12,1,0,,3561,0,0,,3561,
1644418593,B54,1,0,,3561,0,0,,3561,
1644418593,B51,1,0,,3561,0,0,,3561,
1644418593,os4,1,0,,3561,0,0,,3561,
1644418593,in4,1,0,,3561,0,0,,3561,
1644418593,B33,1,0,,3561,0,0,,3561,
1644418593,in27,1,0,,3562,0,0,,3562,
1644418593,B14,1,0,,3562,0,0,,3562,
1644418593,B11,1,0,,3562,0,0,,3562,
1644418593,cn12,1,0,,3562,0,0,,3562,
1644418593,B54,1,0,,3562,0,0,,3562,
1644418593,B51,1,0,,3562,0,0,,3562,
1644418593,os4,1,0,,3562,0,0,,3562,
1644418593,in4,1,0,,3562,0,0,,3562,
1644418593,B33,1,0,,3562,0,0,,3562,
1644418593,in27,1,0,,3563,0,0,,3563,
1644418593,B14,1,0,,3563,0,0,,3563,
1644418593,B11,1,0,,3563,0,0,,3563,
1644418593,cn12,1,0,,3563,0,0,,3563,
1644418593,B54,1,0,,3563,0,0,,3563,
1644418593,B51,1,0,,3563,0,0,,3563,
1644418593,os4,1,0,,3563,0,0,,3563,
1644418593,in4,1,0,,3563,0,0,,3563,
1644418593,B33,1,0,,3563,0,0,,3563,
1644418594,in27,1,0,,3564,0,0,,3564,
1644418595,B14,1,0,,3564,0,0,,3564,
1644418595,B11,1,0,,3564,0,0,,3564,
1644418595,cn12,1,0,,3564,0,0,,3564,
1644418595,B54,1,1,job1098_scenario1_3562,3564,0,0,,3564,
1644418595,B51,1,0,,3564,0,0,,3564,
1644418595,os4,1,0,,3564,0,0,,3564,
1644418595,in4,1,0,,3564,0,0,,3564,
1644418595,B33,1,0,,3564,0,0,,3564,
1644418595,in27,1,0,,3565,0,0,,3565,
1644418595,B14,1,0,,3565,0,0,,3565,
1644418595,B11,1,0,,3565,0,0,,3565,
1644418595,cn12,1,0,,3565,0,0,,3565,
1644418595,B54,1,1,job1098_scenario1_3562,3565,0,0,,3565,
1644418595,B51,1,0,,3565,0,0,,3565,
1644418595,os4,1,0,,3565,0,0,,3565,
1644418595,in4,1,0,,3565,0,0,,3565,
1644418595,B33,1,0,,3565,0,0,,3565,
1644418595,in27,1,0,,3566,0,0,,3566,
1644418595,B14,1,0,,3566,0,0,,3566,
1644418595,B11,1,0,,3566,0,0,,3566,
1644418595,cn12,1,0,,3566,0,0,,3566,
1644418595,B54,1,1,job1098_scenario1_3562,3566,0,0,,3566,
1644418595,B51,1,0,,3566,0,0,,3566,
1644418595,os4,1,0,,3566,0,0,,3566,
1644418595,in4,1,0,,3566,0,0,,3566,
1644418595,B33,1,0,,3566,0,0,,3566,
1644418595,in27,1,0,,3567,0,0,,3567,
1644418595,B14,1,0,,3567,0,0,,3567,
1644418595,B11,1,0,,3567,0,0,,3567,
1644418595,cn12,1,0,,3567,0,0,,3567,
1644418595,B54,1,1,job1098_scenario1_3562,3567,0,0,,3567,
1644418595,B51,1,0,,3567,0,0,,3567,
1644418595,os4,1,0,,3567,0,0,,3567,
1644418595,in4,1,0,,3567,0,0,,3567,
1644418595,B33,1,0,,3567,0,0,,3567,
1644418595,in27,1,0,,3568,0,0,,3568,
1644418595,B14,1,0,,3568,0,0,,3568,
1644418595,B11,1,0,,3568,0,0,,3568,
1644418595,cn12,1,0,,3568,0,0,,3568,
1644418595,B54,1,0,,3568,0,0,,3568,
1644418595,B51,1,0,,3568,0,0,,3568,
1644418595,os4,1,0,,3568,0,0,,3568,
1644418595,in4,1,0,,3568,0,0,,3568,
1644418595,B33,1,0,,3568,0,0,,3568,
1644418596,in27,1,0,,3569,0,0,,3569,
1644418596,B14,1,0,,3569,0,0,,3569,
1644418596,B11,1,1,job1100_scenario3_3566,3569,0,0,,3569,
1644418596,cn12,1,0,,3569,0,0,,3569,
1644418596,B54,1,0,,3569,0,0,,3569,
1644418596,B51,1,0,,3569,0,0,,3569,
1644418596,os4,1,0,,3569,0,0,,3569,
1644418596,in4,1,0,,3569,0,0,,3569,
1644418596,B33,1,0,,3569,0,0,,3569,
1644418596,in27,1,0,,3570,0,0,,3570,
1644418596,B14,1,0,,3570,0,0,,3570,
1644418596,B11,1,1,job1100_scenario3_3566,3570,0,0,,3570,
1644418596,cn12,1,0,,3570,0,0,,3570,
1644418596,B54,1,0,,3570,0,0,,3570,
1644418596,B51,1,0,,3570,0,0,,3570,
1644418596,os4,1,0,,3570,0,0,,3570,
1644418596,in4,1,0,,3570,0,0,,3570,
1644418596,B33,1,0,,3570,0,0,,3570,
1644418596,in27,1,0,,3571,0,0,,3571,
1644418596,B14,1,0,,3571,0,0,,3571,
1644418596,B11,1,1,job1100_scenario3_3566,3571,0,0,,3571,
1644418596,cn12,1,0,,3571,0,0,,3571,
1644418596,B54,1,0,,3571,0,0,,3571,
1644418596,B51,1,0,,3571,0,0,,3571,
1644418596,os4,1,0,,3571,0,0,,3571,
1644418596,in4,1,0,,3571,0,0,,3571,
1644418596,B33,1,0,,3571,0,0,,3571,
1644418596,in27,1,0,,3572,0,0,,3572,
1644418596,B14,1,0,,3572,0,0,,3572,
1644418596,B11,1,1,job1100_scenario3_3566,3572,0,0,,3572,
1644418596,cn12,1,0,,3572,0,0,,3572,
1644418596,B54,1,0,,3572,0,0,,3572,
1644418596,B51,1,0,,3572,0,0,,3572,
1644418596,os4,1,0,,3572,0,0,,3572,
1644418596,in4,1,0,,3572,0,0,,3572,
1644418596,B33,1,0,,3572,0,0,,3572,
1644418596,in27,1,0,,3573,0,0,,3573,
1644418596,B14,1,0,,3573,0,0,,3573,
1644418596,B11,1,0,,3573,0,0,,3573,
1644418596,cn12,1,0,,3573,0,0,,3573,
1644418596,B54,1,0,,3573,0,0,,3573,
1644418596,B51,1,0,,3573,0,0,,3573,
1644418596,os4,1,0,,3573,0,0,,3573,
1644418596,in4,1,0,,3573,0,0,,3573,
1644418596,B33,1,0,,3573,0,0,,3573,
1644418596,in27,1,0,,3574,0,0,,3574,
1644418596,B14,1,0,,3574,0,0,,3574,
1644418596,B11,1,0,,3574,0,0,,3574,
1644418596,cn12,1,0,,3574,0,0,,3574,
1644418596,B54,1,0,,3574,0,0,,3574,
1644418596,B51,1,0,,3574,0,0,,3574,
1644418596,os4,1,0,,3574,0,0,,3574,
1644418596,in4,1,0,,3574,0,0,,3574,
1644418596,B33,1,0,,3574,0,0,,3574,
1644418596,in27,1,0,,3575,0,0,,3575,
1644418596,B14,1,0,,3575,0,0,,3575,
1644418596,B11,1,0,,3575,0,0,,3575,
1644418596,cn12,1,0,,3575,0,0,,3575,
1644418596,B54,1,0,,3575,0,0,,3575,
1644418596,B51,1,0,,3575,0,0,,3575,
1644418596,os4,1,0,,3575,0,0,,3575,
1644418596,in4,1,0,,3575,0,0,,3575,
1644418596,B33,1,0,,3575,0,0,,3575,
1644418596,in27,1,0,,3576,0,0,,3576,
1644418596,B14,1,0,,3576,0,0,,3576,
1644418596,B11,1,0,,3576,0,0,,3576,
1644418596,cn12,1,0,,3576,0,0,,3576,
1644418596,B54,1,0,,3576,0,0,,3576,
1644418596,B51,1,0,,3576,0,0,,3576,
1644418596,os4,1,0,,3576,0,0,,3576,
1644418596,in4,1,0,,3576,0,0,,3576,
1644418596,B33,1,0,,3576,0,0,,3576,
1644418598,in27,1,0,,3577,0,0,,3577,
1644418598,B14,1,0,,3577,0,0,,3577,
1644418598,B11,1,0,,3577,0,0,,3577,
1644418598,cn12,1,0,,3577,0,0,,3577,
1644418598,B54,1,0,,3577,0,0,,3577,
1644418598,B51,1,0,,3577,0,0,,3577,
1644418598,os4,1,0,,3577,0,0,,3577,
1644418598,in4,1,0,,3577,0,0,,3577,
1644418598,B33,1,1,job1101_scenario2_3576,3577,0,0,,3577,
1644418599,in27,1,0,,3578,0,0,,3578,
1644418599,B14,1,0,,3578,0,0,,3578,
1644418599,B11,1,0,,3578,0,0,,3578,
1644418599,cn12,1,0,,3578,0,0,,3578,
1644418599,B54,1,1,job1099_scenario0_3565,3578,0,0,,3578,
1644418599,B51,1,0,,3578,0,0,,3578,
1644418599,os4,1,0,,3578,0,0,,3578,
1644418599,in4,1,0,,3578,0,0,,3578,
1644418599,B33,1,1,job1101_scenario2_3576,3578,0,0,,3578,
1644418599,in27,1,0,,3579,0,0,,3579,
1644418599,B14,1,0,,3579,0,0,,3579,
1644418599,B11,1,0,,3579,0,0,,3579,
1644418599,cn12,1,0,,3579,0,0,,3579,
1644418599,B54,1,1,job1099_scenario0_3565,3579,0,0,,3579,
1644418599,B51,1,0,,3579,0,0,,3579,
1644418599,os4,1,0,,3579,0,0,,3579,
1644418599,in4,1,0,,3579,0,0,,3579,
1644418599,B33,1,1,job1101_scenario2_3576,3579,0,0,,3579,
1644418599,in27,1,0,,3580,0,0,,3580,
1644418599,B14,1,0,,3580,0,0,,3580,
1644418599,B11,1,0,,3580,0,0,,3580,
1644418599,cn12,1,0,,3580,0,0,,3580,
1644418599,B54,1,1,job1099_scenario0_3565,3580,0,0,,3580,
1644418599,B51,1,0,,3580,0,0,,3580,
1644418599,os4,1,0,,3580,0,0,,3580,
1644418599,in4,1,0,,3580,0,0,,3580,
1644418599,B33,1,1,job1101_scenario2_3576,3580,0,0,,3580,
1644418599,in27,1,0,,3581,0,0,,3581,
1644418599,B14,1,0,,3581,0,0,,3581,
1644418599,B11,1,0,,3581,0,0,,3581,
1644418599,cn12,1,0,,3581,0,0,,3581,
1644418599,B54,1,1,job1099_scenario0_3565,3581,0,0,,3581,
1644418599,B51,1,0,,3581,0,0,,3581,
1644418599,os4,1,0,,3581,0,0,,3581,
1644418599,in4,1,0,,3581,0,0,,3581,
1644418599,B33,1,1,job1101_scenario2_3576,3581,0,0,,3581,
1644418599,in27,1,0,,3582,0,0,,3582,
1644418599,B14,1,0,,3582,0,0,,3582,
1644418599,B11,1,0,,3582,0,0,,3582,
1644418599,cn12,1,0,,3582,0,0,,3582,
1644418599,B54,1,1,job1099_scenario0_3565,3582,0,0,,3582,
1644418599,B51,1,0,,3582,0,0,,3582,
1644418599,os4,1,0,,3582,0,0,,3582,
1644418599,in4,1,0,,3582,0,0,,3582,
1644418599,B33,1,0,,3582,0,0,,3582,
1644418599,in27,1,0,,3583,0,0,,3583,
1644418599,B14,1,0,,3583,0,0,,3583,
1644418599,B11,1,0,,3583,0,0,,3583,
1644418599,cn12,1,0,,3583,0,0,,3583,
1644418599,B54,1,1,job1099_scenario0_3565,3583,0,0,,3583,
1644418599,B51,1,0,,3583,0,0,,3583,
1644418599,os4,1,0,,3583,0,0,,3583,
1644418599,in4,1,0,,3583,0,0,,3583,
1644418599,B33,1,0,,3583,0,0,,3583,
1644418599,in27,1,0,,3584,0,0,,3584,
1644418599,B14,1,0,,3584,0,0,,3584,
1644418599,B11,1,0,,3584,0,0,,3584,
1644418599,cn12,1,0,,3584,0,0,,3584,
1644418599,B54,1,1,job1099_scenario0_3565,3584,0,0,,3584,
1644418599,B51,1,0,,3584,0,0,,3584,
1644418599,os4,1,0,,3584,0,0,,3584,
1644418599,in4,1,0,,3584,0,0,,3584,
1644418599,B33,1,0,,3584,0,0,,3584,
1644418599,in27,1,0,,3585,0,0,,3585,
1644418599,B14,1,0,,3585,0,0,,3585,
1644418599,B11,1,0,,3585,0,0,,3585,
1644418599,cn12,1,0,,3585,0,0,,3585,
1644418599,B54,1,1,job1099_scenario0_3565,3585,0,0,,3585,
1644418599,B51,1,0,,3585,0,0,,3585,
1644418599,os4,1,0,,3585,0,0,,3585,
1644418599,in4,1,0,,3585,0,0,,3585,
1644418599,B33,1,0,,3585,0,0,,3585,
1644418599,in27,1,0,,3586,0,0,,3586,
1644418599,B14,1,0,,3586,0,0,,3586,
1644418599,B11,1,0,,3586,0,0,,3586,
1644418599,cn12,1,0,,3586,0,0,,3586,
1644418599,B54,1,1,job1099_scenario0_3565,3586,0,0,,3586,
1644418599,B51,1,0,,3586,0,0,,3586,
1644418599,os4,1,0,,3586,0,0,,3586,
1644418599,in4,1,0,,3586,0,0,,3586,
1644418599,B33,1,0,,3586,0,0,,3586,
1644418599,in27,1,0,,3587,0,0,,3587,
1644418599,B14,1,0,,3587,0,0,,3587,
1644418599,B11,1,0,,3587,0,0,,3587,
1644418599,cn12,1,0,,3587,0,0,,3587,
1644418599,B54,1,1,job1099_scenario0_3565,3587,0,0,,3587,
1644418599,B51,1,0,,3587,0,0,,3587,
1644418599,os4,1,0,,3587,0,0,,3587,
1644418599,in4,1,0,,3587,0,0,,3587,
1644418599,B33,1,0,,3587,0,0,,3587,
1644418599,in27,1,0,,3588,0,0,,3588,
1644418599,B14,1,0,,3588,0,0,,3588,
1644418599,B11,1,0,,3588,0,0,,3588,
1644418599,cn12,1,0,,3588,0,0,,3588,
1644418599,B54,1,1,job1099_scenario0_3565,3588,0,0,,3588,
1644418599,B51,1,0,,3588,0,0,,3588,
1644418599,os4,1,0,,3588,0,0,,3588,
1644418599,in4,1,0,,3588,0,0,,3588,
1644418599,B33,1,0,,3588,0,0,,3588,
1644418599,in27,1,0,,3589,0,0,,3589,
1644418599,B14,1,0,,3589,0,0,,3589,
1644418599,B11,1,0,,3589,0,0,,3589,
1644418599,cn12,1,0,,3589,0,0,,3589,
1644418599,B54,1,1,job1099_scenario0_3565,3589,0,0,,3589,
1644418599,B51,1,0,,3589,0,0,,3589,
1644418599,os4,1,0,,3589,0,0,,3589,
1644418599,in4,1,0,,3589,0,0,,3589,
1644418599,B33,1,0,,3589,0,0,,3589,
1644418599,in27,1,0,,3590,0,0,,3590,
1644418599,B14,1,0,,3590,0,0,,3590,
1644418599,B11,1,0,,3590,0,0,,3590,
1644418599,cn12,1,0,,3590,0,0,,3590,
1644418599,B54,1,1,job1099_scenario0_3565,3590,0,0,,3590,
1644418599,B51,1,0,,3590,0,0,,3590,
1644418599,os4,1,0,,3590,0,0,,3590,
1644418599,in4,1,0,,3590,0,0,,3590,
1644418600,B33,1,0,,3590,0,0,,3590,
1644418600,in27,1,0,,3591,0,0,,3591,
1644418600,B14,1,0,,3591,0,0,,3591,
1644418600,B11,1,0,,3591,0,0,,3591,
1644418600,cn12,1,0,,3591,0,0,,3591,
1644418600,B54,1,0,,3591,0,0,,3591,
1644418600,B51,1,0,,3591,0,0,,3591,
1644418600,os4,1,0,,3591,0,0,,3591,
1644418600,in4,1,0,,3591,0,0,,3591,
1644418600,B33,1,0,,3591,0,0,,3591,
1644418600,in27,1,0,,3592,0,0,,3592,
1644418600,B14,1,0,,3592,0,0,,3592,
1644418600,B11,1,0,,3592,0,0,,3592,
1644418600,cn12,1,0,,3592,0,0,,3592,
1644418600,B54,1,0,,3592,0,0,,3592,
1644418600,B51,1,0,,3592,0,0,,3592,
1644418600,os4,1,0,,3592,0,0,,3592,
1644418600,in4,1,0,,3592,0,0,,3592,
1644418600,B33,1,0,,3592,0,0,,3592,
1644418600,in27,1,0,,3593,0,0,,3593,
1644418600,B14,1,0,,3593,0,0,,3593,
1644418600,B11,1,0,,3593,0,0,,3593,
1644418600,cn12,1,0,,3593,0,0,,3593,
1644418600,B54,1,0,,3593,0,0,,3593,
1644418600,B51,1,0,,3593,0,0,,3593,
1644418600,os4,1,0,,3593,0,0,,3593,
1644418600,in4,1,0,,3593,0,0,,3593,
1644418600,B33,1,0,,3593,0,0,,3593,
1644418600,in27,1,0,,3594,0,0,,3594,
1644418600,B14,1,0,,3594,0,0,,3594,
1644418600,B11,1,0,,3594,0,0,,3594,
1644418600,cn12,1,0,,3594,0,0,,3594,
1644418600,B54,1,0,,3594,0,0,,3594,
1644418600,B51,1,0,,3594,0,0,,3594,
1644418600,os4,1,0,,3594,0,0,,3594,
1644418600,in4,1,0,,3594,0,0,,3594,
1644418600,B33,1,0,,3594,0,0,,3594,
1644418600,in27,1,0,,3595,0,0,,3595,
1644418600,B14,1,0,,3595,0,0,,3595,
1644418600,B11,1,0,,3595,0,0,,3595,
1644418600,cn12,1,0,,3595,0,0,,3595,
1644418600,B54,1,0,,3595,0,0,,3595,
1644418600,B51,1,0,,3595,0,0,,3595,
1644418600,os4,1,0,,3595,0,0,,3595,
1644418600,in4,1,0,,3595,0,0,,3595,
1644418600,B33,1,0,,3595,0,0,,3595,
1644418600,in27,1,0,,3596,0,0,,3596,
1644418600,B14,1,0,,3596,0,0,,3596,
1644418600,B11,1,0,,3596,0,0,,3596,
1644418600,cn12,1,0,,3596,0,0,,3596,
1644418600,B54,1,0,,3596,0,0,,3596,
1644418600,B51,1,0,,3596,0,0,,3596,
1644418600,os4,1,0,,3596,0,0,,3596,
1644418600,in4,1,0,,3596,0,0,,3596,
1644418600,B33,1,0,,3596,0,0,,3596,
1644418600,in27,1,0,,3597,0,0,,3597,
1644418600,B14,1,0,,3597,0,0,,3597,
1644418600,B11,1,0,,3597,0,0,,3597,
1644418600,cn12,1,0,,3597,0,0,,3597,
1644418600,B54,1,0,,3597,0,0,,3597,
1644418600,B51,1,0,,3597,0,0,,3597,
1644418600,os4,1,0,,3597,0,0,,3597,
1644418600,in4,1,0,,3597,0,0,,3597,
1644418600,B33,1,0,,3597,0,0,,3597,
1644418600,in27,1,0,,3598,0,0,,3598,
1644418600,B14,1,0,,3598,0,0,,3598,
1644418600,B11,1,0,,3598,0,0,,3598,
1644418600,cn12,1,0,,3598,0,0,,3598,
1644418600,B54,1,0,,3598,0,0,,3598,
1644418600,B51,1,0,,3598,0,0,,3598,
1644418600,os4,1,0,,3598,0,0,,3598,
1644418600,in4,1,0,,3598,0,0,,3598,
1644418600,B33,1,0,,3598,0,0,,3598,
1644418600,in27,1,0,,3599,0,0,,3599,
1644418600,B14,1,0,,3599,0,0,,3599,
1644418600,B11,1,0,,3599,0,0,,3599,
1644418600,cn12,1,0,,3599,0,0,,3599,
1644418600,B54,1,0,,3599,0,0,,3599,
1644418600,B51,1,0,,3599,0,0,,3599,
1644418600,os4,1,0,,3599,0,0,,3599,
1644418600,in4,1,0,,3599,0,0,,3599,
1644418600,B33,1,0,,3599,0,0,,3599,
1644418600,in27,1,0,,3600,0,0,,3600,
1644418600,B14,1,0,,3600,0,0,,3600,
1644418600,B11,1,0,,3600,0,0,,3600,
1644418600,cn12,1,0,,3600,0,0,,3600,
1644418600,B54,1,0,,3600,0,0,,3600,
1644418600,B51,1,0,,3600,0,0,,3600,
1644418600,os4,1,0,,3600,0,0,,3600,
1644418600,in4,1,0,,3600,0,0,,3600,
1644418600,B33,1,0,,3600,0,0,,3600,
1644418600,in27,1,0,,3601,0,0,,3601,
1644418600,B14,1,0,,3601,0,0,,3601,
1644418600,B11,1,0,,3601,0,0,,3601,
1644418600,cn12,1,0,,3601,0,0,,3601,
1644418600,B54,1,0,,3601,0,0,,3601,
1644418600,B51,1,0,,3601,0,0,,3601,
1644418600,os4,1,0,,3601,0,0,,3601,
1644418600,in4,1,0,,3601,0,0,,3601,
1644418600,B33,1,0,,3601,0,0,,3601,
1644418600,in27,1,0,,3602,0,0,,3602,
1644418600,B14,1,0,,3602,0,0,,3602,
1644418600,B11,1,0,,3602,0,0,,3602,
1644418600,cn12,1,0,,3602,0,0,,3602,
1644418600,B54,1,0,,3602,0,0,,3602,
1644418600,B51,1,0,,3602,0,0,,3602,
1644418600,os4,1,0,,3602,0,0,,3602,
1644418600,in4,1,0,,3602,0,0,,3602,
1644418600,B33,1,0,,3602,0,0,,3602,
1644418600,in27,1,0,,3603,0,0,,3603,
1644418600,B14,1,0,,3603,0,0,,3603,
1644418600,B11,1,0,,3603,0,0,,3603,
1644418600,cn12,1,0,,3603,0,0,,3603,
1644418600,B54,1,0,,3603,0,0,,3603,
1644418600,B51,1,0,,3603,0,0,,3603,
1644418600,os4,1,0,,3603,0,0,,3603,
1644418600,in4,1,0,,3603,0,0,,3603,
1644418600,B33,1,0,,3603,0,0,,3603,
1644418600,in27,1,0,,3604,0,0,,3604,
1644418600,B14,1,0,,3604,0,0,,3604,
1644418600,B11,1,0,,3604,0,0,,3604,
1644418600,cn12,1,0,,3604,0,0,,3604,
1644418600,B54,1,0,,3604,0,0,,3604,
1644418600,B51,1,0,,3604,0,0,,3604,
1644418600,os4,1,0,,3604,0,0,,3604,
1644418600,in4,1,0,,3604,0,0,,3604,
1644418600,B33,1,0,,3604,0,0,,3604,
1644418600,in27,1,0,,3605,0,0,,3605,
1644418600,B14,1,0,,3605,0,0,,3605,
1644418600,B11,1,0,,3605,0,0,,3605,
1644418600,cn12,1,0,,3605,0,0,,3605,
1644418600,B54,1,0,,3605,0,0,,3605,
1644418600,B51,1,0,,3605,0,0,,3605,
1644418600,os4,1,0,,3605,0,0,,3605,
1644418600,in4,1,0,,3605,0,0,,3605,
1644418600,B33,1,0,,3605,0,0,,3605,
1644418600,in27,1,0,,3606,0,0,,3606,
1644418600,B14,1,0,,3606,0,0,,3606,
1644418600,B11,1,0,,3606,0,0,,3606,
1644418600,cn12,1,0,,3606,0,0,,3606,
1644418600,B54,1,0,,3606,0,0,,3606,
1644418600,B51,1,0,,3606,0,0,,3606,
1644418600,os4,1,0,,3606,0,0,,3606,
1644418600,in4,1,0,,3606,0,0,,3606,
1644418600,B33,1,0,,3606,0,0,,3606,
1644418600,in27,1,0,,3607,0,0,,3607,
1644418600,B14,1,0,,3607,0,0,,3607,
1644418600,B11,1,0,,3607,0,0,,3607,
1644418600,cn12,1,0,,3607,0,0,,3607,
1644418600,B54,1,0,,3607,0,0,,3607,
1644418600,B51,1,0,,3607,0,0,,3607,
1644418600,os4,1,0,,3607,0,0,,3607,
1644418600,in4,1,0,,3607,0,0,,3607,
1644418600,B33,1,0,,3607,0,0,,3607,
1644418600,in27,1,0,,3608,0,0,,3608,
1644418600,B14,1,0,,3608,0,0,,3608,
1644418600,B11,1,0,,3608,0,0,,3608,
1644418600,cn12,1,0,,3608,0,0,,3608,
1644418600,B54,1,0,,3608,0,0,,3608,
1644418600,B51,1,0,,3608,0,0,,3608,
1644418600,os4,1,0,,3608,0,0,,3608,
1644418600,in4,1,0,,3608,0,0,,3608,
1644418600,B33,1,0,,3608,0,0,,3608,
1644418600,in27,1,0,,3609,0,0,,3609,
1644418600,B14,1,0,,3609,0,0,,3609,
1644418600,B11,1,0,,3609,0,0,,3609,
1644418600,cn12,1,0,,3609,0,0,,3609,
1644418600,B54,1,0,,3609,0,0,,3609,
1644418600,B51,1,0,,3609,0,0,,3609,
1644418600,os4,1,0,,3609,0,0,,3609,
1644418600,in4,1,0,,3609,0,0,,3609,
1644418600,B33,1,0,,3609,0,0,,3609,
1644418600,in27,1,0,,3610,0,0,,3610,
1644418600,B14,1,0,,3610,0,0,,3610,
1644418600,B11,1,0,,3610,0,0,,3610,
1644418600,cn12,1,0,,3610,0,0,,3610,
1644418600,B54,1,0,,3610,0,0,,3610,
1644418600,B51,1,0,,3610,0,0,,3610,
1644418600,os4,1,0,,3610,0,0,,3610,
1644418600,in4,1,0,,3610,0,0,,3610,
1644418600,B33,1,0,,3610,0,0,,3610,
1644418600,in27,1,0,,3611,0,0,,3611,
1644418600,B14,1,0,,3611,0,0,,3611,
1644418600,B11,1,0,,3611,0,0,,3611,
1644418600,cn12,1,0,,3611,0,0,,3611,
1644418600,B54,1,0,,3611,0,0,,3611,
1644418600,B51,1,0,,3611,0,0,,3611,
1644418600,os4,1,0,,3611,0,0,,3611,
1644418600,in4,1,0,,3611,0,0,,3611,
1644418600,B33,1,0,,3611,0,0,,3611,
1644418600,in27,1,0,,3612,0,0,,3612,
1644418600,B14,1,0,,3612,0,0,,3612,
1644418600,B11,1,0,,3612,0,0,,3612,
1644418600,cn12,1,0,,3612,0,0,,3612,
1644418600,B54,1,0,,3612,0,0,,3612,
1644418600,B51,1,0,,3612,0,0,,3612,
1644418600,os4,1,0,,3612,0,0,,3612,
1644418600,in4,1,0,,3612,0,0,,3612,
1644418600,B33,1,0,,3612,0,0,,3612,
1644418600,in27,1,0,,3613,0,0,,3613,
1644418600,B14,1,0,,3613,0,0,,3613,
1644418600,B11,1,0,,3613,0,0,,3613,
1644418600,cn12,1,0,,3613,0,0,,3613,
1644418600,B54,1,0,,3613,0,0,,3613,
1644418600,B51,1,0,,3613,0,0,,3613,
1644418600,os4,1,0,,3613,0,0,,3613,
1644418600,in4,1,0,,3613,0,0,,3613,
1644418600,B33,1,0,,3613,0,0,,3613,
1644418600,in27,1,0,,3614,0,0,,3614,
1644418600,B14,1,0,,3614,0,0,,3614,
1644418600,B11,1,0,,3614,0,0,,3614,
1644418600,cn12,1,0,,3614,0,0,,3614,
1644418600,B54,1,0,,3614,0,0,,3614,
1644418600,B51,1,0,,3614,0,0,,3614,
1644418600,os4,1,0,,3614,0,0,,3614,
1644418600,in4,1,0,,3614,0,0,,3614,
1644418600,B33,1,0,,3614,0,0,,3614,
1644418600,in27,1,0,,3615,0,0,,3615,
1644418600,B14,1,0,,3615,0,0,,3615,
1644418600,B11,1,0,,3615,0,0,,3615,
1644418600,cn12,1,0,,3615,0,0,,3615,
1644418600,B54,1,0,,3615,0,0,,3615,
1644418600,B51,1,0,,3615,0,0,,3615,
1644418600,os4,1,0,,3615,0,0,,3615,
1644418600,in4,1,0,,3615,0,0,,3615,
1644418600,B33,1,0,,3615,0,0,,3615,
1644418600,in27,1,0,,3616,0,0,,3616,
1644418600,B14,1,0,,3616,0,0,,3616,
1644418600,B11,1,0,,3616,0,0,,3616,
1644418600,cn12,1,0,,3616,0,0,,3616,
1644418600,B54,1,0,,3616,0,0,,3616,
1644418600,B51,1,0,,3616,0,0,,3616,
1644418600,os4,1,0,,3616,0,0,,3616,
1644418600,in4,1,0,,3616,0,0,,3616,
1644418600,B33,1,0,,3616,0,0,,3616,
1644418600,in27,1,0,,3617,0,0,,3617,
1644418600,B14,1,0,,3617,0,0,,3617,
1644418600,B11,1,0,,3617,0,0,,3617,
1644418600,cn12,1,0,,3617,0,0,,3617,
1644418600,B54,1,0,,3617,0,0,,3617,
1644418600,B51,1,0,,3617,0,0,,3617,
1644418601,os4,1,0,,3617,0,0,,3617,
1644418601,in4,1,0,,3617,0,0,,3617,
1644418601,B33,1,0,,3617,0,0,,3617,
1644418601,in27,1,0,,3618,0,0,,3618,
1644418601,B14,1,0,,3618,0,0,,3618,
1644418601,B11,1,0,,3618,0,0,,3618,
1644418601,cn12,1,0,,3618,0,0,,3618,
1644418601,B54,1,0,,3618,0,0,,3618,
1644418601,B51,1,0,,3618,0,0,,3618,
1644418601,os4,1,0,,3618,0,0,,3618,
1644418601,in4,1,0,,3618,0,0,,3618,
1644418601,B33,1,0,,3618,0,0,,3618,
1644418601,in27,1,0,,3619,0,0,,3619,
1644418601,B14,1,0,,3619,0,0,,3619,
1644418601,B11,1,0,,3619,0,0,,3619,
1644418601,cn12,1,0,,3619,0,0,,3619,
1644418601,B54,1,0,,3619,0,0,,3619,
1644418601,B51,1,0,,3619,0,0,,3619,
1644418601,os4,1,0,,3619,0,0,,3619,
1644418601,in4,1,0,,3619,0,0,,3619,
1644418601,B33,1,0,,3619,0,0,,3619,
1644418601,in27,1,0,,3620,0,0,,3620,
1644418601,B14,1,0,,3620,0,0,,3620,
1644418601,B11,1,0,,3620,0,0,,3620,
1644418601,cn12,1,0,,3620,0,0,,3620,
1644418601,B54,1,0,,3620,0,0,,3620,
1644418601,B51,1,0,,3620,0,0,,3620,
1644418601,os4,1,0,,3620,0,0,,3620,
1644418601,in4,1,0,,3620,0,0,,3620,
1644418601,B33,1,0,,3620,0,0,,3620,
1644418601,in27,1,0,,3621,0,0,,3621,
1644418601,B14,1,0,,3621,0,0,,3621,
1644418601,B11,1,0,,3621,0,0,,3621,
1644418601,cn12,1,0,,3621,0,0,,3621,
1644418601,B54,1,0,,3621,0,0,,3621,
1644418601,B51,1,0,,3621,0,0,,3621,
1644418601,os4,1,0,,3621,0,0,,3621,
1644418601,in4,1,0,,3621,0,0,,3621,
1644418601,B33,1,0,,3621,0,0,,3621,
1644418601,in27,1,0,,3622,0,0,,3622,
1644418601,B14,1,0,,3622,0,0,,3622,
1644418601,B11,1,0,,3622,0,0,,3622,
1644418601,cn12,1,0,,3622,0,0,,3622,
1644418601,B54,1,0,,3622,0,0,,3622,
1644418601,B51,1,0,,3622,0,0,,3622,
1644418601,os4,1,0,,3622,0,0,,3622,
1644418601,in4,1,0,,3622,0,0,,3622,
1644418601,B33,1,0,,3622,0,0,,3622,
1644418601,in27,1,0,,3623,0,0,,3623,
1644418601,B14,1,0,,3623,0,0,,3623,
1644418601,B11,1,0,,3623,0,0,,3623,
1644418601,cn12,1,0,,3623,0,0,,3623,
1644418601,B54,1,0,,3623,0,0,,3623,
1644418601,B51,1,0,,3623,0,0,,3623,
1644418601,os4,1,0,,3623,0,0,,3623,
1644418601,in4,1,0,,3623,0,0,,3623,
1644418601,B33,1,0,,3623,0,0,,3623,
1644418601,in27,1,0,,3624,0,0,,3624,
1644418601,B14,1,0,,3624,0,0,,3624,
1644418601,B11,1,0,,3624,0,0,,3624,
1644418601,cn12,1,0,,3624,0,0,,3624,
1644418601,B54,1,0,,3624,0,0,,3624,
1644418601,B51,1,0,,3624,0,0,,3624,
1644418601,os4,1,0,,3624,0,0,,3624,
1644418601,in4,1,0,,3624,0,0,,3624,
1644418601,B33,1,0,,3624,0,0,,3624,
1644418601,in27,1,0,,3625,0,0,,3625,
1644418601,B14,1,0,,3625,0,0,,3625,
1644418601,B11,1,0,,3625,0,0,,3625,
1644418601,cn12,1,0,,3625,0,0,,3625,
1644418601,B54,1,0,,3625,0,0,,3625,
1644418601,B51,1,0,,3625,0,0,,3625,
1644418601,os4,1,0,,3625,0,0,,3625,
1644418601,in4,1,0,,3625,0,0,,3625,
1644418601,B33,1,0,,3625,0,0,,3625,
1644418601,in27,1,0,,3626,0,0,,3626,
1644418601,B14,1,0,,3626,0,0,,3626,
1644418601,B11,1,0,,3626,0,0,,3626,
1644418601,cn12,1,0,,3626,0,0,,3626,
1644418601,B54,1,0,,3626,0,0,,3626,
1644418601,B51,1,0,,3626,0,0,,3626,
1644418601,os4,1,0,,3626,0,0,,3626,
1644418601,in4,1,0,,3626,0,0,,3626,
1644418601,B33,1,0,,3626,0,0,,3626,
1644418601,in27,1,0,,3627,0,0,,3627,
1644418601,B14,1,0,,3627,0,0,,3627,
1644418601,B11,1,0,,3627,0,0,,3627,
1644418601,cn12,1,0,,3627,0,0,,3627,
1644418601,B54,1,0,,3627,0,0,,3627,
1644418601,B51,1,0,,3627,0,0,,3627,
1644418601,os4,1,0,,3627,0,0,,3627,
1644418601,in4,1,0,,3627,0,0,,3627,
1644418601,B33,1,0,,3627,0,0,,3627,
1644418601,in27,1,0,,3628,0,0,,3628,
1644418601,B14,1,0,,3628,0,0,,3628,
1644418601,B11,1,0,,3628,0,0,,3628,
1644418601,cn12,1,0,,3628,0,0,,3628,
1644418601,B54,1,0,,3628,0,0,,3628,
1644418601,B51,1,0,,3628,0,0,,3628,
1644418601,os4,1,0,,3628,0,0,,3628,
1644418601,in4,1,0,,3628,0,0,,3628,
1644418601,B33,1,0,,3628,0,0,,3628,
1644418601,in27,1,0,,3629,0,0,,3629,
1644418601,B14,1,0,,3629,0,0,,3629,
1644418601,B11,1,0,,3629,0,0,,3629,
1644418601,cn12,1,0,,3629,0,0,,3629,
1644418601,B54,1,0,,3629,0,0,,3629,
1644418601,B51,1,0,,3629,0,0,,3629,
1644418601,os4,1,0,,3629,0,0,,3629,
1644418601,in4,1,0,,3629,0,0,,3629,
1644418601,B33,1,0,,3629,0,0,,3629,
1644418601,in27,1,0,,3630,0,0,,3630,
1644418601,B14,1,0,,3630,0,0,,3630,
1644418601,B11,1,0,,3630,0,0,,3630,
1644418601,cn12,1,0,,3630,0,0,,3630,
1644418601,B54,1,0,,3630,0,0,,3630,
1644418601,B51,1,0,,3630,0,0,,3630,
1644418601,os4,1,0,,3630,0,0,,3630,
1644418601,in4,1,0,,3630,0,0,,3630,
1644418601,B33,1,0,,3630,0,0,,3630,
1644418601,in27,1,0,,3631,0,0,,3631,
1644418601,B14,1,0,,3631,0,0,,3631,
1644418601,B11,1,0,,3631,0,0,,3631,
1644418601,cn12,1,0,,3631,0,0,,3631,
1644418601,B54,1,0,,3631,0,0,,3631,
1644418601,B51,1,0,,3631,0,0,,3631,
1644418601,os4,1,0,,3631,0,0,,3631,
1644418601,in4,1,0,,3631,0,0,,3631,
1644418601,B33,1,0,,3631,0,0,,3631,
1644418602,in27,1,0,,3632,0,0,,3632,
1644418602,B14,1,0,,3632,0,0,,3632,
1644418602,B11,1,0,,3632,0,0,,3632,
1644418602,cn12,1,0,,3632,0,0,,3632,
1644418602,B54,1,0,,3632,0,0,,3632,
1644418602,B51,1,0,,3632,0,0,,3632,
1644418602,os4,1,0,,3632,0,0,,3632,
1644418602,in4,1,0,,3632,0,0,,3632,
1644418602,B33,1,0,,3632,0,0,,3632,
1644418602,in27,1,0,,3633,0,0,,3633,
1644418602,B14,1,0,,3633,0,0,,3633,
1644418602,B11,1,0,,3633,0,0,,3633,
1644418602,cn12,1,0,,3633,0,0,,3633,
1644418602,B54,1,0,,3633,0,0,,3633,
1644418602,B51,1,0,,3633,0,0,,3633,
1644418602,os4,1,0,,3633,0,0,,3633,
1644418602,in4,1,0,,3633,0,0,,3633,
1644418602,B33,1,0,,3633,0,0,,3633,
1644418602,in27,1,0,,3634,0,0,,3634,
1644418602,B14,1,0,,3634,0,0,,3634,
1644418602,B11,1,0,,3634,0,0,,3634,
1644418602,cn12,1,0,,3634,0,0,,3634,
1644418602,B54,1,0,,3634,0,0,,3634,
1644418602,B51,1,0,,3634,0,0,,3634,
1644418602,os4,1,0,,3634,0,0,,3634,
1644418602,in4,1,0,,3634,0,0,,3634,
1644418602,B33,1,0,,3634,0,0,,3634,
1644418602,in27,1,0,,3635,0,0,,3635,
1644418602,B14,1,0,,3635,0,0,,3635,
1644418602,B11,1,0,,3635,0,0,,3635,
1644418602,cn12,1,0,,3635,0,0,,3635,
1644418602,B54,1,0,,3635,0,0,,3635,
1644418602,B51,1,0,,3635,0,0,,3635,
1644418602,os4,1,0,,3635,0,0,,3635,
1644418602,in4,1,0,,3635,0,0,,3635,
1644418602,B33,1,0,,3635,0,0,,3635,
1644418602,in27,1,0,,3636,0,0,,3636,
1644418602,B14,1,0,,3636,0,0,,3636,
1644418602,B11,1,0,,3636,0,0,,3636,
1644418602,cn12,1,0,,3636,0,0,,3636,
1644418602,B54,1,0,,3636,0,0,,3636,
1644418602,B51,1,0,,3636,0,0,,3636,
1644418602,os4,1,0,,3636,0,0,,3636,
1644418602,in4,1,0,,3636,0,0,,3636,
1644418602,B33,1,0,,3636,0,0,,3636,
1644418603,in27,1,0,,3637,0,0,,3637,
1644418603,B14,1,0,,3637,0,0,,3637,
1644418603,B11,1,0,,3637,0,0,,3637,
1644418603,cn12,1,0,,3637,0,0,,3637,
1644418603,B54,1,0,,3637,0,0,,3637,
1644418603,B51,1,0,,3637,0,0,,3637,
1644418603,os4,1,0,,3637,0,0,,3637,
1644418603,in4,1,0,,3637,0,0,,3637,
1644418603,B33,1,0,,3637,0,0,,3637,
1644418603,in27,1,0,,3638,0,0,,3638,
1644418603,B14,1,0,,3638,0,0,,3638,
1644418603,B11,1,0,,3638,0,0,,3638,
1644418603,cn12,1,0,,3638,0,0,,3638,
1644418603,B54,1,0,,3638,0,0,,3638,
1644418603,B51,1,0,,3638,0,0,,3638,
1644418603,os4,1,0,,3638,0,0,,3638,
1644418603,in4,1,0,,3638,0,0,,3638,
1644418603,B33,1,0,,3638,0,0,,3638,
1644418603,in27,1,0,,3639,0,0,,3639,
1644418603,B14,1,0,,3639,0,0,,3639,
1644418603,B11,1,0,,3639,0,0,,3639,
1644418603,cn12,1,0,,3639,0,0,,3639,
1644418603,B54,1,0,,3639,0,0,,3639,
1644418603,B51,1,0,,3639,0,0,,3639,
1644418603,os4,1,0,,3639,0,0,,3639,
1644418603,in4,1,0,,3639,0,0,,3639,
1644418603,B33,1,0,,3639,0,0,,3639,
