,job275_scenario3_535,job276_scenario3_536,job277_scenario4_537,
in27,0.565752457932954,0.5888716242865455,0.4457433375312146,
B14,0.15864342790177943,0.13552426154818797,0.3053416671721191,
B11,0.6155607431551456,0.5271181504329139,0.5888716242865455,
cn12,0.5888716242865455,0.5271181504329139,0.5106164734955445,
B54,0.25553338194992736,0.2351408319925712,0.20039739751251795,
B51,0.6857615783346934,0.565752457932954,0.3488533834830667,
os4,0.0,0.2667073596720789,0.12000912040173939,
