,job82_scenario0_168,job84_scenario0_170,job85_scenario0_171,job92_scenario0_181,job94_scenario0_188,job98_scenario0_193,job99_scenario2_195,job100_scenario3_196,job101_scenario2_198,
in27,0.6105419406549872,0.5981697812452222,0.6309344906123434,0.6105419406549872,0.6170761713233365,0.5981697812452222,0.7123093035140429,0.8709527314158223,0.7825101386935907,
B14,0.7370852917250759,0.7011353257918913,0.7123093035140429,0.690638987145601,0.7242544921454828,0.7011353257918913,0.90251925909533,0.9909618518175616,1.0611626869971094,
B11,0.654053656965935,0.638303115969675,0.638303115969675,0.6625010182918512,0.6238667107918112,0.6459993413544818,0.7825101386935907,1.0611626869971094,0.8007518962362744,
cn12,0.009896211311065883,0.003236291662340074,0.009896211311065883,0.0,0.006534230668349128,0.0,0.17196819803860341,0.31021907598302645,0.2217764832607949,
B54,0.6459993413544818,0.5923001831123034,0.6459993413544818,0.5706298667438616,0.6459993413544818,0.5811262053901518,0.7242544921454828,0.7011353257918913,0.7509436110140828,
