,job260_scenario4_476,
in27,0.0,
B14,0.5982326371409444,
B11,0.02975356281175512,
cn12,0.1476118907988221,
B54,0.5982326371409444,
