,job1128_scenario2_3412,
in27,0.05634251589054079,
B14,0.19020995558128717,
B11,0.12000912040173928,
cn12,0.0,
B54,0.26041079076083495,
