,job437_scenario0_846,job438_scenario0_849,job439_scenario2_850,job441_scenario0_854,job442_scenario3_855,job443_scenario1_856,job444_scenario2_857,job445_scenario1_862,job446_scenario1_863,job447_scenario0_864,job448_scenario2_865,
in27,0.07825515079100098,0.0,0.14845598597054876,0.04806820461687722,0.19020995558128717,0.19020995558128717,0.14845598597054876,0.2249533900613404,0.2249533900613404,0.05513598443740941,0.2249533900613404,
B14,0.08670251211691715,0.09558325680520219,0.32672075292039604,0.08670251211691715,0.3653550604204361,0.2249533900613404,0.19020995558128717,0.2684651063722881,0.19020995558128717,0.10494426965960113,0.4853641808221755,
B11,0.041277665148402476,0.05513598443740941,0.19020995558128717,0.09558325680520219,0.32672075292039604,0.16128678555014192,0.2067116325186566,0.19020995558128717,0.32672075292039604,0.07020083517954778,0.19020995558128717,
