RecordTimeStamp,SystemTick,AssignmentTick,JobId,WorkerId,JobArrivalTime,JobTime,FreeWorkersCount
1644418003,0,1,job0_scenario1_0,B54,0,5,9,
1644418003,4,5,job1_scenario1_4,B33,4,6,8,
1644418003,7,8,job2_scenario2_7,B14,7,5,8,
1644418003,9,10,job3_scenario1_9,B54,9,8,7,
1644418003,11,12,job4_scenario1_11,B51,11,10,7,
1644418003,15,16,job5_scenario0_15,in4,15,16,7,
1644418003,18,19,job6_scenario1_18,B11,18,12,7,
1644418003,19,20,job7_scenario1_19,B54,19,5,6,
1644418003,20,21,job8_scenario1_20,os4,20,7,5,
1644418003,22,23,job9_scenario1_22,B14,22,9,5,
1644418003,24,25,job10_scenario4_24,B51,24,5,4,
1644418003,26,27,job11_scenario0_26,B33,26,14,4,
1644418004,31,32,job12_scenario1_31,B54,31,5,6,
1644418004,32,33,job13_scenario1_32,os4,32,10,7,
1644418004,33,34,job14_scenario2_33,B14,33,6,6,
1644418004,34,35,job15_scenario4_34,in4,34,6,5,
1644418004,35,36,job16_scenario1_35,B11,35,8,4,
1644418004,37,38,job17_scenario2_37,B54,37,7,4,
1644418004,40,41,job18_scenario3_40,B14,40,2,4,
1644418004,43,44,job19_scenario2_43,B14,43,2,7,
1644418004,47,48,job20_scenario3_47,in4,47,1,9,
1644418004,49,50,job21_scenario1_49,B11,49,7,9,
1644418004,52,53,job22_scenario1_52,B14,52,7,8,
1644418004,54,55,job23_scenario1_54,B33,54,9,7,
1644418004,55,56,job24_scenario1_55,B54,55,6,6,
1644418004,56,57,job25_scenario1_56,os4,56,9,5,
1644418005,59,60,job26_scenario4_59,B11,59,2,5,
1644418005,60,61,job27_scenario0_60,in4,60,18,5,
1644418005,61,62,job28_scenario1_61,B14,61,6,4,
1644418005,65,66,job29_scenario2_65,B33,65,3,6,
1644418005,66,67,job30_scenario4_66,os4,66,3,6,
1644418005,67,68,job31_scenario0_67,B51,67,12,5,
1644418005,68,69,job32_scenario2_68,B54,68,5,5,
1644418005,69,70,job33_scenario4_69,B11,69,4,5,
1644418005,70,71,job34_scenario3_70,B33,70,5,5,
1644418005,72,73,job35_scenario0_72,B14,72,17,4,
1644418005,73,74,job36_scenario1_73,in27,73,13,3,
1644418005,74,75,job37_scenario1_74,os4,74,10,4,
1644418005,78,79,job38_scenario1_78,B11,78,9,4,
1644418005,80,81,job39_scenario0_80,B33,80,11,5,
1644418006,82,83,job40_scenario3_82,B54,82,6,4,
1644418006,86,87,job41_scenario1_86,os4,86,9,4,
1644418006,87,88,job42_scenario0_87,B51,87,11,4,
1644418006,88,89,job43_scenario4_88,B11,88,3,4,
1644418006,89,90,job44_scenario1_89,B54,89,3,4,
1644418006,91,92,job45_scenario1_91,B14,91,4,4,
1644418006,93,94,job46_scenario2_93,B54,93,6,6,
1644418006,94,95,job47_scenario0_94,in4,94,19,5,
1644418006,95,96,job48_scenario2_95,B33,95,2,4,
1644418006,96,97,job49_scenario4_96,cn12,96,8,5,
1644418006,99,100,job50_scenario1_99,B11,99,9,6,
1644418006,101,102,job51_scenario0_101,B51,101,13,6,
1644418006,102,103,job52_scenario2_102,B54,102,5,5,
1644418006,103,104,job53_scenario1_103,os4,103,8,4,
1644418006,104,105,job54_scenario0_104,B33,104,14,3,
1644418006,105,106,job55_scenario4_105,B14,105,4,3,
1644418007,108,109,job56_scenario1_108,B54,108,8,3,
1644418007,110,111,job57_scenario2_110,in27,110,14,4,
1644418007,111,112,job58_scenario3_111,B11,111,5,3,
1644418007,113,114,job59_scenario0_113,B14,113,15,3,
1644418007,118,119,job60_scenario3_118,B51,118,2,6,
1644418007,119,120,job61_scenario0_119,B54,119,18,6,
1644418007,123,124,job62_scenario0_123,in4,123,17,6,
1644418007,124,125,job63_scenario1_124,os4,124,6,5,
1644418007,127,128,job64_scenario2_127,B33,127,5,5,
1644418007,128,129,job65_scenario0_128,B51,128,12,4,
1644418007,133,134,job66_scenario1_133,os4,133,8,6,
1644418007,135,136,job67_scenario4_135,B14,135,3,5,
1644418008,138,139,job68_scenario3_138,B11,138,2,5,
1644418008,139,140,job69_scenario3_139,in27,139,9,5,
1644418008,141,142,job70_scenario1_141,B11,141,6,7,
1644418008,142,143,job71_scenario1_142,B54,142,4,7,
1644418008,144,145,job72_scenario3_144,in4,144,3,6,
1644418008,146,147,job73_scenario1_146,B14,146,3,5,
1644418008,147,148,job74_scenario1_147,os4,147,8,5,
1644418008,148,149,job75_scenario4_148,B54,148,6,6,
1644418008,150,151,job76_scenario1_150,B33,150,11,7,
1644418008,151,152,job77_scenario2_151,B14,151,3,6,
1644418008,152,153,job78_scenario0_152,B51,152,14,5,
1644418008,154,155,job79_scenario1_154,B11,154,11,4,
1644418008,156,157,job80_scenario1_156,os4,156,8,6,
1644418008,157,158,job81_scenario2_157,B14,157,3,5,
1644418008,158,159,job82_scenario1_158,B54,158,3,4,
1644418008,159,160,job83_scenario3_159,in4,159,3,3,
1644418008,160,161,job84_scenario0_160,in27,160,24,2,
1644418008,161,162,job85_scenario1_161,B14,161,5,2,
1644418008,162,163,job86_scenario1_162,B54,162,2,3,
1644418008,163,164,job87_scenario1_163,in4,163,16,3,
1644418009,165,166,job88_scenario1_165,B54,165,3,4,
1644418009,166,167,job89_scenario3_166,B11,166,1,4,
1644418009,167,168,job90_scenario0_167,B51,167,12,5,
1644418009,168,169,job91_scenario0_168,B14,168,14,5,
1644418009,171,172,job92_scenario3_171,os4,171,2,5,
1644418009,172,173,job93_scenario1_172,B54,172,5,4,
1644418009,174,175,job94_scenario0_174,os4,174,19,4,
1644418009,175,176,job95_scenario3_175,B33,175,1,3,
1644418009,180,181,job96_scenario1_180,B54,180,4,6,
1644418009,182,183,job97_scenario0_182,B51,182,9,5,
1644418009,185,186,job98_scenario0_185,B14,185,18,7,
1644418009,190,191,job99_scenario0_190,B54,190,12,6,
1644418010,194,195,job100_scenario0_194,B51,194,14,7,
1644418010,195,196,job101_scenario3_195,B11,195,2,6,
1644418010,198,199,job102_scenario0_198,B33,198,13,6,
1644418010,199,200,job103_scenario0_199,os4,199,20,5,
1644418010,200,201,job104_scenario1_200,B11,200,9,4,
1644418010,202,203,job105_scenario0_202,in4,202,21,3,
1644418010,203,204,job106_scenario1_203,B54,203,5,3,
1644418010,204,205,job107_scenario0_204,B14,204,18,3,
1644418010,205,206,job108_scenario1_205,in27,205,8,2,
1644418010,206,207,job109_scenario2_206,cn12,206,17,1,
1644418010,209,210,job110_scenario2_207,B54,207,8,2,
1644418010,209,210,job111_scenario2_208,B51,208,16,1,
1644418010,211,212,job112_scenario2_211,B11,211,12,1,
1644418010,212,213,job113_scenario0_212,B33,212,11,1,
1644418010,214,215,job114_scenario0_213,in27,213,26,1,
1644418010,218,219,job115_scenario1_217,B54,217,2,1,
1644418011,220,221,job118_scenario1_220,os4,220,8,1,
1644418011,221,222,job116_scenario1_218,B54,218,6,1,
1644418011,223,224,job117_scenario1_219,B14,219,7,1,
1644418011,225,226,job119_scenario1_225,B11,225,11,4,
1644418011,226,227,job120_scenario1_226,in4,226,14,4,
1644418011,227,228,job121_scenario4_227,cn12,227,4,3,
1644418011,231,232,job122_scenario0_231,B54,231,11,5,
1644418011,233,234,job123_scenario2_233,B14,233,3,5,
1644418011,238,239,job124_scenario1_238,B14,238,8,6,
1644418011,239,240,job125_scenario1_239,os4,239,7,5,
1644418011,240,241,job126_scenario3_240,B11,240,3,4,
1644418011,242,243,job127_scenario2_242,B33,242,6,5,
1644418011,246,247,job128_scenario2_246,B11,246,10,6,
1644418011,247,248,job129_scenario0_247,B51,247,14,7,
1644418011,248,249,job130_scenario2_248,os4,248,2,6,
1644418012,249,250,job131_scenario0_249,B14,249,16,6,
1644418012,251,252,job132_scenario0_251,B33,251,13,6,
1644418012,254,255,job133_scenario2_254,os4,254,4,5,
1644418012,256,257,job134_scenario1_256,B54,256,7,4,
1644418012,259,260,job135_scenario2_259,in27,259,13,5,
1644418012,262,263,job136_scenario0_262,B51,262,15,5,
1644418012,264,265,job137_scenario1_264,B11,264,10,5,
1644418012,267,268,job138_scenario2_267,B14,267,5,6,
1644418012,268,269,job139_scenario1_268,B54,268,4,5,
1644418012,269,270,job140_scenario3_269,os4,269,4,4,
1644418012,271,272,job141_scenario1_271,B33,271,11,3,
1644418012,273,274,job142_scenario0_273,B14,273,15,5,
1644418012,274,275,job143_scenario1_274,os4,274,8,5,
1644418012,278,279,job144_scenario2_278,B54,278,6,6,
1644418013,279,280,job145_scenario1_279,B11,279,10,5,
1644418013,280,281,job146_scenario4_280,B51,280,5,4,
1644418013,284,285,job147_scenario0_284,B33,284,11,5,
1644418013,288,289,job148_scenario3_288,B51,288,2,6,
1644418013,290,291,job149_scenario1_290,B54,290,7,7,
1644418013,291,292,job150_scenario4_291,B14,291,5,7,
1644418013,293,294,job151_scenario2_293,os4,293,2,6,
1644418013,296,297,job152_scenario2_296,B33,296,2,7,
1644418013,298,299,job153_scenario3_298,in4,298,2,8,
1644418013,299,300,job154_scenario1_299,B11,299,10,8,
1644418013,301,302,job155_scenario1_301,B14,301,7,8,
1644418013,303,304,job156_scenario4_303,in4,303,3,7,
1644418013,304,305,job157_scenario2_304,os4,304,2,6,
1644418013,305,306,job158_scenario1_305,B54,305,6,5,
1644418013,306,307,job159_scenario3_306,B51,306,2,4,
1644418013,307,308,job160_scenario2_307,os4,307,6,5,
1644418013,308,309,job161_scenario0_308,B33,308,13,4,
1644418013,309,310,job162_scenario3_309,in27,309,2,5,
1644418013,310,311,job163_scenario0_310,B51,310,14,5,
1644418014,312,313,job164_scenario3_312,in27,312,2,6,
1644418014,313,314,job165_scenario4_313,B54,313,1,5,
1644418014,314,315,job166_scenario4_314,B14,314,9,5,
1644418014,316,317,job167_scenario2_316,B54,316,4,6,
1644418014,317,318,job168_scenario1_317,B11,317,11,5,
1644418014,320,321,job169_scenario0_320,os4,320,16,4,
1644418014,321,322,job170_scenario2_321,B54,321,6,4,
1644418014,322,323,job171_scenario1_322,B33,322,9,4,
1644418014,324,325,job172_scenario2_324,B14,324,5,4,
1644418014,325,326,job173_scenario3_325,in27,325,5,4,
1644418014,327,328,job174_scenario2_327,B51,327,10,3,
1644418014,329,330,job175_scenario0_329,in4,329,19,4,
1644418014,330,331,job176_scenario1_330,B54,330,7,4,
1644418014,332,333,job177_scenario1_332,B14,332,12,5,
1644418014,333,334,job178_scenario1_333,B33,333,12,4,
1644418014,334,335,job179_scenario1_334,B11,334,10,3,
1644418014,335,336,job180_scenario2_335,in27,335,14,2,
1644418014,337,338,job181_scenario3_337,os4,337,7,2,
1644418014,339,340,job182_scenario2_339,B54,339,5,3,
1644418014,340,341,job183_scenario1_340,cn12,340,20,2,
1644418015,342,343,job184_scenario0_342,B51,342,9,1,
1644418015,345,346,job185_scenario2_343,os4,343,3,4,
1644418015,345,346,job186_scenario0_345,B54,345,12,3,
1644418015,346,347,job187_scenario3_346,B11,346,2,3,
1644418015,347,348,job188_scenario3_347,B33,347,3,2,
1644418015,348,349,job189_scenario0_348,B14,348,17,1,
1644418015,349,350,job190_scenario1_349,os4,349,8,3,
1644418015,355,356,job191_scenario1_355,B33,355,8,5,
1644418015,356,357,job192_scenario1_356,B11,356,8,4,
1644418015,357,358,job193_scenario1_357,B51,357,12,3,
1644418015,359,360,job194_scenario1_359,B54,359,3,4,
1644418015,360,361,job195_scenario3_360,in4,360,1,3,
1644418015,361,362,job196_scenario2_361,os4,361,2,3,
1644418015,362,363,job197_scenario0_362,in4,362,21,3,
1644418015,365,366,job198_scenario1_365,B11,365,6,6,
1644418015,367,368,job199_scenario1_367,B54,367,8,6,
1644418015,368,369,job200_scenario1_368,in27,368,9,5,
1644418016,371,372,job201_scenario1_371,B14,371,8,5,
1644418016,372,373,job202_scenario4_372,B11,372,4,5,
1644418016,373,374,job203_scenario4_373,os4,373,6,4,
1644418016,374,375,job204_scenario1_374,B51,374,9,3,
1644418016,377,378,job205_scenario1_377,B54,377,4,4,
1644418016,379,380,job206_scenario1_379,B11,379,11,4,
1644418016,381,382,job207_scenario4_381,cn12,381,8,5,
1644418016,383,384,job208_scenario3_383,in27,383,2,5,
1644418016,386,387,job209_scenario1_386,B54,386,4,7,
1644418016,387,388,job210_scenario4_387,os4,387,7,6,
1644418016,391,392,job211_scenario0_391,B14,391,14,8,
1644418016,392,393,job212_scenario1_392,B54,392,3,7,
1644418016,393,394,job213_scenario0_393,B51,393,9,6,
1644418016,396,397,job214_scenario2_396,B33,396,2,7,
1644418017,398,399,job215_scenario3_398,os4,398,5,6,
1644418017,400,401,job216_scenario1_400,B54,400,4,6,
1644418017,402,403,job217_scenario3_402,in4,402,4,5,
1644418017,403,404,job218_scenario1_403,B51,403,8,5,
1644418017,404,405,job219_scenario4_404,os4,404,9,5,
1644418017,406,407,job220_scenario0_406,B14,406,18,6,
1644418017,407,408,job221_scenario1_407,B54,407,5,6,
1644418017,409,410,job222_scenario1_409,B11,409,10,5,
1644418017,411,412,job223_scenario1_411,in27,411,12,4,
1644418017,413,414,job224_scenario1_413,B54,413,7,5,
1644418017,415,416,job225_scenario2_415,B33,415,1,5,
1644418017,419,420,job226_scenario3_419,in4,419,2,5,
1644418017,421,422,job227_scenario3_421,B51,421,3,6,
1644418017,423,424,job228_scenario0_423,os4,423,15,6,
1644418018,424,425,job229_scenario2_424,B33,424,2,6,
1644418018,426,427,job230_scenario0_426,B51,426,14,7,
1644418018,427,428,job231_scenario2_427,B14,427,4,7,
1644418018,428,429,job232_scenario4_428,in4,428,3,6,
1644418018,430,431,job233_scenario3_430,B11,430,2,5,
1644418018,432,433,job234_scenario3_432,in4,432,2,6,
1644418018,435,436,job235_scenario2_435,B33,435,4,7,
1644418018,436,437,job236_scenario2_436,B14,436,2,6,
1644418018,438,439,job237_scenario4_438,B54,438,3,5,
1644418018,439,440,job238_scenario2_439,os4,439,6,6,
1644418018,445,446,job239_scenario3_445,B14,445,1,8,
1644418018,449,450,job240_scenario2_449,B14,449,3,9,
1644418018,451,452,job241_scenario0_451,B33,451,9,8,
1644418018,453,454,job242_scenario3_453,B11,453,6,8,
1644418019,454,455,job243_scenario4_454,B51,454,4,7,
1644418019,456,457,job244_scenario1_456,B54,456,5,6,
1644418019,457,458,job245_scenario2_457,B14,457,2,5,
1644418019,459,460,job246_scenario2_459,os4,459,4,5,
1644418019,463,464,job247_scenario1_463,B11,463,12,8,
1644418019,464,465,job248_scenario3_464,B51,464,1,8,
1644418019,466,467,job249_scenario0_466,B51,466,13,8,
1644418019,467,468,job250_scenario0_467,B33,467,13,7,
1644418019,469,470,job251_scenario2_469,B14,469,2,6,
1644418019,470,471,job252_scenario0_470,B54,470,15,5,
1644418019,472,473,job253_scenario3_472,os4,472,7,5,
1644418019,473,474,job254_scenario2_473,B14,473,2,4,
1644418019,474,475,job255_scenario1_474,in27,474,14,3,
1644418019,475,476,job256_scenario4_475,in4,475,5,2,
1644418019,476,477,job257_scenario2_476,B14,476,4,3,
1644418019,477,478,job258_scenario1_477,B11,477,12,2,
1644418019,480,481,job259_scenario1_480,B51,480,12,3,
1644418019,481,482,job260_scenario0_481,B33,481,16,5,
1644418020,484,485,job261_scenario0_484,B14,484,19,4,
1644418020,485,486,job262_scenario1_485,os4,485,12,3,
1644418020,486,487,job263_scenario2_486,B54,486,5,3,
1644418020,488,489,job264_scenario2_488,in4,488,15,2,
1644418020,489,490,job265_scenario0_489,in27,489,25,2,
1644418020,490,491,job266_scenario4_490,B11,490,6,2,
1644418020,491,492,job267_scenario3_491,cn12,491,7,1,
1644418020,492,493,job268_scenario2_492,B54,492,5,1,
1644418020,494,495,job269_scenario3_494,B51,494,2,1,
1644418020,499,500,job270_scenario1_499,B54,499,3,6,
1644418020,501,502,job271_scenario1_501,os4,501,10,5,
1644418020,502,503,job272_scenario4_502,B11,502,3,4,
1644418020,506,507,job273_scenario1_506,B54,506,5,7,
1644418021,508,509,job274_scenario2_508,B14,508,4,6,
1644418021,509,510,job275_scenario1_509,B11,509,8,5,
1644418021,511,512,job276_scenario0_511,B33,511,13,4,
1644418021,512,513,job277_scenario2_512,B54,512,1,5,
1644418021,513,514,job278_scenario1_513,B14,513,8,5,
1644418021,514,515,job279_scenario1_514,B54,514,6,5,
1644418021,516,517,job280_scenario1_516,os4,516,10,5,
1644418021,519,520,job281_scenario0_519,B51,519,13,5,
1644418021,521,522,job282_scenario2_521,in27,521,11,5,
1644418021,522,523,job283_scenario1_522,B14,522,7,5,
1644418021,524,525,job284_scenario2_524,B54,524,4,4,
1644418021,526,527,job285_scenario1_526,B33,526,10,4,
1644418021,527,528,job286_scenario4_527,B11,527,4,4,
1644418021,534,535,job287_scenario2_534,os4,534,3,8,
1644418021,535,536,job288_scenario1_535,B54,535,4,7,
1644418022,543,544,job289_scenario2_543,os4,543,2,9,
1644418022,544,545,job290_scenario3_544,B51,544,2,8,
1644418022,545,546,job291_scenario1_545,B14,545,5,7,
1644418022,547,548,job292_scenario0_547,B54,547,10,8,
1644418022,550,551,job293_scenario0_550,B33,550,13,7,
1644418022,551,552,job294_scenario1_551,B14,551,6,7,
1644418022,553,554,job295_scenario4_553,B11,553,3,6,
1644418022,554,555,job296_scenario0_554,B51,554,13,5,
1644418022,555,556,job297_scenario1_555,in27,555,9,4,
1644418022,558,559,job298_scenario0_558,B54,558,12,6,
1644418022,560,561,job299_scenario4_560,B11,560,3,5,
1644418022,561,562,job300_scenario4_561,os4,561,1,4,
1644418022,563,564,job301_scenario2_563,B14,563,3,4,
1644418023,566,567,job302_scenario1_566,os4,566,7,6,
1644418023,567,568,job303_scenario0_567,B33,567,12,6,
1644418023,570,571,job304_scenario4_570,B51,570,1,6,
1644418023,575,576,job305_scenario4_575,B11,575,4,8,
1644418023,576,577,job306_scenario3_576,B51,576,1,7,
1644418023,577,578,job307_scenario0_577,B54,577,10,6,
1644418023,578,579,job308_scenario1_578,B14,578,7,6,
1644418023,579,580,job309_scenario2_579,os4,579,1,5,
1644418023,580,581,job310_scenario1_580,B11,580,10,6,
1644418023,581,582,job311_scenario1_581,in4,581,13,6,
1644418023,584,585,job312_scenario1_584,in27,584,10,5,
1644418024,586,587,job313_scenario1_586,B14,586,7,5,
1644418024,589,590,job314_scenario0_589,B33,589,14,5,
1644418024,591,592,job315_scenario2_591,os4,591,2,5,
1644418024,592,593,job316_scenario0_592,B54,592,12,4,
1644418024,594,595,job317_scenario2_594,B14,594,3,5,
1644418024,595,596,job318_scenario1_595,in27,595,12,6,
1644418024,597,598,job319_scenario2_597,os4,597,6,5,
1644418024,599,600,job320_scenario2_599,B14,599,2,5,
1644418024,600,601,job321_scenario2_600,in4,600,14,4,
1644418024,603,604,job322_scenario0_603,B51,603,11,4,
1644418024,604,605,job323_scenario1_604,B14,604,5,5,
1644418024,606,607,job324_scenario3_606,B11,606,3,5,
1644418024,607,608,job325_scenario2_607,os4,607,3,4,
1644418024,609,610,job326_scenario0_609,B33,609,12,4,
1644418024,610,611,job327_scenario1_610,B11,610,8,5,
1644418024,615,616,job328_scenario1_615,B54,615,5,7,
1644418025,619,620,job329_scenario1_619,B14,619,5,7,
1644418025,620,621,job330_scenario4_620,in4,620,3,6,
1644418025,621,622,job331_scenario3_621,B11,621,5,6,
1644418025,622,623,job332_scenario1_622,B54,622,5,6,
1644418025,623,624,job333_scenario0_623,B33,623,15,5,
1644418025,626,627,job334_scenario1_626,B51,626,11,6,
1644418025,630,631,job335_scenario4_630,B54,630,3,7,
1644418025,632,633,job336_scenario0_632,in4,632,21,6,
1644418025,633,634,job337_scenario2_633,B14,633,5,5,
1644418025,637,638,job338_scenario0_637,B54,637,18,5,
1644418025,640,641,job339_scenario0_640,B51,640,10,7,
1644418025,642,643,job340_scenario3_642,B33,642,3,6,
1644418025,643,644,job341_scenario0_643,os4,643,15,5,
1644418025,645,646,job342_scenario3_645,in27,645,5,4,
1644418025,647,648,job343_scenario2_647,B14,647,6,4,
1644418025,648,649,job344_scenario3_648,B33,648,4,3,
1644418026,650,651,job345_scenario2_650,B11,650,7,2,
1644418026,652,653,job346_scenario3_652,B51,652,3,3,
1644418026,653,654,job347_scenario0_653,B33,653,12,3,
1644418026,658,659,job348_scenario4_658,B54,658,3,7,
1644418026,659,660,job349_scenario1_659,B11,659,9,7,
1644418026,660,661,job350_scenario2_660,os4,660,2,6,
1644418026,661,662,job351_scenario1_661,B14,661,7,5,
1644418026,663,664,job352_scenario2_663,os4,663,2,6,
1644418026,664,665,job353_scenario1_664,B54,664,5,5,
1644418026,665,666,job354_scenario1_665,B51,665,11,4,
1644418026,666,667,job355_scenario0_666,os4,666,18,5,
1644418026,668,669,job356_scenario2_668,B33,668,6,4,
1644418026,669,670,job357_scenario4_669,in27,669,10,5,
1644418026,670,671,job358_scenario2_670,B14,670,2,5,
1644418026,673,674,job359_scenario3_673,B14,673,4,5,
1644418026,675,676,job360_scenario4_675,cn12,675,11,5,
1644418026,677,678,job361_scenario2_677,B33,677,5,5,
1644418026,678,679,job362_scenario1_678,B14,678,7,5,
1644418026,681,682,job363_scenario0_681,B54,681,14,5,
1644418027,688,689,job364_scenario2_688,os4,688,4,8,
1644418027,692,693,job365_scenario2_692,B33,692,2,7,
1644418027,693,694,job366_scenario1_693,B14,693,8,7,
1644418027,695,696,job367_scenario2_695,B33,695,1,7,
1644418027,701,702,job368_scenario3_701,B51,701,2,8,
1644418027,702,703,job369_scenario1_702,B11,702,11,8,
1644418027,707,708,job370_scenario2_707,B54,707,2,8,
1644418027,708,709,job371_scenario1_708,B14,708,4,7,
1644418027,710,711,job372_scenario1_710,os4,710,7,7,
1644418027,711,712,job373_scenario1_711,B54,711,5,6,
1644418028,717,718,job374_scenario2_717,B33,717,5,8,
1644418028,719,720,job375_scenario3_719,B51,719,2,8,
1644418028,720,721,job376_scenario0_720,B54,720,8,7,
1644418028,725,726,job377_scenario4_725,os4,725,4,8,
1644418028,729,730,job378_scenario2_729,B54,729,7,8,
1644418028,734,735,job379_scenario2_734,B14,734,3,8,
1644418028,735,736,job380_scenario0_735,B51,735,7,7,
1644418028,737,738,job381_scenario3_737,B11,737,1,7,
1644418028,739,740,job382_scenario1_739,os4,739,11,8,
1644418028,740,741,job383_scenario1_740,B54,740,5,7,
1644418028,742,743,job384_scenario0_742,B14,742,16,6,
1644418029,752,753,job385_scenario2_752,B33,752,3,8,
1644418029,754,755,job386_scenario0_754,B51,754,7,7,
1644418029,755,756,job387_scenario2_755,os4,755,2,6,
1644418029,761,762,job388_scenario2_761,B54,761,4,8,
1644418029,762,763,job389_scenario3_762,os4,762,1,8,
1644418029,764,765,job390_scenario1_764,B14,764,7,8,
1644418029,765,766,job391_scenario2_765,B33,765,1,7,
1644418029,770,771,job392_scenario3_770,B11,770,2,8,
1644418029,771,772,job393_scenario3_771,in27,771,4,7,
1644418029,773,774,job394_scenario1_773,B54,773,1,8,
1644418030,775,776,job395_scenario2_775,B54,775,3,8,
1644418030,776,777,job396_scenario3_776,B11,776,3,8,
1644418030,778,779,job397_scenario0_778,B51,778,14,7,
1644418030,780,781,job398_scenario1_780,B11,780,8,8,
1644418030,781,782,job399_scenario1_781,B14,781,4,7,
1644418030,784,785,job400_scenario2_784,B54,784,5,6,
1644418030,787,788,job401_scenario4_787,in4,787,5,6,
1644418030,793,794,job402_scenario4_793,B14,793,6,9,
1644418030,794,795,job403_scenario2_794,B33,794,2,8,
1644418030,796,797,job404_scenario2_796,os4,796,2,7,
1644418030,799,800,job405_scenario1_799,B11,799,9,8,
1644418030,800,801,job406_scenario2_800,os4,800,3,8,
1644418031,802,803,job407_scenario3_802,in4,802,3,7,
1644418031,803,804,job408_scenario2_803,B14,803,4,6,
1644418031,804,805,job409_scenario2_804,os4,804,1,6,
1644418031,805,806,job410_scenario2_805,B54,805,5,5,
1644418031,809,810,job411_scenario1_809,B14,809,4,8,
1644418031,810,811,job412_scenario2_810,os4,810,4,7,
1644418031,811,812,job413_scenario1_811,B11,811,6,7,
1644418031,812,813,job414_scenario2_812,B33,812,1,6,
1644418031,814,815,job415_scenario2_814,B33,814,3,7,
1644418031,815,816,job416_scenario2_815,B14,815,3,7,
1644418031,816,817,job417_scenario3_816,B51,816,4,6,
1644418031,817,818,job418_scenario0_817,B54,817,12,5,
1644418031,819,820,job419_scenario3_819,in4,819,3,7,
1644418031,820,821,job420_scenario2_820,os4,820,4,6,
1644418031,823,824,job421_scenario3_823,B14,823,1,7,
1644418031,824,825,job422_scenario1_824,B51,824,9,6,
1644418031,828,829,job423_scenario3_828,in27,828,3,7,
1644418032,830,831,job424_scenario4_830,B54,830,2,7,
1644418032,833,834,job425_scenario3_833,in27,833,3,8,
1644418032,834,835,job426_scenario2_834,B14,834,2,8,
1644418032,835,836,job427_scenario2_835,B33,835,3,7,
1644418032,836,837,job428_scenario0_836,B54,836,12,6,
1644418032,838,839,job429_scenario2_838,B14,838,3,7,
1644418032,840,841,job430_scenario1_840,B33,840,8,7,
1644418032,842,843,job431_scenario2_842,os4,842,3,7,
1644418032,843,844,job432_scenario0_843,B51,843,10,6,
1644418032,844,845,job433_scenario1_844,B14,844,7,5,
1644418032,846,847,job434_scenario4_846,B11,846,2,5,
1644418032,850,851,job435_scenario2_850,B33,850,3,7,
1644418032,851,852,job436_scenario1_851,B11,851,9,6,
1644418032,853,854,job437_scenario4_853,B14,853,3,6,
1644418032,854,855,job438_scenario3_854,B33,854,3,7,
1644418033,861,862,job439_scenario0_861,B51,861,9,9,
1644418033,862,863,job440_scenario1_862,B33,862,10,8,
1644418033,868,869,job441_scenario3_868,B11,868,2,7,
1644418033,870,871,job442_scenario1_870,os4,870,9,6,
1644418033,871,872,job443_scenario0_871,B54,871,10,7,
1644418033,872,873,job444_scenario2_872,in27,872,14,6,
1644418033,873,874,job445_scenario0_873,B51,873,14,6,
1644418033,874,875,job446_scenario2_874,B33,874,2,5,
1644418033,882,883,job447_scenario3_882,cn12,882,7,7,
1644418033,883,884,job448_scenario0_883,B54,883,12,6,
1644418033,889,890,job449_scenario1_889,B33,889,7,7,
1644418033,890,891,job450_scenario3_890,B11,890,4,7,
1644418033,891,892,job451_scenario4_891,B14,891,7,6,
1644418034,893,894,job452_scenario3_893,B51,893,3,5,
1644418034,894,895,job453_scenario2_894,in27,894,15,4,
1644418034,895,896,job454_scenario3_895,os4,895,4,4,
1644418034,896,897,job455_scenario1_896,B54,896,4,4,
1644418034,898,899,job456_scenario2_898,B33,898,4,5,
1644418034,901,902,job457_scenario0_901,B54,901,10,7,
1644418034,906,907,job458_scenario2_906,os4,906,4,7,
1644418034,907,908,job459_scenario0_907,B14,907,16,6,
1644418034,908,909,job460_scenario1_908,B51,908,6,5,
1644418034,909,910,job461_scenario1_909,B11,909,10,4,
1644418034,911,912,job462_scenario2_911,B33,911,2,5,
1644418034,912,913,job463_scenario0_912,B54,912,13,5,
1644418034,913,914,job464_scenario1_913,os4,913,8,4,
1644418034,914,915,job465_scenario0_914,B33,914,13,4,
1644418034,916,917,job466_scenario0_916,B51,916,10,4,
1644418034,918,919,job467_scenario4_918,in4,918,5,3,
1644418034,919,920,job468_scenario0_919,in27,919,25,2,
1644418034,923,924,job469_scenario2_923,os4,923,4,3,
1644418035,927,928,job470_scenario2_927,B14,927,7,6,
1644418035,928,929,job471_scenario3_928,os4,928,3,7,
1644418035,929,930,job472_scenario3_929,B11,929,1,6,
1644418035,932,933,job473_scenario0_932,B51,932,11,7,
1644418035,933,934,job474_scenario0_933,os4,933,17,6,
1644418035,934,935,job475_scenario0_934,B54,934,14,5,
1644418035,938,939,job476_scenario2_938,B14,938,1,5,
1644418035,939,940,job477_scenario2_939,B33,939,2,4,
1644418035,941,942,job478_scenario0_941,in4,941,15,4,
1644418035,944,945,job479_scenario3_944,B33,944,2,5,
1644418035,945,946,job480_scenario1_945,B14,945,7,5,
1644418035,947,948,job481_scenario0_947,B51,947,8,5,
1644418035,949,950,job482_scenario0_949,B54,949,15,5,
1644418035,951,952,job483_scenario0_951,B33,951,15,5,
1644418035,952,953,job484_scenario2_952,os4,952,5,4,
1644418035,953,954,job485_scenario2_953,B14,953,2,4,
1644418035,954,955,job486_scenario3_954,B11,954,2,3,
1644418036,955,956,job487_scenario3_955,in27,955,7,2,
1644418036,958,959,job488_scenario2_958,os4,958,2,6,
1644418036,960,961,job489_scenario0_960,B51,960,11,5,
1644418036,967,968,job490_scenario0_967,B54,967,13,8,
1644418036,968,969,job491_scenario2_968,os4,968,1,7,
1644418036,969,970,job492_scenario3_969,B11,969,1,6,
1644418036,970,971,job493_scenario1_970,B14,970,4,6,
1644418036,977,978,job494_scenario1_977,os4,977,6,8,
1644418036,979,980,job495_scenario1_979,B14,979,6,7,
1644418036,980,981,job496_scenario4_980,B51,980,3,6,
1644418036,981,982,job497_scenario3_981,in4,981,3,6,
1644418036,982,983,job498_scenario1_982,B33,982,9,5,
1644418037,985,986,job499_scenario3_985,os4,985,4,7,
1644418037,990,991,job500_scenario3_990,B14,990,3,8,
1644418037,992,993,job501_scenario1_992,B54,992,4,8,
1644418037,1001,1002,job502_scenario4_1001,B14,1001,4,9,
1644418037,1002,1003,job503_scenario2_1002,B33,1002,2,8,
1644418037,1003,1004,job504_scenario2_1003,os4,1003,2,7,
1644418037,1007,1008,job505_scenario3_1007,B11,1007,3,9,
1644418037,1009,1010,job506_scenario0_1009,B54,1009,10,8,
1644418037,1012,1013,job507_scenario2_1012,B14,1012,5,8,
1644418037,1014,1015,job508_scenario0_1014,B33,1014,13,7,
1644418037,1016,1017,job509_scenario0_1016,os4,1016,16,6,
1644418037,1017,1018,job510_scenario1_1017,B11,1017,6,5,
1644418037,1023,1024,job511_scenario0_1023,B51,1023,9,6,
1644418038,1025,1026,job512_scenario4_1025,B11,1025,5,6,
1644418038,1026,1027,job513_scenario2_1026,B14,1026,5,5,
1644418038,1027,1028,job514_scenario1_1027,cn12,1027,16,4,
1644418038,1030,1031,job515_scenario4_1030,B54,1030,3,4,
1644418038,1032,1033,job516_scenario0_1032,B33,1032,15,5,
1644418038,1033,1034,job517_scenario0_1033,B51,1033,10,6,
1644418038,1034,1035,job518_scenario0_1034,B54,1034,12,6,
1644418038,1035,1036,job519_scenario0_1035,B14,1035,20,5,
1644418038,1042,1043,job520_scenario1_1042,in4,1042,14,4,
1644418038,1043,1044,job521_scenario1_1043,os4,1043,7,3,
1644418038,1045,1046,job522_scenario0_1045,B51,1045,10,4,
1644418039,1052,1053,job523_scenario1_1052,B54,1052,7,6,
1644418039,1053,1054,job524_scenario0_1053,B11,1053,24,5,
1644418039,1055,1056,job525_scenario2_1055,os4,1055,4,4,
1644418039,1056,1057,job526_scenario0_1056,B33,1056,15,5,
1644418039,1057,1058,job527_scenario3_1057,in4,1057,1,5,
1644418039,1059,1060,job528_scenario0_1059,B14,1059,17,5,
1644418039,1061,1062,job529_scenario0_1061,B51,1061,12,6,
1644418039,1062,1063,job530_scenario4_1062,B54,1062,1,5,
1644418039,1063,1064,job531_scenario2_1063,os4,1063,4,4,
1644418039,1074,1075,job532_scenario0_1074,B54,1074,11,7,
1644418039,1075,1076,job533_scenario2_1075,os4,1075,3,6,
1644418039,1079,1080,job534_scenario2_1079,B33,1079,6,8,
1644418039,1081,1082,job535_scenario4_1081,in4,1081,5,7,
1644418040,1082,1083,job536_scenario0_1082,B51,1082,9,6,
1644418040,1084,1085,job537_scenario1_1084,B11,1084,7,5,
1644418040,1085,1086,job538_scenario1_1085,B14,1085,9,4,
1644418040,1087,1088,job539_scenario2_1087,os4,1087,2,6,
1644418040,1090,1091,job540_scenario1_1090,B54,1090,6,6,
1644418040,1095,1096,job541_scenario2_1095,B33,1095,3,8,
1644418040,1096,1097,job542_scenario0_1096,B51,1096,11,7,
1644418040,1097,1098,job543_scenario1_1097,B14,1097,7,7,
1644418040,1098,1099,job544_scenario0_1098,B54,1098,13,6,
1644418040,1099,1100,job545_scenario0_1099,B33,1099,14,6,
1644418040,1100,1101,job546_scenario0_1100,os4,1100,14,5,
1644418040,1101,1102,job547_scenario3_1101,B11,1101,5,4,
1644418040,1104,1105,job548_scenario0_1104,in4,1104,19,3,
1644418040,1105,1106,job549_scenario2_1105,B14,1105,5,3,
1644418040,1110,1111,job550_scenario1_1110,B11,1110,6,4,
1644418041,1114,1115,job551_scenario2_1114,B14,1114,6,6,
1644418041,1115,1116,job552_scenario1_1115,B54,1115,9,6,
1644418041,1118,1119,job553_scenario1_1118,os4,1118,7,6,
1644418041,1122,1123,job554_scenario0_1122,B51,1122,10,6,
1644418041,1126,1127,job555_scenario2_1126,B54,1126,3,8,
1644418041,1128,1129,job556_scenario0_1128,os4,1128,15,7,
1644418041,1132,1133,job557_scenario2_1132,B54,1132,2,7,
1644418041,1134,1135,job558_scenario4_1134,in4,1134,5,7,
1644418041,1135,1136,job559_scenario2_1135,B54,1135,4,7,
1644418041,1137,1138,job560_scenario1_1137,B51,1137,11,6,
1644418041,1142,1143,job561_scenario2_1142,B14,1142,3,7,
1644418041,1144,1145,job562_scenario4_1144,os4,1144,4,7,
1644418042,1148,1149,job563_scenario3_1148,B54,1148,5,7,
1644418042,1154,1155,job564_scenario0_1154,B33,1154,12,9,
1644418042,1155,1156,job565_scenario0_1155,os4,1155,12,8,
1644418042,1156,1157,job566_scenario4_1156,B14,1156,5,7,
1644418042,1159,1160,job567_scenario0_1159,B51,1159,7,6,
1644418042,1164,1165,job568_scenario0_1164,B54,1164,14,6,
1644418042,1167,1168,job569_scenario4_1167,in4,1167,2,7,
1644418042,1171,1172,job570_scenario3_1171,B51,1171,1,8,
1644418042,1172,1173,job571_scenario0_1172,B33,1172,12,7,
1644418042,1176,1177,job572_scenario3_1176,B14,1176,2,7,
1644418042,1178,1179,job573_scenario3_1178,in4,1178,3,6,
1644418042,1179,1180,job574_scenario2_1179,B54,1179,5,7,
1644418042,1180,1181,job575_scenario0_1180,B14,1180,16,6,
1644418042,1181,1182,job576_scenario3_1181,B51,1181,1,5,
1644418043,1182,1183,job577_scenario1_1182,in4,1182,11,5,
1644418043,1184,1185,job578_scenario2_1184,os4,1184,2,5,
1644418043,1189,1190,job579_scenario3_1189,B33,1189,3,7,
1644418043,1190,1191,job580_scenario0_1190,B54,1190,11,6,
1644418043,1192,1193,job581_scenario3_1192,B51,1192,2,5,
1644418043,1193,1194,job582_scenario2_1193,B33,1193,3,5,
1644418043,1195,1196,job583_scenario2_1195,os4,1195,1,6,
1644418043,1197,1198,job584_scenario2_1197,os4,1197,2,8,
1644418043,1201,1202,job585_scenario1_1201,B11,1201,12,8,
1644418043,1204,1205,job586_scenario0_1204,B54,1204,11,8,
1644418043,1207,1208,job587_scenario1_1207,in27,1207,10,7,
1644418043,1208,1209,job588_scenario3_1208,B14,1208,4,6,
1644418044,1216,1217,job589_scenario1_1216,B14,1216,8,8,
1644418044,1218,1219,job590_scenario2_1218,os4,1218,1,8,
1644418044,1219,1220,job591_scenario1_1219,B54,1219,2,7,
1644418044,1221,1222,job592_scenario0_1221,B33,1221,15,7,
1644418044,1222,1223,job593_scenario2_1222,B51,1222,12,7,
1644418044,1226,1227,job594_scenario1_1226,B14,1226,4,7,
1644418044,1227,1228,job595_scenario0_1227,B54,1227,16,6,
1644418044,1228,1229,job596_scenario3_1228,in27,1228,4,5,
1644418044,1232,1233,job597_scenario1_1232,B14,1232,9,5,
1644418044,1233,1234,job598_scenario2_1233,os4,1233,1,5,
1644418044,1237,1238,job599_scenario3_1237,in27,1237,4,7,
1644418044,1240,1241,job600_scenario1_1240,B11,1240,10,6,
1644418044,1242,1243,job601_scenario3_1242,in27,1242,5,7,
1644418045,1250,1251,job602_scenario0_1250,B54,1250,14,8,
1644418045,1253,1254,job603_scenario1_1253,B14,1253,5,8,
1644418045,1254,1255,job604_scenario3_1254,B11,1254,4,7,
1644418045,1255,1256,job605_scenario2_1255,B33,1255,2,6,
1644418045,1264,1265,job606_scenario2_1264,os4,1264,3,8,
1644418045,1266,1267,job607_scenario2_1266,B54,1266,3,8,
1644418045,1269,1270,job608_scenario2_1269,B14,1269,4,8,
1644418045,1270,1271,job609_scenario0_1270,in4,1270,17,8,
1644418046,1277,1278,job610_scenario2_1277,B33,1277,5,8,
1644418046,1281,1282,job611_scenario1_1281,B14,1281,5,7,
1644418046,1282,1283,job612_scenario3_1282,B11,1282,1,6,
1644418046,1283,1284,job613_scenario4_1283,B51,1283,1,6,
1644418046,1285,1286,job614_scenario0_1285,B54,1285,8,7,
1644418046,1286,1287,job615_scenario2_1286,os4,1286,2,6,
1644418046,1288,1289,job616_scenario1_1288,B14,1288,10,7,
1644418046,1289,1290,job617_scenario0_1289,B51,1289,14,7,
1644418046,1291,1292,job618_scenario0_1291,in4,1291,15,6,
1644418046,1294,1295,job619_scenario2_1294,B33,1294,3,6,
1644418046,1295,1296,job620_scenario1_1295,B54,1295,4,5,
1644418046,1299,1300,job621_scenario2_1299,os4,1299,2,6,
1644418046,1303,1304,job622_scenario4_1303,in27,1303,6,7,
1644418047,1306,1307,job623_scenario4_1306,B51,1306,4,7,
1644418047,1307,1308,job624_scenario1_1307,B54,1307,3,7,
1644418047,1308,1309,job625_scenario4_1308,B11,1308,4,6,
1644418047,1311,1312,job626_scenario3_1311,os4,1311,1,8,
1644418047,1316,1317,job627_scenario2_1316,os4,1316,2,9,
1644418047,1317,1318,job628_scenario1_1317,B14,1317,9,8,
1644418047,1318,1319,job629_scenario0_1318,B54,1318,17,7,
1644418047,1321,1322,job630_scenario3_1321,in4,1321,4,7,
1644418047,1322,1323,job631_scenario4_1322,B51,1322,2,6,
1644418047,1325,1326,job632_scenario0_1325,os4,1325,14,6,
1644418047,1326,1327,job633_scenario3_1326,B33,1326,5,6,
1644418047,1330,1331,job634_scenario1_1330,B14,1330,4,6,
1644418048,1335,1336,job635_scenario0_1335,B51,1335,10,7,
1644418048,1336,1337,job636_scenario0_1336,B54,1336,13,7,
1644418048,1341,1342,job637_scenario2_1341,os4,1341,2,7,
1644418048,1344,1345,job638_scenario4_1344,os4,1344,4,7,
1644418048,1348,1349,job639_scenario0_1348,B51,1348,11,7,
1644418048,1350,1351,job640_scenario0_1350,B33,1350,13,8,
1644418048,1354,1355,job641_scenario3_1354,os4,1354,5,7,
1644418048,1355,1356,job642_scenario4_1355,in27,1355,6,6,
1644418049,1357,1358,job643_scenario0_1357,B54,1357,14,5,
1644418049,1358,1359,job644_scenario2_1358,B14,1358,3,4,
1644418049,1361,1362,job645_scenario0_1361,B51,1361,15,5,
1644418049,1362,1363,job646_scenario4_1362,in4,1362,3,6,
1644418049,1363,1364,job647_scenario4_1363,B11,1363,2,5,
1644418049,1367,1368,job648_scenario1_1367,in4,1367,14,7,
1644418049,1368,1369,job649_scenario1_1368,B14,1368,3,6,
1644418049,1369,1370,job650_scenario0_1369,B33,1369,12,5,
1644418049,1378,1379,job651_scenario3_1378,B14,1378,2,7,
1644418049,1379,1380,job652_scenario1_1379,B54,1379,7,6,
1644418050,1384,1385,job653_scenario2_1384,B33,1384,3,8,
1644418050,1388,1389,job654_scenario2_1388,B33,1388,1,9,
1644418050,1390,1391,job655_scenario1_1390,B54,1390,3,9,
1644418050,1392,1393,job656_scenario0_1392,B33,1392,12,8,
1644418050,1393,1394,job657_scenario0_1393,os4,1393,14,7,
1644418050,1394,1395,job658_scenario2_1394,B14,1394,4,7,
1644418050,1402,1403,job659_scenario2_1402,B54,1402,5,7,
1644418050,1407,1408,job660_scenario3_1407,B14,1407,4,7,
1644418050,1409,1410,job661_scenario2_1409,B54,1409,4,8,
1644418051,1416,1417,job662_scenario2_1416,os4,1416,2,9,
1644418051,1422,1423,job663_scenario1_1422,B14,1422,6,9,
1644418051,1425,1426,job664_scenario0_1425,B33,1425,11,8,
1644418051,1427,1428,job665_scenario1_1427,B54,1427,3,7,
1644418051,1428,1429,job666_scenario1_1428,os4,1428,8,6,
1644418051,1429,1430,job667_scenario2_1429,B14,1429,8,6,
1644418052,1439,1440,job668_scenario0_1439,B33,1439,15,9,
1644418052,1444,1445,job669_scenario0_1444,B54,1444,16,8,
1644418052,1445,1446,job670_scenario3_1445,in4,1445,2,7,
1644418052,1446,1447,job671_scenario4_1446,os4,1446,2,6,
1644418052,1447,1448,job672_scenario0_1447,B51,1447,14,5,
1644418052,1452,1453,job673_scenario2_1452,B11,1452,8,6,
1644418052,1459,1460,job674_scenario3_1459,in4,1459,3,6,
1644418053,1461,1462,job675_scenario2_1461,B14,1461,6,7,
1644418053,1463,1464,job676_scenario1_1463,B54,1463,4,8,
1644418053,1464,1465,job677_scenario0_1464,B51,1464,14,7,
1644418053,1465,1466,job678_scenario1_1465,in27,1465,12,6,
1644418053,1471,1472,job679_scenario2_1471,B14,1471,4,7,
1644418053,1472,1473,job680_scenario0_1472,B54,1472,11,6,
1644418053,1474,1475,job681_scenario2_1474,os4,1474,1,5,
1644418053,1479,1480,job682_scenario1_1479,B14,1479,6,8,
1644418053,1485,1486,job683_scenario2_1485,B54,1485,3,8,
1644418054,1492,1493,job684_scenario0_1492,B54,1492,9,9,
1644418054,1496,1497,job685_scenario0_1496,B33,1496,15,8,
1644418054,1500,1501,job686_scenario1_1500,B14,1500,7,7,
1644418054,1505,1506,job687_scenario4_1505,in27,1505,7,7,
1644418054,1508,1509,job688_scenario3_1508,B51,1508,1,7,
1644418054,1509,1510,job689_scenario3_1509,os4,1509,6,6,
1644418054,1511,1512,job690_scenario2_1511,B14,1511,5,6,
1644418055,1513,1514,job691_scenario0_1513,B54,1513,12,7,
1644418055,1514,1515,job692_scenario1_1514,B11,1514,12,6,
1644418055,1516,1517,job693_scenario1_1516,B51,1516,15,6,
1644418055,1517,1518,job694_scenario3_1517,in4,1517,3,6,
1644418055,1519,1520,job695_scenario4_1519,os4,1519,4,5,
1644418055,1521,1522,job696_scenario2_1521,B14,1521,7,5,
1644418055,1522,1523,job697_scenario4_1522,in27,1522,6,4,
1644418055,1523,1524,job698_scenario3_1523,B33,1523,5,3,
1644418055,1530,1531,job699_scenario0_1530,B54,1530,12,8,
1644418056,1541,1542,job700_scenario1_1541,B51,1541,11,8,
1644418056,1545,1546,job701_scenario1_1545,B54,1545,7,8,
1644418056,1548,1549,job702_scenario4_1548,B11,1548,2,7,
1644418056,1549,1550,job703_scenario4_1549,B14,1549,4,6,
1644418056,1550,1551,job704_scenario0_1550,B33,1550,11,5,
1644418056,1556,1557,job705_scenario4_1556,os4,1556,4,8,
1644418056,1557,1558,job706_scenario0_1557,B51,1557,12,7,
1644418057,1564,1565,job707_scenario1_1564,B14,1564,12,8,
1644418057,1565,1566,job708_scenario1_1565,B11,1565,6,7,
1644418057,1566,1567,job709_scenario0_1566,B54,1566,12,6,
1644418057,1567,1568,job710_scenario1_1567,os4,1567,11,5,
1644418057,1570,1571,job711_scenario3_1570,B33,1570,4,5,
1644418057,1572,1573,job712_scenario0_1572,B51,1572,11,5,
1644418057,1574,1575,job713_scenario1_1574,B11,1574,9,4,
1644418057,1576,1577,job714_scenario1_1576,in27,1576,11,4,
1644418057,1581,1582,job715_scenario0_1581,B54,1581,12,6,
1644418057,1585,1586,job716_scenario0_1585,B51,1585,12,7,
1644418058,1589,1590,job717_scenario0_1589,B33,1589,14,7,
1644418058,1593,1594,job718_scenario1_1593,B11,1593,9,6,
1644418058,1595,1596,job719_scenario2_1595,B54,1595,3,6,
1644418058,1596,1597,job720_scenario2_1596,os4,1596,2,5,
1644418058,1597,1598,job721_scenario4_1597,B14,1597,6,4,
1644418058,1598,1599,job722_scenario1_1598,in4,1598,16,4,
1644418058,1599,1600,job723_scenario1_1599,B54,1599,2,5,
1644418058,1606,1607,job724_scenario0_1606,B33,1606,13,8,
1644418058,1608,1609,job725_scenario2_1608,B54,1608,3,7,
1644418058,1609,1610,job726_scenario1_1609,B51,1609,12,6,
1644418059,1610,1611,job727_scenario0_1610,B14,1610,17,5,
1644418059,1622,1623,job728_scenario1_1622,B54,1622,4,8,
1644418059,1625,1626,job729_scenario3_1625,B11,1625,6,7,
1644418059,1629,1630,job730_scenario1_1629,B33,1629,12,8,
1644418059,1630,1631,job731_scenario1_1630,B54,1630,4,7,
1644418059,1632,1633,job732_scenario4_1632,B51,1632,4,7,
1644418059,1634,1635,job733_scenario1_1634,B11,1634,6,6,
1644418060,1642,1643,job734_scenario0_1642,B33,1642,13,9,
1644418060,1656,1657,job735_scenario1_1656,B14,1656,7,9,
1644418060,1658,1659,job736_scenario1_1658,B54,1658,5,8,
1644418060,1660,1661,job737_scenario1_1660,B11,1660,9,7,
1644418061,1662,1663,job738_scenario1_1662,os4,1662,9,6,
1644418061,1666,1667,job739_scenario0_1666,B54,1666,13,7,
1644418061,1667,1668,job740_scenario1_1667,B14,1667,3,6,
1644418061,1669,1670,job741_scenario1_1669,B51,1669,9,5,
1644418061,1678,1679,job742_scenario1_1678,in27,1678,12,7,
1644418061,1684,1685,job743_scenario2_1684,os4,1684,3,8,
1644418061,1685,1686,job744_scenario1_1685,B11,1685,8,7,
1644418062,1691,1692,job745_scenario0_1691,B33,1691,11,8,
1644418062,1692,1693,job746_scenario1_1692,B54,1692,7,7,
1644418062,1696,1697,job747_scenario1_1696,B51,1696,10,7,
1644418062,1702,1703,job748_scenario2_1702,os4,1702,2,7,
1644418062,1704,1705,job749_scenario1_1704,B54,1704,7,7,
1644418062,1706,1707,job750_scenario4_1706,B14,1706,6,7,
1644418062,1708,1709,job751_scenario4_1708,B11,1708,3,7,
1644418062,1713,1714,job752_scenario2_1713,B33,1713,2,9,
1644418063,1717,1718,job753_scenario2_1717,B14,1717,4,9,
1644418063,1720,1721,job754_scenario0_1720,B33,1720,14,8,
1644418063,1723,1724,job755_scenario3_1723,B14,1723,5,8,
1644418063,1726,1727,job756_scenario3_1726,B54,1726,5,7,
1644418063,1730,1731,job757_scenario1_1730,in27,1730,11,7,
1644418063,1732,1733,job758_scenario1_1732,B54,1732,7,7,
1644418063,1734,1735,job759_scenario3_1734,B11,1734,3,6,
1644418063,1741,1742,job760_scenario1_1741,B54,1741,6,8,
1644418063,1743,1744,job761_scenario1_1743,os4,1743,7,8,
1644418064,1746,1747,job762_scenario4_1746,B11,1746,4,7,
1644418064,1749,1750,job763_scenario3_1749,in4,1749,1,7,
1644418064,1751,1752,job764_scenario2_1751,B14,1751,3,9,
1644418064,1756,1757,job765_scenario4_1756,B11,1756,3,9,
1644418064,1758,1759,job766_scenario3_1758,B33,1758,3,8,
1644418064,1768,1769,job767_scenario3_1768,B11,1768,2,9,
1644418065,1772,1773,job768_scenario1_1772,B54,1772,6,9,
1644418065,1783,1784,job769_scenario1_1783,B11,1783,8,9,
1644418065,1784,1785,job770_scenario3_1784,B33,1784,3,8,
1644418065,1790,1791,job771_scenario1_1790,B54,1790,4,8,
1644418065,1791,1792,job772_scenario2_1791,B14,1791,4,7,
1644418065,1797,1798,job773_scenario0_1797,B54,1797,11,9,
1644418065,1799,1800,job774_scenario3_1799,in27,1799,6,8,
1644418066,1801,1802,job775_scenario3_1801,os4,1801,4,7,
1644418066,1811,1812,job776_scenario1_1811,B54,1811,3,9,
1644418066,1813,1814,job777_scenario0_1813,B51,1813,13,8,
1644418066,1815,1816,job778_scenario4_1815,in4,1815,2,8,
1644418066,1817,1818,job779_scenario1_1817,B54,1817,3,7,
1644418066,1818,1819,job780_scenario1_1818,B33,1818,7,7,
1644418066,1819,1820,job781_scenario0_1819,B14,1819,17,6,
1644418066,1823,1824,job782_scenario3_1823,in27,1823,5,6,
1644418067,1826,1827,job783_scenario3_1826,os4,1826,3,6,
1644418067,1829,1830,job784_scenario0_1829,B54,1829,12,7,
1644418067,1830,1831,job785_scenario1_1830,B11,1830,6,7,
1644418067,1831,1832,job786_scenario0_1831,B51,1831,12,6,
1644418067,1833,1834,job787_scenario2_1833,B33,1833,3,5,
1644418067,1835,1836,job788_scenario1_1835,os4,1835,7,4,
1644418067,1838,1839,job789_scenario0_1838,B33,1838,15,6,
1644418067,1840,1841,job790_scenario1_1840,B14,1840,7,5,
1644418067,1846,1847,job791_scenario4_1846,cn12,1846,6,7,
1644418068,1848,1849,job792_scenario2_1848,B14,1848,4,7,
1644418068,1849,1850,job793_scenario3_1849,B11,1849,4,6,
1644418068,1850,1851,job794_scenario1_1850,B54,1850,4,5,
1644418068,1851,1852,job795_scenario3_1851,in4,1851,3,4,
1644418068,1858,1859,job796_scenario0_1858,B51,1858,12,9,
1644418068,1865,1866,job797_scenario1_1865,B54,1865,3,8,
1644418069,1875,1876,job798_scenario1_1875,B14,1875,5,9,
1644418069,1877,1878,job799_scenario1_1877,os4,1877,8,8,
1644418069,1884,1885,job800_scenario0_1884,B51,1884,10,8,
1644418069,1886,1887,job801_scenario1_1886,B14,1886,9,8,
1644418069,1890,1891,job802_scenario0_1890,B33,1890,14,7,
1644418069,1892,1893,job803_scenario0_1892,B54,1892,14,6,
1644418069,1893,1894,job804_scenario1_1893,B11,1893,5,5,
1644418070,1895,1896,job805_scenario3_1895,in4,1895,3,5,
1644418070,1896,1897,job806_scenario2_1896,B14,1896,3,5,
1644418070,1900,1901,job807_scenario2_1900,B11,1900,8,7,
1644418070,1904,1905,job808_scenario1_1904,B51,1904,10,6,
1644418070,1906,1907,job809_scenario0_1906,in4,1906,18,6,
1644418070,1907,1908,job810_scenario3_1907,in27,1907,6,6,
1644418070,1909,1910,job811_scenario1_1909,B14,1909,7,6,
1644418070,1912,1913,job812_scenario1_1912,B54,1912,4,5,
1644418071,1919,1920,job813_scenario1_1919,B11,1919,8,8,
1644418071,1921,1922,job814_scenario1_1921,B54,1921,3,7,
1644418071,1927,1928,job815_scenario1_1927,os4,1927,6,8,
1644418071,1935,1936,job816_scenario0_1935,B51,1935,13,9,
1644418071,1939,1940,job817_scenario3_1939,os4,1939,3,8,
1644418071,1940,1941,job818_scenario0_1940,B54,1940,13,7,
1644418072,1942,1943,job819_scenario3_1942,B33,1942,5,6,
1644418072,1943,1944,job820_scenario0_1943,os4,1943,14,6,
1644418072,1949,1950,job821_scenario3_1949,in4,1949,2,7,
1644418072,1962,1963,job822_scenario1_1962,B54,1962,4,9,
1644418072,1971,1972,job823_scenario1_1971,B54,1971,6,9,
1644418072,1972,1973,job824_scenario2_1972,os4,1972,3,8,
1644418073,1977,1978,job825_scenario4_1977,B14,1977,3,8,
1644418073,1979,1980,job826_scenario1_1979,B54,1979,7,8,
1644418073,1980,1981,job827_scenario1_1980,B11,1980,5,7,
1644418073,1993,1994,job828_scenario3_1993,cn12,1993,9,9,
1644418073,1997,1998,job829_scenario2_1997,B33,1997,2,8,
1644418074,2004,2005,job830_scenario3_2004,os4,2004,3,9,
1644418074,2005,2006,job831_scenario1_2005,in4,2005,8,8,
1644418074,2008,2009,job832_scenario4_2008,B11,2008,3,8,
1644418074,2012,2013,job833_scenario1_2012,B54,2012,1,8,
1644418074,2015,2016,job834_scenario0_2015,B51,2015,11,9,
1644418074,2017,2018,job835_scenario0_2017,B33,2017,14,8,
1644418074,2022,2023,job836_scenario0_2022,B54,2022,14,7,
1644418074,2024,2025,job837_scenario0_2024,os4,2024,14,6,
1644418074,2027,2028,job838_scenario1_2027,B14,2027,8,6,
1644418075,2030,2031,job839_scenario1_2030,B11,2030,11,5,
1644418075,2033,2034,job840_scenario1_2033,in27,2033,11,5,
1644418075,2036,2037,job841_scenario0_2036,B51,2036,11,5,
1644418075,2046,2047,job842_scenario1_2046,B14,2046,8,8,
1644418075,2048,2049,job843_scenario0_2048,B33,2048,13,8,
1644418075,2049,2050,job844_scenario0_2049,B54,2049,12,7,
1644418075,2053,2054,job845_scenario4_2053,os4,2053,6,6,
1644418076,2057,2058,job846_scenario0_2057,B51,2057,7,6,
1644418076,2058,2059,job847_scenario2_2058,B14,2058,3,5,
1644418076,2060,2061,job848_scenario1_2060,os4,2060,9,5,
1644418076,2067,2068,job849_scenario2_2067,B54,2067,5,8,
1644418076,2072,2073,job850_scenario0_2072,B33,2072,11,8,
1644418076,2073,2074,job851_scenario1_2073,B14,2073,6,8,
1644418076,2077,2078,job852_scenario4_2077,in4,2077,4,7,
1644418076,2078,2079,job853_scenario0_2078,os4,2078,15,6,
1644418077,2081,2082,job854_scenario0_2081,B51,2081,10,6,
1644418077,2082,2083,job855_scenario1_2082,B54,2082,2,6,
1644418077,2084,2085,job856_scenario1_2084,B14,2084,8,6,
1644418077,2093,2094,job857_scenario3_2093,B51,2093,1,8,
1644418077,2094,2095,job858_scenario0_2094,B54,2094,10,8,
1644418077,2095,2096,job859_scenario1_2095,in27,2095,11,8,
1644418077,2105,2106,job860_scenario0_2105,B54,2105,12,8,
1644418078,2109,2110,job861_scenario3_2109,in4,2109,4,8,
1644418078,2117,2118,job862_scenario1_2117,B14,2117,5,8,
1644418078,2120,2121,job863_scenario1_2120,B54,2120,5,8,
1644418078,2126,2127,job864_scenario0_2126,B51,2126,8,9,
1644418079,2130,2131,job865_scenario3_2130,B14,2130,2,8,
1644418079,2133,2134,job866_scenario1_2133,B33,2133,11,8,
1644418079,2136,2137,job867_scenario0_2136,B54,2136,9,8,
1644418080,2140,2141,job868_scenario0_2140,B51,2140,12,7,
1644418080,2141,2142,job869_scenario3_2141,in27,2141,5,6,
1644418080,2145,2146,job870_scenario4_2145,in4,2145,2,6,
1644418080,2149,2150,job871_scenario2_2149,os4,2149,1,8,
1644418080,2151,2152,job872_scenario1_2151,os4,2151,7,8,
1644418080,2154,2155,job873_scenario1_2154,B14,2154,5,8,
1644418080,2157,2158,job874_scenario2_2157,B33,2157,1,7,
1644418081,2166,2167,job875_scenario3_2166,B51,2166,1,9,
1644418081,2171,2172,job876_scenario0_2171,B51,2171,14,9,
1644418082,2175,2176,job877_scenario1_2175,B54,2175,5,8,
1644418082,2176,2177,job878_scenario2_2176,os4,2176,4,7,
1644418082,2180,2181,job879_scenario3_2180,B14,2180,5,6,
1644418082,2181,2182,job880_scenario3_2181,in4,2181,1,7,
1644418082,2193,2194,job881_scenario1_2193,in4,2193,11,9,
1644418082,2194,2195,job882_scenario0_2194,B51,2194,11,8,
1644418082,2195,2196,job883_scenario1_2195,B33,2195,6,7,
1644418083,2198,2199,job884_scenario2_2198,os4,2198,1,6,
1644418083,2206,2207,job885_scenario4_2206,B54,2206,5,9,
1644418083,2208,2209,job886_scenario2_2208,B14,2208,3,8,
1644418084,2212,2213,job887_scenario2_2212,os4,2212,2,9,
1644418084,2228,2229,job888_scenario2_2228,B54,2228,2,9,
1644418084,2229,2230,job889_scenario2_2229,B33,2229,2,8,
1644418084,2231,2232,job890_scenario4_2231,in4,2231,2,8,
1644418085,2233,2234,job891_scenario4_2233,B11,2233,4,8,
1644418085,2234,2235,job892_scenario0_2234,os4,2234,17,8,
1644418085,2242,2243,job893_scenario2_2242,B33,2242,4,8,
1644418085,2243,2244,job894_scenario0_2243,in4,2243,20,7,
1644418085,2257,2258,job895_scenario4_2257,in27,2257,6,8,
1644418086,2266,2267,job896_scenario0_2266,B54,2266,12,9,
1644418087,2278,2279,job897_scenario0_2278,B33,2278,14,8,
1644418087,2279,2280,job898_scenario4_2279,B51,2279,4,8,
1644418087,2280,2281,job899_scenario2_2280,B14,2280,3,7,
1644418087,2281,2282,job900_scenario3_2281,B11,2281,2,6,
1644418087,2288,2289,job901_scenario4_2288,B11,2288,6,8,
1644418087,2290,2291,job902_scenario4_2290,os4,2290,1,7,
1644418087,2293,2294,job903_scenario2_2293,B14,2293,1,8,
1644418087,2297,2298,job904_scenario3_2297,in27,2297,6,9,
1644418087,2298,2299,job905_scenario0_2298,B51,2298,11,8,
1644418088,2307,2308,job906_scenario1_2307,B54,2307,3,8,
1644418088,2326,2327,job907_scenario1_2326,B11,2326,9,9,
1644418089,2349,2350,job908_scenario2_2349,B14,2349,5,9,
1644418089,2352,2353,job909_scenario4_2352,B11,2352,3,8,
1644418089,2356,2357,job910_scenario3_2356,os4,2356,2,9,
1644418089,2369,2370,job911_scenario2_2369,B14,2369,4,9,
1644418090,2375,2376,job912_scenario0_2375,B51,2375,12,9,
1644418090,2377,2378,job913_scenario2_2377,os4,2377,1,8,
1644418090,2379,2380,job914_scenario1_2379,B54,2379,5,8,
1644418090,2385,2386,job915_scenario3_2385,in27,2385,7,8,
1644418090,2388,2389,job916_scenario1_2388,B54,2388,2,8,
1644418090,2390,2391,job917_scenario2_2390,os4,2390,1,7,
1644418091,2401,2402,job918_scenario3_2401,B14,2401,4,9,
1644418091,2402,2403,job919_scenario0_2402,B54,2402,14,8,
1644418091,2403,2404,job920_scenario0_2403,B33,2403,15,7,
1644418091,2404,2405,job921_scenario1_2404,in4,2404,10,6,
1644418091,2410,2411,job922_scenario4_2410,B11,2410,2,6,
1644418091,2415,2416,job923_scenario4_2415,B51,2415,5,7,
1644418091,2416,2417,job924_scenario3_2416,B11,2416,3,6,
1644418091,2423,2424,job925_scenario4_2423,B54,2423,3,9,
1644418091,2426,2427,job926_scenario0_2426,B33,2426,13,8,
1644418092,2432,2433,job927_scenario1_2432,B54,2432,5,8,
1644418092,2439,2440,job928_scenario3_2439,B51,2439,1,8,
1644418092,2441,2442,job929_scenario0_2441,B54,2441,14,9,
1644418092,2442,2443,job930_scenario2_2442,os4,2442,6,8,
1644418092,2444,2445,job931_scenario1_2444,B14,2444,9,7,
1644418093,2455,2456,job932_scenario0_2455,in4,2455,19,8,
1644418093,2477,2478,job933_scenario1_2477,B11,2477,8,9,
1644418094,2483,2484,job934_scenario0_2483,B51,2483,10,8,
1644418094,2488,2489,job935_scenario2_2488,B33,2488,2,8,
1644418094,2502,2503,job936_scenario1_2502,B54,2502,5,9,
1644418095,2523,2524,job937_scenario3_2523,in27,2523,3,9,
1644418095,2530,2531,job938_scenario1_2530,in27,2530,12,9,
1644418096,2542,2543,job939_scenario0_2542,B51,2542,11,8,
1644418096,2547,2548,job940_scenario2_2547,os4,2547,2,8,
1644418096,2549,2550,job941_scenario2_2549,B33,2549,2,7,
1644418096,2562,2563,job942_scenario1_2562,B54,2562,4,9,
1644418097,2575,2576,job943_scenario2_2575,B54,2575,4,9,
1644418097,2576,2577,job944_scenario3_2576,B51,2576,1,8,
1644418097,2579,2580,job945_scenario1_2579,B14,2579,8,8,
1644418097,2584,2585,job946_scenario4_2584,B51,2584,3,8,
1644418097,2586,2587,job947_scenario0_2586,B54,2586,14,7,
1644418097,2593,2594,job948_scenario2_2593,B14,2593,4,8,
1644418097,2594,2595,job949_scenario0_2594,B33,2594,12,7,
1644418097,2598,2599,job950_scenario1_2598,in27,2598,14,7,
1644418098,2604,2605,job951_scenario1_2604,os4,2604,7,7,
1644418098,2613,2614,job952_scenario2_2613,B14,2613,3,9,
1644418098,2622,2623,job953_scenario1_2622,B14,2622,9,9,
1644418098,2625,2626,job954_scenario1_2625,in27,2625,6,8,
1644418098,2629,2630,job955_scenario4_2629,B11,2629,7,7,
1644418099,2630,2631,job956_scenario0_2630,B54,2630,10,6,
1644418099,2631,2632,job957_scenario4_2631,B51,2631,4,5,
1644418099,2648,2649,job958_scenario2_2648,B33,2648,4,9,
1644418099,2651,2652,job959_scenario1_2651,B54,2651,5,8,
1644418099,2660,2661,job960_scenario0_2660,B51,2660,10,9,
1644418099,2664,2665,job961_scenario1_2664,B54,2664,6,8,
1644418100,2668,2669,job962_scenario1_2668,B14,2668,7,7,
1644418100,2672,2673,job963_scenario0_2672,B51,2672,12,8,
1644418100,2674,2675,job964_scenario0_2674,B33,2674,15,7,
1644418100,2675,2676,job965_scenario2_2675,B54,2675,5,6,
1644418100,2681,2682,job966_scenario1_2681,os4,2681,7,7,
1644418100,2685,2686,job967_scenario1_2685,B54,2685,5,7,
1644418100,2686,2687,job968_scenario0_2686,in4,2686,18,6,
1644418100,2692,2693,job969_scenario2_2692,B54,2692,5,8,
1644418101,2698,2699,job970_scenario0_2698,B51,2698,14,8,
1644418101,2706,2707,job971_scenario1_2706,B14,2706,9,8,
1644418101,2712,2713,job972_scenario0_2712,os4,2712,12,7,
1644418101,2714,2715,job973_scenario0_2714,B54,2714,11,7,
1644418101,2717,2718,job974_scenario0_2717,B33,2717,12,7,
1644418101,2718,2719,job975_scenario0_2718,B51,2718,12,6,
1644418101,2719,2720,job976_scenario1_2719,B14,2719,5,5,
1644418101,2720,2721,job977_scenario2_2720,in4,2720,9,4,
1644418101,2728,2729,job978_scenario1_2728,B14,2728,6,6,
1644418101,2729,2730,job979_scenario1_2729,B54,2729,3,5,
1644418102,2738,2739,job980_scenario1_2738,B54,2738,5,9,
1644418102,2743,2744,job981_scenario1_2743,B14,2743,8,8,
1644418102,2751,2752,job982_scenario2_2751,B33,2751,3,8,
1644418102,2757,2758,job983_scenario2_2757,B33,2757,3,9,
1644418103,2763,2764,job984_scenario4_2763,B51,2763,5,9,
1644418103,2764,2765,job985_scenario3_2764,in27,2764,3,8,
1644418103,2784,2785,job986_scenario0_2784,B54,2784,12,9,
1644418103,2787,2788,job987_scenario1_2787,os4,2787,7,8,
1644418103,2789,2790,job988_scenario0_2789,B14,2789,16,7,
1644418104,2790,2791,job989_scenario1_2790,B11,2790,4,6,
1644418104,2791,2792,job990_scenario0_2791,B51,2791,11,5,
1644418104,2802,2803,job991_scenario3_2802,B11,2802,3,7,
1644418104,2813,2814,job992_scenario1_2813,B14,2813,7,9,
1644418105,2825,2826,job993_scenario0_2825,B51,2825,12,9,
1644418105,2838,2839,job994_scenario0_2838,B51,2838,12,9,
1644418105,2844,2845,job995_scenario0_2844,B54,2844,11,8,
1644418105,2845,2846,job996_scenario3_2845,in4,2845,4,7,
1644418106,2851,2852,job997_scenario2_2851,B33,2851,3,8,
1644418106,2855,2856,job998_scenario0_2855,in4,2855,16,8,
1644418106,2863,2864,job999_scenario1_2863,B54,2863,5,8,
1644418106,2866,2867,job1000_scenario0_2866,B14,2866,17,7,
1644418106,2869,2870,job1001_scenario1_2869,B54,2869,3,7,
1644418107,2887,2888,job1002_scenario4_2887,B51,2887,3,9,
1644418107,2891,2892,job1003_scenario2_2891,B14,2891,3,9,
1644418107,2897,2898,job1004_scenario1_2897,B14,2897,6,9,
1644418107,2898,2899,job1005_scenario0_2898,B51,2898,10,8,
1644418108,2909,2910,job1006_scenario1_2909,B54,2909,4,9,
1644418108,2910,2911,job1007_scenario2_2910,os4,2910,2,8,
1644418108,2917,2918,job1008_scenario3_2917,B51,2917,2,9,
1644418109,2943,2944,job1009_scenario2_2943,B54,2943,6,9,
1644418110,2968,2969,job1010_scenario0_2968,B51,2968,11,9,
1644418110,2975,2976,job1011_scenario1_2975,B54,2975,5,8,
1644418111,2980,2981,job1012_scenario0_2980,B14,2980,14,8,
1644418111,2989,2990,job1013_scenario2_2989,B54,2989,4,8,
1644418112,3004,3005,job1014_scenario4_3004,B54,3004,4,9,
1644418112,3006,3007,job1015_scenario3_3006,os4,3006,3,8,
1644418112,3009,3010,job1016_scenario0_3009,B54,3009,13,8,
1644418112,3013,3014,job1017_scenario0_3013,B11,3013,20,8,
1644418112,3018,3019,job1018_scenario3_3018,in4,3018,2,7,
1644418112,3021,3022,job1019_scenario3_3021,in27,3021,5,7,
1644418113,3022,3023,job1020_scenario3_3022,in4,3022,2,6,
1644418113,3026,3027,job1021_scenario0_3026,B33,3026,12,7,
1644418113,3033,3034,job1022_scenario3_3033,in27,3033,9,7,
1644418113,3036,3037,job1023_scenario4_3036,B54,3036,8,7,
1644418114,3042,3043,job1024_scenario1_3042,os4,3042,9,7,
1644418114,3047,3048,job1025_scenario4_3047,B11,3047,3,8,
1644418114,3055,3056,job1026_scenario0_3055,B33,3055,11,9,
1644418114,3057,3058,job1027_scenario4_3057,in27,3057,4,8,
1644418115,3070,3071,job1028_scenario0_3070,B33,3070,15,9,
1644418115,3071,3072,job1029_scenario0_3071,B51,3071,9,8,
1644418115,3074,3075,job1030_scenario0_3074,B14,3074,16,7,
1644418115,3080,3081,job1031_scenario4_3080,B11,3080,3,6,
1644418115,3084,3085,job1032_scenario4_3084,B54,3084,3,7,
1644418116,3086,3087,job1033_scenario0_3086,os4,3086,17,7,
1644418116,3088,3089,job1034_scenario2_3088,B33,3088,1,7,
1644418116,3093,3094,job1035_scenario4_3093,B14,3093,6,8,
1644418116,3095,3096,job1036_scenario2_3095,B33,3095,2,7,
1644418117,3118,3119,job1037_scenario4_3118,B54,3118,5,9,
1644418117,3125,3126,job1038_scenario2_3125,B33,3125,1,9,
1644418118,3137,3138,job1039_scenario2_3137,B51,3137,11,9,
1644418118,3149,3150,job1040_scenario1_3149,B14,3149,7,9,
1644418118,3154,3155,job1041_scenario0_3154,B51,3154,7,8,
1644418119,3159,3160,job1042_scenario1_3159,B14,3159,9,8,
1644418119,3164,3165,job1043_scenario0_3164,B51,3164,14,8,
1644418119,3166,3167,job1044_scenario2_3166,os4,3166,1,7,
1644418119,3168,3169,job1045_scenario0_3168,B54,3168,12,7,
1644418119,3174,3175,job1046_scenario1_3174,B14,3174,9,7,
1644418120,3175,3176,job1047_scenario2_3175,B33,3175,3,6,
1644418120,3182,3183,job1048_scenario0_3182,B54,3182,12,8,
1644418121,3201,3202,job1049_scenario2_3201,os4,3201,2,9,
1644418121,3204,3205,job1050_scenario4_3204,B14,3204,3,9,
1644418122,3223,3224,job1051_scenario3_3223,in4,3223,2,9,
1644418122,3226,3227,job1052_scenario4_3226,in27,3226,7,9,
1644418122,3228,3229,job1053_scenario2_3228,B14,3228,7,8,
1644418122,3229,3230,job1054_scenario4_3229,B11,3229,5,7,
1644418123,3237,3238,job1055_scenario3_3237,in27,3237,5,9,
1644418124,3243,3244,job1056_scenario4_3243,B51,3243,5,9,
1644418125,3252,3253,job1057_scenario2_3252,B54,3252,4,9,
1644418126,3258,3259,job1058_scenario0_3258,B51,3258,11,9,
1644418127,3266,3267,job1059_scenario0_3266,B54,3266,12,8,
1644418128,3278,3279,job1060_scenario4_3278,B11,3278,4,8,
1644418130,3294,3295,job1061_scenario1_3294,B54,3294,6,9,
1644418130,3297,3298,job1062_scenario0_3297,B33,3297,13,8,
1644418131,3303,3304,job1063_scenario2_3303,B14,3303,3,8,
1644418131,3308,3309,job1064_scenario3_3308,in27,3308,5,8,
1644418132,3316,3317,job1065_scenario4_3316,in4,3316,3,9,
1644418133,3320,3321,job1066_scenario0_3320,B51,3320,11,9,
1644418133,3325,3326,job1067_scenario1_3325,B54,3325,5,8,
1644418133,3326,3327,job1068_scenario2_3326,B33,3326,4,7,
1644418137,3363,3364,job1069_scenario3_3363,B14,3363,1,9,
1644418137,3368,3369,job1070_scenario1_3368,B11,3368,8,9,
1644418138,3372,3373,job1071_scenario1_3372,B54,3372,4,8,
1644418139,3388,3389,job1072_scenario0_3388,B54,3388,13,9,
1644418140,3396,3397,job1073_scenario1_3396,in27,3396,10,8,
1644418141,3415,3416,job1074_scenario1_3415,B14,3415,1,9,
1644418142,3418,3419,job1075_scenario1_3418,B54,3418,1,9,
1644418142,3424,3425,job1076_scenario0_3424,B14,3424,15,9,
1644418144,3435,3436,job1077_scenario2_3435,B33,3435,3,8,
1644418145,3444,3445,job1078_scenario4_3444,B11,3444,4,9,
1644418145,3447,3448,job1079_scenario4_3447,os4,3447,4,8,
1644418145,3449,3450,job1080_scenario0_3449,B33,3449,12,8,
1644418145,3452,3453,job1081_scenario2_3452,B54,3452,4,8,
1644418147,3469,3470,job1082_scenario1_3469,B54,3469,8,9,
1644418147,3470,3471,job1083_scenario0_3470,B51,3470,9,8,
1644418147,3471,3472,job1084_scenario0_3471,os4,3471,13,7,
1644418147,3474,3475,job1085_scenario1_3474,B14,3474,5,6,
1644418148,3480,3481,job1086_scenario2_3480,B14,3480,4,8,
1644418148,3482,3483,job1087_scenario4_3482,B54,3482,5,7,
1644418149,3488,3489,job1088_scenario2_3488,os4,3488,5,9,
1644418150,3503,3504,job1089_scenario4_3503,B54,3503,5,9,
1644418150,3504,3505,job1090_scenario0_3504,B33,3504,13,8,
1644418150,3508,3509,job1091_scenario0_3508,B51,3508,11,7,
1644418150,3513,3514,job1092_scenario1_3513,in27,3513,13,7,
1644418150,3514,3515,job1093_scenario2_3514,B54,3514,4,6,
1644418150,3517,3518,job1094_scenario4_3517,os4,3517,4,5,
1644418150,3518,3519,job1095_scenario1_3518,B14,3518,6,5,
1644418152,3552,3553,job1096_scenario4_3552,os4,3552,2,9,
1644418152,3558,3559,job1097_scenario3_3558,B54,3558,7,9,
1644418152,3562,3563,job1098_scenario1_3562,B14,3562,6,8,
1644418152,3565,3566,job1099_scenario0_3565,B33,3565,14,7,
1644418152,3566,3567,job1100_scenario3_3566,B51,3566,2,7,
1644418153,3576,3577,job1101_scenario2_3576,B14,3576,4,8,
1644418153,3580,3581,job1102_scenario2_3580,B33,3580,2,8,
1644418153,3597,3598,job1103_scenario4_3597,in4,3597,3,9,
