,job1085_scenario1_3474,job1086_scenario2_3480,job1087_scenario4_3482,
in27,0.012830799579593322,0.0,0.17826476694984728,
B14,0.19650652449253114,0.29827388735158666,0.26670735967207904,
B11,0.4884838429328739,0.4884838429328739,0.6471272708346534,
