,job614_scenario0_1285,job617_scenario0_1289,job618_scenario0_1291,job619_scenario2_1294,job621_scenario2_1299,
in27,0.0,0.01443640517786382,0.0,0.14214175096441006,0.10038778135367155,
B14,0.5672013079181036,0.5390633390643538,0.5776976465643939,0.7475150521883249,0.7475150521883249,
B11,0.3246554811608905,0.3404060221571503,0.31728685580355875,0.4234376569162913,0.43729597620529836,
