,job1006_scenario0_2553,job1010_scenario0_2566,
in27,0.03156652767950774,0.0,
B14,0.26041079076083495,0.29904509826087505,
B11,0.22177648326079502,0.22884426308132721,
