,job337_scenario2_644,job338_scenario0_645,job342_scenario1_652,job347_scenario1_662,job348_scenario1_664,job349_scenario2_666,job350_scenario1_667,job353_scenario0_670,job354_scenario0_675,
in27,0.48169330346439926,0.42535078757385847,0.48169330346439926,0.4688625038848061,0.6155607431551456,0.43524699888492435,0.5271181504329139,0.3427777929845456,0.3488533834830666,
B14,0.4688625038848061,0.3906073530938051,0.5453599079755977,0.5271181504329139,0.6471272708346534,0.8057706987364328,0.5888716242865455,0.4955516227534062,0.45691731525336615,
B11,0.15864342790177943,0.09688995404814793,0.14669823927033954,0.1151317115908318,0.21689907444988732,0.1250279229018978,0.20039739751251795,0.0,0.13552426154818797,
