RecordTimeStamp,SystemTick,AssignmentTick,JobId,WorkerId,JobArrivalTime,JobTime,FreeWorkersCount
1644420137,0,1,job0_scenario3_0,B14,0,4,2,
1644420138,7,8,job2_scenario2_7,B14,7,5,2,
1644420138,8,9,job3_scenario1_8,in27,8,10,1,
1644420138,19,20,job8_scenario1_19,B14,19,8,2,
1644420138,20,21,job9_scenario4_20,B11,20,3,1,
1644420139,21,22,job10_scenario1_21,in27,21,12,0,
1644420139,29,30,job12_scenario4_29,B11,29,5,1,
1644420140,35,36,job15_scenario4_35,B11,35,6,2,
1644420140,36,37,job16_scenario1_36,B14,36,9,1,
1644420141,47,48,job20_scenario2_47,B14,47,5,2,
1644420141,48,49,job21_scenario1_48,in27,48,15,1,
1644420141,51,52,job4_scenario0_11,B11,11,28,0,
1644420141,52,53,job25_scenario2_52,B14,52,4,0,
1644420141,53,54,job26_scenario2_53,B14,53,5,0,
1644420143,64,65,job31_scenario2_64,B14,64,6,1,
1644420143,71,72,job34_scenario1_70,in27,70,11,1,
1644420144,77,78,job38_scenario1_77,B14,77,9,0,
1644420144,83,84,job41_scenario3_83,B11,83,4,1,
1644420145,87,88,job44_scenario2_87,B14,87,2,1,
1644420146,98,99,job48_scenario1_98,in27,98,12,2,
1644420147,99,100,job29_scenario0_59,B11,59,23,1,
1644420147,103,104,job52_scenario2_102,B14,102,3,0,
1644420148,110,111,job37_scenario1_74,in27,74,11,1,
1644420149,113,114,job59_scenario2_113,B14,113,4,1,
1644420150,122,123,job65_scenario3_122,B11,122,4,2,
1644420151,124,125,job67_scenario2_124,B14,124,7,2,
1644420151,125,126,job66_scenario4_123,B11,123,3,1,
1644420153,142,143,job77_scenario1_142,B14,142,12,2,
1644420154,143,144,job75_scenario1_140,in27,140,12,1,
1644420155,152,153,job58_scenario0_112,B11,112,26,0,
1644420155,154,155,job71_scenario1_129,B14,129,8,0,
1644420156,158,159,job81_scenario1_157,in27,157,14,1,
1644420156,158,159,job82_scenario1_158,B14,158,7,0,
1644420157,166,167,job85_scenario2_166,B14,166,1,0,
1644420158,167,168,job84_scenario1_165,B14,165,5,0,
1644420158,172,173,job87_scenario2_172,B14,172,5,0,
1644420159,175,176,job88_scenario1_175,in27,175,9,1,
1644420160,181,182,job76_scenario2_141,B14,141,5,1,
1644420161,187,188,job93_scenario1_185,in27,185,15,2,
1644420161,188,189,job79_scenario0_148,B11,148,23,1,
1644420164,208,209,job107_scenario2_208,B14,208,3,1,
1644420164,212,213,job106_scenario3_207,B11,207,6,2,
1644420165,214,215,job108_scenario1_209,B14,209,7,1,
1644420166,222,223,job105_scenario1_204,B11,204,9,2,
1644420166,223,224,job98_scenario1_192,B14,192,8,1,
1644420167,231,232,job104_scenario1_203,B14,203,9,1,
1644420168,233,234,job118_scenario2_227,B14,227,6,2,
1644420168,237,238,job123_scenario1_236,in27,236,11,1,
1644420169,240,241,job121_scenario2_233,B14,233,5,1,
1644420169,240,241,job113_scenario1_219,B11,219,10,0,
1644420170,244,245,job125_scenario2_240,B14,240,3,0,
1644420170,248,249,job110_scenario2_213,B14,213,4,0,
1644420171,252,253,job124_scenario2_239,B14,239,8,2,
1644420171,252,253,job133_scenario3_251,B11,251,2,1,
1644420172,256,257,job136_scenario1_255,in27,255,11,2,
1644420172,256,257,job111_scenario0_216,B11,216,23,1,
1644420173,262,263,job119_scenario1_228,B14,228,7,0,
1644420175,276,277,job150_scenario2_276,B14,276,3,1,
1644420176,283,284,job155_scenario1_282,in27,282,10,2,
1644420176,283,284,job128_scenario0_243,B11,243,19,1,
1644420176,286,287,job158_scenario2_286,B14,286,5,0,
1644420177,291,292,job159_scenario1_288,B14,288,6,0,
1644420178,295,296,job138_scenario2_257,B14,257,5,1,
1644420179,299,300,job140_scenario2_260,B14,260,3,1,
1644420180,306,307,job156_scenario1_284,B14,284,7,2,
1644420180,307,308,job164_scenario4_296,B11,296,6,1,
1644420181,314,315,job148_scenario1_274,in27,274,13,2,
1644420181,314,315,job166_scenario3_299,B11,299,4,1,
1644420182,318,319,job152_scenario0_278,B11,278,24,1,
1644420182,319,320,job170_scenario1_306,B11,306,14,1,
1644420182,320,321,job160_scenario2_290,B14,290,4,0,
1644420183,324,325,job171_scenario2_308,B14,308,6,0,
1644420184,327,328,job182_scenario2_323,B14,323,3,0,
1644420185,333,334,job169_scenario4_302,B11,302,6,2,
1644420185,334,335,job163_scenario1_294,B11,294,11,2,
1644420186,340,341,job167_scenario0_300,B11,300,27,2,
1644420186,343,344,job188_scenario1_335,B14,335,6,2,
1644420187,345,346,job173_scenario1_311,in27,311,11,1,
1644420187,345,346,job174_scenario4_313,B11,313,4,0,
1644420188,354,355,job180_scenario3_320,B11,320,2,1,
1644420189,361,362,job199_scenario2_355,B14,355,2,2,
1644420190,364,365,job202_scenario1_360,B11,360,11,2,
1644420190,365,366,job196_scenario1_350,B14,350,8,1,
1644420191,369,370,job185_scenario1_329,in27,329,14,1,
1644420191,370,371,job206_scenario4_368,B11,368,9,0,
1644420192,374,375,job187_scenario2_334,B14,334,5,0,
1644420193,382,383,job194_scenario2_346,B14,346,4,1,
1644420193,382,383,job191_scenario0_342,B11,342,23,0,
1644420194,389,390,job197_scenario1_351,in27,351,10,1,
1644420195,394,395,job203_scenario1_363,B14,363,5,0,
1644420196,403,404,job221_scenario1_400,B14,400,6,1,
1644420197,405,406,job205_scenario0_365,B11,365,21,1,
1644420198,413,414,job208_scenario0_373,B11,373,23,2,
1644420200,426,427,job217_scenario2_387,B14,387,1,1,
1644420200,428,429,job228_scenario1_415,B14,415,8,2,
1644420201,436,437,job236_scenario1_430,B14,430,6,2,
1644420201,436,437,job239_scenario4_434,B11,434,3,1,
1644420202,438,439,job220_scenario0_398,B11,398,23,2,
1644420203,443,444,job224_scenario3_405,B11,405,2,2,
1644420203,447,448,job235_scenario1_425,B14,425,9,2,
1644420204,450,451,job231_scenario4_418,B11,418,1,1,
1644420204,451,452,job233_scenario4_421,B11,421,3,1,
1644420204,452,453,job249_scenario3_450,B11,450,3,1,
1644420205,457,458,job234_scenario1_423,B14,423,5,2,
1644420205,457,458,job251_scenario1_457,B11,457,7,1,
1644420206,462,463,job237_scenario1_432,in27,432,19,1,
1644420207,465,466,job248_scenario1_449,B14,449,4,1,
1644420207,469,470,job240_scenario2_436,B14,436,9,1,
1644420208,471,472,job241_scenario1_438,B14,438,8,1,
1644420208,473,474,job238_scenario0_433,B11,433,24,0,
1644420209,479,480,job253_scenario2_459,B14,459,4,0,
1644420209,480,481,job243_scenario2_440,B14,440,4,0,
1644420210,483,484,job246_scenario1_443,in27,443,11,0,
1644420211,494,495,job257_scenario1_466,in27,466,12,1,
1644420212,498,499,job270_scenario1_491,in27,491,14,2,
1644420213,502,503,job255_scenario0_462,B11,462,22,1,
1644420214,510,511,job274_scenario1_503,B14,503,10,1,
1644420215,514,515,job269_scenario1_490,in27,490,12,0,
1644420216,524,525,job265_scenario0_484,B11,484,24,1,
1644420217,532,533,job283_scenario1_522,B14,522,9,2,
1644420217,532,533,job278_scenario1_510,B11,510,11,1,
1644420219,541,542,job275_scenario2_504,B14,504,4,1,
1644420220,547,548,job280_scenario1_514,B14,514,8,2,
1644420221,553,554,job297_scenario1_553,B11,553,10,1,
1644420221,554,555,job290_scenario1_540,in27,540,14,0,
1644420222,561,562,job282_scenario1_521,B14,521,7,0,
1644420222,563,564,job284_scenario0_523,B11,523,23,0,
1644420223,564,565,job303_scenario3_563,B11,563,2,0,
1644420224,568,569,job286_scenario3_528,B11,528,2,0,
1644420224,570,571,job305_scenario1_566,B14,566,5,1,
1644420224,572,573,job292_scenario1_543,B11,543,13,1,
1644420225,576,577,job288_scenario1_536,in27,536,12,1,
1644420226,579,580,job293_scenario1_544,B14,544,10,0,
1644420226,587,588,job308_scenario3_570,B11,570,4,0,
1644420227,589,590,job294_scenario2_549,B14,549,4,1,
1644420228,593,594,job314_scenario1_582,B14,582,5,2,
1644420228,594,595,job298_scenario1_554,in27,554,12,2,
1644420228,596,597,job300_scenario3_557,B11,557,3,1,
1644420229,599,600,job301_scenario2_559,B14,559,4,0,
1644420229,601,602,job302_scenario0_561,B11,561,19,0,
1644420230,604,605,job306_scenario2_567,B14,567,5,0,
1644420232,622,623,job315_scenario3_583,B11,583,3,2,
1644420233,625,626,job323_scenario1_600,in27,600,12,1,
1644420233,630,631,job317_scenario1_590,B14,590,7,1,
1644420234,632,633,job318_scenario0_592,B11,592,19,0,
1644420236,647,648,job327_scenario2_607,B14,607,4,1,
1644420236,648,649,job328_scenario1_608,in27,608,13,0,
1644420237,651,652,job330_scenario3_611,B11,611,5,0,
1644420237,655,656,job331_scenario4_615,B11,615,4,1,
1644420238,658,659,job333_scenario3_619,B11,619,2,1,
1644420238,660,661,job334_scenario0_620,B11,620,26,1,
1644420239,664,665,job335_scenario2_624,B14,624,5,2,
1644420239,665,666,job336_scenario0_625,B11,625,23,1,
1644420240,668,669,job338_scenario1_628,in27,628,13,0,
1644420241,676,677,job342_scenario2_636,B14,636,5,0,
1644420242,688,689,job348_scenario1_648,in27,648,12,2,
1644420243,691,692,job350_scenario1_654,B11,654,12,1,
1644420245,704,705,job356_scenario3_665,B11,665,3,2,
1644420245,709,710,job380_scenario2_709,B14,709,7,2,
1644420246,712,713,job361_scenario3_675,B11,675,2,1,
1644420246,714,715,job360_scenario1_674,in27,674,12,0,
1644420247,716,717,job362_scenario0_676,B11,676,23,0,
1644420247,717,718,job363_scenario1_677,B14,677,5,0,
1644420249,727,728,job369_scenario2_688,B14,688,6,1,
1644420250,738,739,job375_scenario1_698,in27,698,13,1,
1644420251,743,744,job377_scenario0_703,B11,703,23,1,
1644420251,744,745,job378_scenario2_705,B14,705,4,0,
1644420253,756,757,job384_scenario1_716,in27,716,13,1,
1644420253,759,760,job386_scenario1_719,B14,719,8,0,
1644420256,774,775,job394_scenario0_734,B11,734,23,2,
1644420257,789,790,job397_scenario1_749,B14,749,9,1,
1644420258,790,791,job398_scenario0_750,in27,750,25,0,
1644420259,800,801,job412_scenario3_788,B11,788,1,1,
1644420260,804,805,job401_scenario0_764,B11,764,24,1,
1644420260,805,806,job402_scenario1_765,B14,765,7,0,
1644420261,813,814,job404_scenario2_773,B14,773,4,0,
1644420263,825,826,job410_scenario2_785,B14,785,2,1,
1644420264,829,830,job413_scenario3_789,B11,789,7,2,
1644420265,838,839,job416_scenario0_798,B11,798,22,2,
1644420265,841,842,job419_scenario2_801,B14,801,2,1,
1644420267,857,858,job427_scenario1_818,B14,818,7,1,
1644420268,864,865,job428_scenario1_824,B11,824,8,1,
1644420268,865,866,job429_scenario2_825,B14,825,3,1,
1644420269,870,871,job430_scenario2_830,B14,830,3,1,
1644420270,872,873,job432_scenario0_832,in27,832,24,0,
1644420271,877,878,job434_scenario3_838,B11,838,5,1,
1644420271,882,883,job435_scenario3_842,B11,842,3,1,
1644420272,885,886,job436_scenario1_845,B11,845,11,1,
1644420272,886,887,job437_scenario0_846,B11,846,26,1,
1644420273,890,891,job439_scenario2_850,B14,850,9,0,
1644420274,898,899,job447_scenario0_864,in27,864,24,1,
1644420274,901,902,job450_scenario3_870,B11,870,9,1,
1644420275,905,906,job448_scenario2_865,B14,865,4,0,
1644420276,912,913,job451_scenario3_872,B11,872,6,1,
1644420276,913,914,job452_scenario2_874,B14,874,5,1,
1644420277,920,921,job454_scenario2_880,B14,880,2,1,
1644420278,926,927,job455_scenario2_886,B14,886,5,2,
1644420278,927,928,job456_scenario0_887,in27,887,24,1,
1644420279,930,931,job458_scenario3_890,B11,890,7,0,
1644420279,931,932,job459_scenario2_891,B14,891,5,0,
1644420280,938,939,job462_scenario2_898,B14,898,5,1,
1644420281,941,942,job463_scenario0_901,B11,901,21,0,
1644420281,945,946,job465_scenario1_905,B14,905,6,0,
1644420283,955,956,job469_scenario2_915,B14,915,4,1,
1644420283,957,958,job472_scenario0_918,in27,918,26,0,
1644420284,961,962,job474_scenario2_921,B14,921,4,0,
1644420284,963,964,job476_scenario3_923,B11,923,4,0,
1644420285,966,967,job478_scenario2_926,B14,926,4,0,
1644420285,967,968,job479_scenario4_927,B11,927,6,0,
1644420286,970,971,job481_scenario0_930,B11,930,26,0,
1644420286,972,973,job482_scenario2_932,B14,932,6,0,
1644420287,974,975,job483_scenario1_934,B11,934,12,0,
1644420288,983,984,job486_scenario1_943,B14,943,7,0,
1644420289,992,993,job487_scenario0_952,B11,952,24,2,
1644420290,997,998,job489_scenario0_957,B11,957,24,2,
1644420290,998,999,job490_scenario2_958,B14,958,5,1,
1644420292,1008,1009,job493_scenario0_968,in27,968,25,1,
1644420292,1015,1016,job494_scenario2_975,B14,975,2,0,
1644420293,1018,1019,job495_scenario4_978,B11,978,8,1,
1644420293,1019,1020,job496_scenario2_979,B14,979,3,0,
1644420294,1026,1027,job499_scenario3_986,B11,986,4,1,
1644420295,1032,1033,job501_scenario2_992,B14,992,4,1,
1644420296,1036,1037,job502_scenario0_996,B11,996,24,1,
1644420296,1039,1040,job505_scenario2_999,B14,999,3,1,
1644420297,1043,1044,job508_scenario1_1003,B14,1003,9,1,
1644420299,1059,1060,job515_scenario1_1019,B14,1019,12,1,
1644420299,1060,1061,job516_scenario3_1020,B11,1020,2,1,
1644420300,1061,1062,job517_scenario0_1021,in27,1021,26,1,
1644420301,1068,1069,job519_scenario0_1028,B11,1028,22,0,
1644420303,1087,1088,job527_scenario2_1047,B14,1047,4,0,
1644420303,1090,1091,job528_scenario3_1050,B11,1050,4,1,
1644420304,1096,1097,job529_scenario3_1056,B11,1056,6,2,
1644420304,1097,1098,job530_scenario2_1057,B14,1057,4,1,
1644420305,1102,1103,job531_scenario1_1062,B14,1062,6,1,
1644420306,1110,1111,job532_scenario4_1070,B11,1070,2,2,
1644420307,1114,1115,job533_scenario3_1074,B11,1074,5,2,
1644420307,1115,1116,job534_scenario2_1075,B14,1075,6,1,
1644420308,1122,1123,job536_scenario2_1082,B14,1082,2,2,
1644420309,1123,1124,job537_scenario0_1083,B11,1083,24,1,
1644420309,1127,1128,job540_scenario2_1087,B14,1087,2,1,
1644420310,1132,1133,job542_scenario1_1092,B14,1092,8,1,
1644420310,1133,1134,job543_scenario0_1093,in27,1093,19,0,
1644420312,1145,1146,job556_scenario1_1118,B14,1118,8,0,
1644420313,1152,1153,job551_scenario3_1112,B11,1112,8,0,
1644420313,1153,1154,job552_scenario0_1113,in27,1113,31,0,
1644420314,1156,1157,job554_scenario1_1116,B14,1116,5,0,
1644420314,1161,1162,job557_scenario3_1121,B11,1121,5,0,
1644420316,1168,1169,job561_scenario1_1128,B11,1128,11,1,
1644420316,1169,1170,job562_scenario1_1129,B14,1129,6,0,
1644420318,1180,1181,job567_scenario1_1140,B11,1140,9,1,
1644420319,1186,1187,job568_scenario2_1146,B14,1146,3,1,
1644420319,1187,1188,job569_scenario0_1147,in27,1147,29,0,
1644420320,1189,1190,job571_scenario1_1149,B11,1149,8,0,
1644420320,1191,1192,job573_scenario3_1151,B11,1151,3,1,
1644420321,1198,1199,job577_scenario4_1158,B11,1158,7,1,
1644420322,1202,1203,job578_scenario2_1162,B14,1162,3,0,
1644420323,1208,1209,job583_scenario3_1168,B11,1168,4,1,
1644420324,1211,1212,job585_scenario2_1171,B14,1171,5,0,
1644420324,1214,1215,job587_scenario4_1174,B11,1174,6,0,
1644420325,1223,1224,job589_scenario1_1183,B14,1183,6,2,
1644420326,1225,1226,job591_scenario3_1185,B11,1185,6,1,
1644420326,1230,1231,job594_scenario1_1190,B14,1190,7,1,
1644420327,1233,1234,job595_scenario0_1193,B11,1193,23,1,
1644420328,1243,1244,job601_scenario0_1203,in27,1203,22,1,
1644420329,1246,1247,job603_scenario1_1206,B14,1206,6,0,
1644420331,1270,1271,job608_scenario1_1230,B14,1230,8,2,
1644420332,1273,1274,job609_scenario0_1233,B11,1233,24,1,
1644420333,1282,1283,job614_scenario1_1242,B14,1242,9,1,
1644420334,1288,1289,job616_scenario0_1248,in27,1248,29,0,
1644420335,1297,1298,job620_scenario0_1257,B11,1257,23,1,
1644420336,1302,1303,job621_scenario4_1262,B11,1262,8,1,
1644420336,1303,1304,job622_scenario1_1263,B14,1263,8,0,
1644420338,1315,1316,job624_scenario2_1275,B14,1275,6,1,
1644420338,1315,1316,job627_scenario3_1280,B11,1280,1,0,
1644420338,1316,1317,job625_scenario3_1276,B11,1276,4,0,
1644420339,1318,1319,job626_scenario0_1278,B11,1278,23,1,
1644420340,1322,1323,job628_scenario0_1282,in27,1282,24,2,
1644420341,1334,1335,job629_scenario1_1294,B14,1294,7,1,
1644420341,1335,1336,job630_scenario0_1295,B11,1295,21,0,
1644420342,1341,1342,job633_scenario2_1301,B14,1301,3,0,
1644420342,1342,1343,job634_scenario0_1302,B11,1302,24,1,
1644420343,1349,1350,job636_scenario2_1309,B14,1309,6,1,
1644420344,1356,1357,job640_scenario2_1316,B14,1316,3,1,
1644420345,1359,1360,job641_scenario2_1319,B14,1319,3,2,
1644420345,1361,1362,job642_scenario2_1321,B14,1321,5,2,
1644420346,1367,1368,job644_scenario3_1327,B11,1327,1,2,
1644420346,1369,1370,job645_scenario4_1329,B11,1329,5,2,
1644420347,1375,1376,job646_scenario4_1335,B11,1335,4,2,
1644420348,1379,1380,job647_scenario3_1339,B11,1339,4,2,
1644420349,1387,1388,job649_scenario2_1347,B14,1347,2,2,
1644420350,1389,1390,job650_scenario1_1349,B14,1349,5,2,
1644420350,1390,1391,job651_scenario2_1351,B14,1351,6,2,
1644420351,1395,1396,job652_scenario0_1355,in27,1355,29,2,
1644420351,1396,1397,job653_scenario1_1356,B11,1356,11,1,
1644420353,1408,1409,job658_scenario0_1368,B11,1368,23,1,
1644420355,1425,1426,job664_scenario1_1385,B14,1385,7,1,
1644420355,1427,1428,job666_scenario0_1387,in27,1387,26,0,
1644420356,1434,1435,job669_scenario0_1394,B11,1394,22,1,
1644420357,1439,1440,job672_scenario2_1399,B14,1399,5,0,
1644420358,1457,1458,job678_scenario2_1417,B14,1417,3,2,
1644420359,1461,1462,job679_scenario2_1421,B14,1421,4,2,
1644420360,1468,1469,job680_scenario0_1428,in27,1428,25,2,
1644420360,1469,1470,job681_scenario1_1429,B14,1429,8,1,
1644420361,1470,1471,job682_scenario4_1430,B11,1430,5,0,
1644420362,1477,1478,job685_scenario2_1437,B14,1437,5,1,
1644420362,1478,1479,job686_scenario3_1438,B11,1438,4,1,
1644420363,1480,1481,job687_scenario1_1440,B14,1440,8,0,
1644420364,1485,1486,job688_scenario1_1445,B14,1445,11,1,
1644420364,1485,1486,job691_scenario4_1451,B11,1451,5,0,
1644420365,1492,1493,job692_scenario2_1452,B14,1452,6,1,
1644420365,1492,1493,job695_scenario3_1463,B11,1463,3,0,
1644420366,1496,1497,job694_scenario1_1456,B11,1456,9,1,
1644420368,1511,1512,job702_scenario3_1488,B11,1488,5,2,
1644420368,1512,1513,job696_scenario1_1472,B14,1472,11,1,
1644420369,1517,1518,job698_scenario0_1477,B11,1477,23,1,
1644420370,1524,1525,job700_scenario0_1484,in27,1484,25,1,
1644420370,1525,1526,job712_scenario1_1521,B14,1521,7,0,
1644420372,1541,1542,job710_scenario1_1504,B14,1504,8,1,
1644420373,1550,1551,job711_scenario1_1513,B14,1513,7,2,
1644420373,1551,1552,job713_scenario4_1528,B11,1528,5,1,
1644420374,1556,1557,job718_scenario4_1542,B11,1542,5,1,
1644420375,1564,1565,job715_scenario1_1530,B14,1530,6,2,
1644420376,1566,1567,job719_scenario3_1544,B11,1544,5,1,
1644420377,1572,1573,job723_scenario1_1550,B14,1550,7,2,
1644420378,1575,1576,job730_scenario3_1573,B11,1573,3,1,
1644420379,1579,1580,job727_scenario1_1566,B14,1566,7,2,
1644420379,1580,1581,job717_scenario0_1540,in27,1540,25,2,
1644420381,1585,1586,job720_scenario0_1545,B11,1545,25,1,
1644420382,1596,1597,job738_scenario0_1594,B14,1594,15,0,
1644420383,1610,1611,job734_scenario3_1587,B11,1587,7,1,
1644420384,1611,1612,job729_scenario3_1571,B11,1571,2,1,
1644420385,1621,1622,job733_scenario0_1582,B14,1582,15,2,
1644420386,1627,1628,job742_scenario1_1602,B11,1602,11,1,
1644420387,1633,1634,job737_scenario0_1593,in27,1593,25,0,
1644420388,1643,1644,job744_scenario1_1608,B11,1608,7,1,
1644420389,1644,1645,job753_scenario1_1639,B14,1639,9,0,
1644420390,1654,1655,job752_scenario2_1636,B14,1636,4,1,
1644420391,1659,1660,job750_scenario4_1622,B11,1622,3,2,
1644420392,1662,1663,job761_scenario1_1655,B14,1655,7,1,
1644420393,1672,1673,job759_scenario0_1652,B14,1652,16,2,
1644420393,1676,1677,job758_scenario4_1649,B11,1649,6,1,
1644420394,1686,1687,job756_scenario0_1646,B11,1646,22,1,
1644420395,1697,1698,job762_scenario2_1657,B14,1657,5,1,
1644420396,1705,1706,job781_scenario0_1704,B14,1704,17,1,
1644420397,1708,1709,job772_scenario4_1677,B11,1677,7,1,
1644420398,1710,1711,job780_scenario0_1703,in27,1703,29,1,
1644420398,1713,1714,job770_scenario0_1673,B11,1673,23,0,
1644420400,1726,1727,job783_scenario0_1711,B14,1711,17,1,
1644420402,1743,1744,job782_scenario0_1708,in27,1708,30,1,
1644420403,1744,1745,job785_scenario2_1720,B14,1720,3,1,
1644420404,1759,1760,job791_scenario3_1739,B11,1739,4,1,
1644420405,1763,1764,job793_scenario1_1748,B14,1748,8,0,
1644420406,1770,1771,job786_scenario4_1730,B11,1730,5,0,
1644420407,1774,1775,job788_scenario0_1734,in27,1734,28,1,
1644420407,1777,1778,job789_scenario0_1737,B11,1737,21,1,
1644420408,1789,1790,job797_scenario1_1760,B14,1760,8,0,
1644420409,1799,1800,job808_scenario1_1799,B14,1799,7,1,
1644420412,1817,1818,job801_scenario0_1777,in27,1777,30,2,
1644420412,1819,1820,job810_scenario3_1809,B11,1809,4,1,
1644420413,1824,1825,job809_scenario3_1800,B11,1800,3,1,
1644420414,1827,1828,job815_scenario3_1826,B11,1826,5,1,
1644420414,1836,1837,job807_scenario1_1796,B11,1796,9,1,
1644420415,1844,1845,job820_scenario0_1837,B14,1837,18,0,
1644420416,1851,1852,job822_scenario4_1844,B11,1844,3,1,
1644420417,1854,1855,job811_scenario0_1814,in27,1814,26,0,
1644420417,1857,1858,job824_scenario1_1848,B11,1848,9,0,
1644420418,1868,1869,job816_scenario1_1828,B14,1828,11,1,
1644420419,1875,1876,job818_scenario3_1835,B11,1835,2,0,
1644420420,1879,1880,job835_scenario4_1879,B11,1879,8,0,
1644420421,1883,1884,job821_scenario2_1843,B14,1843,5,1,
1644420422,1890,1891,job829_scenario1_1867,B14,1867,7,2,
1644420422,1891,1892,job839_scenario1_1887,B11,1887,13,1,
1644420423,1901,1902,job827_scenario0_1861,in27,1861,28,1,
1644420424,1904,1905,job828_scenario0_1864,B11,1864,24,1,
1644420424,1905,1906,job846_scenario4_1901,B11,1901,4,1,
1644420425,1907,1908,job836_scenario0_1880,B14,1880,13,0,
1644420426,1920,1921,job844_scenario3_1895,B11,1895,5,0,
1644420427,1922,1923,job841_scenario1_1891,B14,1891,6,0,
1644420428,1926,1927,job847_scenario1_1904,B11,1904,10,0,
1644420428,1933,1934,job848_scenario0_1905,B14,1905,16,2,
1644420429,1943,1944,job853_scenario3_1922,B11,1922,4,1,
1644420430,1953,1954,job854_scenario0_1926,B14,1926,15,2,
1644420430,1955,1956,job861_scenario1_1946,B11,1946,11,1,
1644420431,1967,1968,job856_scenario4_1934,B11,1934,2,1,
1644420432,1972,1973,job864_scenario4_1959,B11,1959,6,2,
1644420433,1973,1974,job859_scenario1_1940,B14,1940,10,1,
1644420434,1980,1981,job867_scenario3_1966,B11,1966,4,1,
1644420434,1983,1984,job872_scenario1_1982,B14,1982,7,1,
1644420435,1985,1986,job873_scenario0_1983,B14,1983,19,2,
1644420436,1994,1995,job870_scenario2_1979,B14,1979,5,2,
1644420436,1996,1997,job862_scenario0_1956,B11,1956,26,1,
1644420437,2004,2005,job877_scenario1_1989,B14,1989,8,1,
1644420438,2015,2016,job874_scenario1_1984,B14,1984,6,1,
1644420439,2026,2027,job879_scenario1_1996,B14,1996,8,2,
1644420440,2027,2028,job876_scenario0_1987,B11,1987,22,1,
1644420440,2032,2033,job893_scenario0_2031,in27,2031,27,0,
1644420441,2036,2037,job886_scenario2_2012,B14,2012,4,0,
1644420442,2041,2042,job882_scenario2_2001,B14,2001,4,0,
1644420443,2046,2047,job890_scenario2_2023,B14,2023,5,0,
1644420443,2051,2052,job889_scenario0_2020,B14,2020,21,1,
1644420444,2051,2052,job885_scenario0_2011,B11,2011,22,0,
1644420445,2062,2063,job891_scenario0_2025,in27,2025,21,1,
1644420445,2062,2063,job900_scenario2_2060,B14,2060,5,0,
1644420447,2073,2074,job897_scenario1_2047,B11,2047,5,1,
1644420447,2076,2077,job896_scenario1_2044,B11,2044,11,1,
1644420448,2083,2084,job902_scenario0_2065,in27,2065,25,2,
1644420449,2084,2085,job908_scenario4_2079,B11,2079,2,2,
1644420450,2085,2086,job899_scenario2_2059,B14,2059,3,1,
1644420451,2088,2089,job903_scenario0_2067,in27,2067,28,1,
1644420451,2091,2092,job901_scenario1_2062,B14,2062,6,1,
1644420452,2098,2099,job898_scenario1_2058,B11,2058,7,1,
1644420453,2108,2109,job914_scenario2_2102,B14,2102,4,1,
1644420454,2112,2113,job909_scenario2_2084,B14,2084,3,2,
1644420455,2115,2116,job906_scenario1_2076,B11,2076,8,2,
1644420455,2123,2124,job915_scenario1_2103,B11,2103,10,2,
1644420456,2125,2126,job923_scenario2_2121,B14,2121,7,2,
1644420457,2125,2126,job910_scenario1_2085,B11,2085,10,1,
1644420458,2132,2133,job921_scenario0_2119,B14,2119,16,1,
1644420459,2136,2137,job916_scenario2_2104,B14,2104,6,2,
1644420459,2139,2140,job917_scenario1_2106,B11,2106,8,1,
1644420460,2152,2153,job919_scenario1_2116,B11,2116,12,2,
1644420461,2160,2161,job922_scenario1_2120,B14,2120,8,1,
1644420462,2164,2165,job924_scenario1_2124,B11,2124,12,1,
1644420463,2172,2173,job926_scenario4_2132,B11,2132,2,2,
1644420463,2173,2174,job927_scenario2_2133,B14,2133,8,1,
1644420464,2183,2184,job929_scenario3_2144,B11,2144,3,2,
1644420465,2198,2199,job930_scenario0_2158,in27,2158,25,2,
1644420466,2202,2203,job931_scenario0_2162,B14,2162,14,1,
1644420466,2206,2207,job932_scenario0_2166,B11,2166,23,0,
1644420467,2217,2218,job933_scenario1_2177,B14,2177,6,0,
1644420468,2232,2233,job936_scenario3_2192,B14,2192,6,2,
1644420469,2238,2239,job940_scenario1_2202,B14,2202,10,2,
1644420469,2239,2240,job939_scenario0_2199,in27,2199,22,2,
1644420470,2252,2253,job942_scenario3_2222,B14,2222,4,1,
1644420471,2255,2256,job941_scenario0_2217,B11,2217,22,0,
1644420472,2271,2272,job944_scenario2_2238,B14,2238,6,1,
1644420473,2278,2279,job946_scenario1_2258,B14,2258,7,2,
1644420473,2291,2292,job947_scenario2_2263,B14,2263,1,2,
1644420474,2297,2298,job948_scenario4_2268,B11,2268,3,2,
1644420475,2309,2310,job949_scenario1_2269,B14,2269,10,2,
1644420476,2311,2312,job950_scenario0_2292,in27,2292,25,1,
1644420476,2319,2320,job952_scenario0_2310,B11,2310,21,0,
1644420477,2330,2331,job953_scenario3_2323,B14,2323,1,0,
1644420478,2333,2334,job955_scenario3_2327,B14,2327,6,0,
1644420479,2341,2342,job954_scenario0_2326,B11,2326,22,2,
1644420480,2365,2366,job956_scenario0_2330,in27,2330,20,2,
1644420480,2367,2368,job960_scenario2_2346,B14,2346,5,1,
1644420481,2373,2374,job959_scenario3_2345,B14,2345,6,1,
1644420482,2374,2375,job958_scenario0_2344,B11,2344,20,0,
1644420482,2387,2388,job964_scenario1_2364,B14,2364,6,1,
1644420483,2396,2397,job963_scenario0_2361,in27,2361,26,2,
1644420484,2411,2412,job971_scenario0_2399,B14,2399,17,1,
1644420485,2414,2415,job965_scenario0_2380,B11,2380,22,0,
1644420486,2428,2429,job968_scenario1_2390,B14,2390,9,1,
1644420486,2446,2447,job973_scenario4_2409,B11,2409,5,2,
1644420488,2464,2465,job985_scenario3_2462,B14,2462,4,2,
1644420489,2470,2471,job983_scenario0_2457,B11,2457,26,2,
1644420490,2474,2475,job978_scenario1_2444,B14,2444,5,1,
1644420491,2483,2484,job982_scenario2_2456,B14,2456,2,1,
1644420492,2495,2496,job991_scenario1_2487,B14,2487,8,1,
1644420495,2520,2521,job995_scenario0_2500,B11,2500,23,2,
1644420496,2522,2523,job996_scenario2_2504,B14,2504,2,1,
1644420497,2527,2528,job997_scenario1_2515,B14,2515,7,1,
1644420498,2549,2550,job1002_scenario2_2534,B14,2534,3,2,
1644420499,2555,2556,job1001_scenario2_2521,B14,2521,2,2,
1644420500,2560,2561,job1000_scenario2_2520,B14,2520,2,2,
1644420501,2571,2572,job1003_scenario0_2536,B11,2536,26,2,
1644420502,2579,2580,job1006_scenario2_2569,B14,2569,3,1,
1644420503,2597,2598,job1005_scenario1_2568,B14,2568,8,1,
1644420504,2614,2615,job1013_scenario1_2604,B14,2604,10,2,
1644420505,2618,2619,job1010_scenario4_2595,B11,2595,3,1,
1644420506,2631,2632,job1014_scenario0_2608,B14,2608,19,2,
1644420506,2634,2635,job1018_scenario4_2633,B11,2633,3,1,
1644420507,2638,2639,job1012_scenario0_2599,in27,2599,23,1,
1644420508,2657,2658,job1019_scenario4_2637,B11,2637,4,1,
1644420509,2658,2659,job1016_scenario2_2625,B14,2625,4,0,
1644420509,2662,2663,job1017_scenario4_2630,B11,2630,1,1,
1644420511,2675,2676,job1021_scenario3_2648,B14,2648,3,2,
1644420511,2679,2680,job1020_scenario0_2646,in27,2646,24,2,
1644420512,2692,2693,job1025_scenario0_2679,B11,2679,23,1,
1644420513,2699,2700,job1024_scenario3_2678,B14,2678,4,0,
1644420514,2710,2711,job1027_scenario3_2682,B14,2682,4,1,
1644420515,2728,2729,job1030_scenario2_2697,B14,2697,4,2,
1644420515,2732,2733,job1029_scenario1_2692,B14,2692,7,2,
1644420517,2748,2749,job1034_scenario2_2739,B14,2739,7,2,
1644420518,2761,2762,job1032_scenario1_2725,B14,2725,10,2,
1644420518,2767,2768,job1035_scenario0_2751,in27,2751,25,1,
1644420519,2781,2782,job1036_scenario2_2759,B14,2759,2,1,
1644420520,2788,2789,job1037_scenario0_2760,B11,2760,20,1,
1644420521,2792,2793,job1044_scenario1_2782,B14,2782,6,0,
1644420522,2802,2803,job1039_scenario2_2766,B14,2766,4,1,
1644420523,2813,2814,job1047_scenario4_2789,B11,2789,8,2,
1644420524,2814,2815,job1043_scenario1_2780,B14,2780,7,1,
1644420525,2821,2822,job1048_scenario4_2801,B11,2801,6,1,
1644420526,2852,2853,job1050_scenario4_2834,B11,2834,5,2,
1644420526,2865,2866,job1049_scenario0_2828,B11,2828,24,2,
1644420527,2874,2875,job1054_scenario3_2854,B14,2854,3,1,
1644420529,2885,2886,job1052_scenario1_2847,B14,2847,6,1,
1644420529,2891,2892,job1053_scenario1_2851,B14,2851,8,2,
1644420530,2892,2893,job1055_scenario0_2856,B14,2856,18,2,
1644420531,2901,2902,job1057_scenario1_2864,B14,2864,8,2,
1644420532,2905,2906,job1058_scenario0_2865,B11,2865,27,1,
1644420533,2922,2923,job1062_scenario0_2882,B14,2882,19,1,
1644420534,2932,2933,job1066_scenario0_2892,B11,2892,21,1,
1644420535,2937,2938,job1068_scenario4_2908,B11,2908,6,1,
1644420537,2943,2944,job1071_scenario2_2930,B14,2930,4,1,
1644420537,2951,2952,job1069_scenario1_2912,B14,2912,8,2,
1644420538,2973,2974,job1073_scenario0_2933,B11,2933,21,2,
1644420539,2980,2981,job1076_scenario2_2950,B14,2950,7,1,
1644420541,2994,2995,job1080_scenario4_2973,B11,2973,7,2,
1644420542,2995,2996,job1078_scenario1_2971,B14,2971,6,2,
1644420542,2995,2996,job1077_scenario4_2960,B11,2960,2,1,
1644420544,3003,3004,job1082_scenario2_2980,B14,2980,5,2,
1644420545,3010,3011,job1084_scenario1_2995,B14,2995,7,2,
1644420547,3034,3035,job1094_scenario4_3034,B11,3034,2,2,
1644420548,3036,3037,job1088_scenario0_3012,B14,3012,17,1,
1644420550,3058,3059,job1092_scenario1_3026,B14,3026,6,2,
1644420551,3077,3078,job1098_scenario1_3048,B14,3048,3,2,
1644420552,3081,3082,job1100_scenario2_3078,B14,3078,5,2,
1644420553,3083,3084,job1101_scenario4_3083,B11,3083,4,1,
1644420554,3096,3097,job1103_scenario1_3089,B14,3089,11,2,
1644420555,3114,3115,job1107_scenario0_3114,B11,3114,24,2,
1644420556,3115,3116,job1104_scenario2_3092,B14,3092,3,1,
1644420557,3140,3141,job1111_scenario0_3140,B11,3140,21,2,
1644420558,3141,3142,job1105_scenario2_3112,B14,3112,2,1,
1644420559,3146,3147,job1109_scenario2_3131,B14,3131,4,1,
1644420562,3194,3195,job1112_scenario2_3164,B14,3164,4,2,
1644420563,3196,3197,job1117_scenario4_3196,B11,3196,7,1,
1644420564,3207,3208,job1115_scenario0_3176,B14,3176,19,2,
1644420565,3236,3237,job1118_scenario2_3225,B14,3225,11,2,
1644420566,3254,3255,job1121_scenario4_3254,B11,3254,6,2,
1644420567,3268,3269,job1119_scenario2_3232,B14,3232,5,2,
1644420572,3294,3295,job1122_scenario3_3258,B14,3258,5,2,
1644420574,3296,3297,job1133_scenario4_3296,B11,3296,1,1,
1644420576,3306,3307,job1127_scenario1_3281,B14,3281,8,2,
1644420577,3315,3316,job1137_scenario3_3313,B14,3313,4,2,
1644420578,3320,3321,job1129_scenario0_3285,B14,3285,15,2,
1644420579,3342,3343,job1136_scenario2_3312,B14,3312,8,2,
1644420580,3352,3353,job1139_scenario3_3334,B14,3334,6,2,
1644420581,3353,3354,job1141_scenario4_3353,B11,3353,2,1,
1644420584,3376,3377,job1142_scenario0_3363,B14,3363,15,2,
1644420585,3398,3399,job1145_scenario0_3375,B14,3375,23,2,
1644420587,3421,3422,job1151_scenario4_3421,B11,3421,5,1,
1644420589,3422,3423,job1146_scenario0_3389,B14,3389,16,1,
1644420590,3453,3454,job1152_scenario3_3441,B14,3441,3,2,
1644420591,3468,3469,job1157_scenario1_3466,B14,3466,11,2,
1644420592,3472,3473,job1158_scenario4_3472,B11,3472,4,1,
1644420593,3480,3481,job1159_scenario0_3473,B11,3473,22,2,
1644420594,3489,3490,job1156_scenario0_3462,B14,3462,18,1,
1644420596,3509,3510,job1160_scenario3_3482,B14,3482,4,2,
1644420597,3523,3524,job1165_scenario0_3510,B14,3510,16,2,
1644420601,3551,3552,job1167_scenario3_3527,B14,3527,6,2,
1644420602,3558,3559,job1166_scenario1_3522,B14,3522,5,2,
1644420603,3578,3579,job1170_scenario0_3552,B11,3552,20,2,
1644420604,3582,3583,job1174_scenario0_3567,B14,3567,16,1,
1644420605,3601,3602,job1173_scenario0_3564,B14,3564,17,2,
1644420607,3618,3619,job1177_scenario3_3579,B14,3579,3,2,
1644420608,3625,3626,job1178_scenario2_3586,B14,3586,1,2,
1644420609,3628,3629,job1180_scenario1_3592,B14,3592,7,2,
