,job317_scenario1_590,
in27,0.2519634294349188,
B14,0.43022819638476606,
B11,0.2937173990456572,
cn12,0.181762594255371,
B54,0.3284608335257104,
B51,0.34885338348306666,
os4,0.3284608335257104,
in4,0.2519634294349188,
B33,0.0,
sh10,0.5186707891069977,
in22,0.2519634294349188,
