,job314_scenario0_595,
in27,0.3192858889996606,
B14,0.46974811483295925,
B11,0.3786621644623651,
cn12,0.24001824080347867,
B54,0.4986712848641045,
B51,0.3951638413997345,
os4,0.0,
in4,0.4040445860880195,
B33,0.44497212662192615,
